2020,2025,2030,2035,2040,2045,2050,2055,2060
5384.772497647695,5470.647835291332,5585.566006757783,5714.720969669681,5839.254727397904,5957.622706056377,6077.009098627703,6200.082292251941,6325.386868160656
11701.763999117695,11913.42811053765,12204.614090255393,12543.975959473975,12891.483875474558,13244.418943882663,13618.890966179697,14021.692810785764,14451.345532518331
21124.306305789647,21070.364552460054,21150.64462015033,21290.834969757536,21399.08434099555,21478.511133680127,21573.988204900736,21702.653196456973,21860.82732061921
14906.389931405114,15138.249382439742,15429.849744614972,15738.090059548556,16009.684633973826,16243.709431716716,16464.351778169585,16681.227189280016,16892.191321323626
6259.423110418546,6521.621912422552,6778.0472262121375,7023.431132708339,7252.086274870279,7464.998793171677,7667.271636005962,7862.642337963819,8053.919231932487
10091.156037707788,10257.300479235906,10456.527311323967,10669.915785778334,10872.70887797314,11064.319349619025,11256.077900952501,11452.965000992606,11653.980259517626
33737.9042975122,34258.23651983423,34981.22367969521,35814.3771990187,36640.1208842739,37452.55241473458,38301.05543518017,39206.281253415786,40162.08932455029
404.2899368079263,473.931740337744,545.7021497316298,618.7333554543288,691.9340821482251,763.6625831746837,833.3055398464035,900.8275786351021,966.5372111963222
56114.3981102976,55334.05419225086,54882.97251579201,54599.33134254453,54287.10088184626,53947.36958849898,53668.1434457369,53482.14901106563,53378.691649764216
69232.79727996058,68454.23518075462,67947.06268878645,67574.18425486935,67168.43291586524,66728.6401411415,66331.07149752087,66009.65982645555,65755.89900199842
24082.292775686954,23938.589292751796,23960.126034138997,24073.742936757888,24191.548259694024,24311.016402359914,24468.71974660965,24678.280678703337,24934.79796953197
27481.968786018373,27317.525769074873,27276.826089298218,27293.341292218196,27285.666346630325,27253.563207713814,27233.953380501294,27241.809270627098,27273.81101074411
50635.79642973509,51328.90690503575,52178.19073467385,53094.19313199991,53960.729113261805,54774.125725470774,55587.01827242553,56423.40981689951,57280.47381674683
7218.663701324939,7520.691952131769,7841.261708586209,8165.51900931154,8474.110928560622,8765.750914806473,9049.41485975404,9329.644421059242,9606.801281093793
37592.96615808583,37512.33011498831,37602.946574669106,37752.64699004839,37821.73520358225,37816.41598755076,37808.63632711103,37828.785843294776,37874.31779806836
5131.33102217303,5284.126150303047,5448.165645149518,5615.351596963459,5774.731393116686,5924.243471972612,6067.393744975624,6206.765701204017,6343.421663461259
48819.02150290178,49019.758252972744,49438.97300109533,49978.9523430221,50517.53386705239,51046.05201477897,51611.244800594526,52231.046064805065,52897.57250081875
5688.202810578903,5837.293735335138,5998.217953557487,6162.163420789366,6317.192776400524,6462.112619819651,6601.442286570316,6737.549103216674,6870.663933707365
14475.708852811003,14955.205135429895,15528.418390176432,16146.012228633323,16745.853251578486,17321.757876384178,17897.09148980313,18482.02487234285,19074.699329687923
27803.52115261311,27451.59680835609,27292.390943512582,27245.427520265413,27214.437346588264,27195.89063387305,27228.06102253513,27324.182449486052,27477.33703772406
18417.81750168086,18826.265089049215,19352.92065392772,19944.065635994666,20522.744480688452,21070.92747644604,21632.275181663033,22228.590338938808,22857.90347099433
4163.793712893214,4220.180789077884,4298.3435328449295,4390.245103046307,4485.7321802316455,4583.497431454048,4686.952431105559,4797.5846630355745,4914.934857673495
196.77559238995514,254.95048041371632,302.216509655729,347.35947921665655,399.8212963735314,455.24424440622397,507.68281452364533,557.1471869994708,608.0119950452959
36216.24752954111,36058.90195780542,36109.92087035948,36276.50933552083,36446.42949561843,36615.600060811164,36830.10206105925,37107.27268239911,37440.65030801785
5633.345432102646,5884.616229019396,6177.557380979675,6500.827618043087,6839.131566475469,7188.366738122288,7551.670187894415,7930.29408002215,8323.387851920617
3655.677288797311,3749.473801207332,3858.1889330362364,3971.636894995304,4076.5258040777708,4171.935973004764,4263.4443073486655,4353.1666848088025,4440.150520572937
10259.867106731279,10209.901911864812,10225.541458149446,10283.870473298715,10357.909300258134,10443.895338499424,10549.182059593468,10675.434215620762,10819.283932896133
24896.078755338873,25009.995736674467,25221.773864117145,25486.65978775762,25748.169256903802,26003.69290088962,26276.830553689404,26577.34388937777,26902.641319752536
35273.04984051493,35156.4082599289,35229.81430020427,35396.65941277072,35538.2537570485,35654.49658160702,35799.13984935179,35992.690644421156,36229.0807822212
12690.092639387218,12580.137565719395,12535.914952533134,12529.137234235459,12526.084928564265,12524.427668165847,12536.689243765013,12567.725619663855,12615.936592940836
45118.72608851232,45042.69410478884,45263.582769772096,45657.199580157714,46068.67646288492,46496.033351869635,47007.888669679814,47630.6436059422,48355.970555774955
15192.471033659653,15029.928573306459,14947.475164585576,14910.242591073791,14876.435277339384,14844.371561409167,14830.619246957704,14841.021023901403,14872.58047866309
8594.20594319409,8999.604118862284,9423.741259898858,9843.963191117298,10230.509691428075,10582.613786128783,10915.14431476257,11236.316024523614,11547.654378191126
7616.90457375102,7723.03046448067,7871.895885459165,8045.748412497155,8221.993974368843,8398.942034646814,8585.482641499504,8785.191509193766,8996.851166510996
46510.71500765848,46255.31640301054,46216.3785755366,46299.81638906657,46393.69228811303,46494.852782147704,46649.64325472228,46874.59832695621,47161.957054056686
47450.002605202884,46685.72180293965,46155.467185978014,45768.22067209682,45414.988440169516,45087.65753452119,44824.23068843558,44637.09968067554,44516.867011043774
18472.705138404548,18590.794558114074,18793.26376444908,19035.460905017007,19261.5261349842,19469.32123208232,19685.001724611422,19919.029247432154,20166.727021340255
99527.50599068713,99348.67672644979,99677.45054733363,100268.25983353647,100825.24313258418,101320.71273417413,101853.84213469215,102456.3669820021,103102.15965598036
7757.177377559434,7736.564991485711,7765.938300416398,7826.129374526867,7894.697430511957,7969.254809530273,8057.391588866931,8162.741328012999,8285.775742553573
33329.48620489038,33629.78149485952,34060.69305885124,34536.65213851484,34949.19766275208,35295.59403149212,35624.29155024595,35956.24592287284,36289.04248871601
13621.051503601579,13698.896923407561,13841.44967503939,14021.612128881721,14205.223596427779,14390.643331551459,14592.09954431205,14815.526913292686,15059.693012597025
5605.947221150897,5839.615686139017,6091.659522303946,6354.102862004014,6615.917865300322,6875.671733426419,7137.871933818992,7405.12726541917,7677.809443890217
59788.69041620436,59933.92322082487,60245.57186910684,60577.294938060164,60746.39772032127,60758.071232758855,60706.05403086565,60633.69344535653,60541.13049599461
29531.279501074092,29438.212697155785,29545.460487154218,29757.802462497093,29957.726932475158,30145.908126708342,30376.3511571055,30669.576092264197,31019.93763640296
14357.406852307731,14495.647812330522,14699.274009704583,14943.528624759729,15197.132585546806,15458.172107748584,15739.316269775427,16045.87311747647,16376.380343404968
4682.783928096944,4832.2752234328045,4992.315543170469,5151.95008881238,5296.971181982365,5426.781139077748,5548.3388256424005,5665.766846553624,5780.326858762683
37396.177129425145,37811.350713026084,38383.30676085508,39046.95535242239,39719.53719176666,40394.68258062665,41104.47594914401,41861.99201766491,42662.317819193624
86287.61240618482,84859.8196521213,83786.66805677734,82908.30156827274,82032.15212571468,81152.42715495643,80347.44033024543,79646.07898210775,79035.43231242028
20413.26760164045,20783.041008375803,21211.737307213712,21668.6694644365,22114.85737638719,22547.069214422918,22980.248430709227,23420.53852143954,23866.041997982964
12022.286993608492,12259.413788817967,12561.850791620353,12903.850387032237,13252.836893371656,13605.541147911168,13973.836687869412,14362.565197341688,14770.00253025357
1195.1383306554465,1253.5602113872794,1315.7847563285768,1378.4847285489632,1437.262932494169,1490.341449131419,1537.73508489727,1578.7817882591637,1612.117217241336
59424.04156746991,60388.87477213101,61522.02282082019,62675.461961790934,63664.18985503631,64478.310086516474,65196.430408689834,65853.3235874985,66444.01252364952
25296.137123330107,25556.238653870692,25883.221187528983,26232.296015995576,26547.3536182145,26826.602883879306,27095.401763036694,27365.92461930214,27637.85656534905
28262.966328714625,28259.941546059894,28412.12866525577,28643.328666921887,28860.103262643846,29060.817859510324,29286.625036785015,29553.84391763814,29858.20079176667
49087.75738198582,49122.73045018439,49364.39467936107,49715.54816402459,50055.131524624485,50379.30274910276,50739.131099256585,51155.10853038891,51621.64473547689
3676.3074757067484,3736.4127879244847,3825.6118199633374,3933.0903030505947,4046.4651392119563,4162.255172798554,4281.82951092512,4404.972281361937,4530.194744545496
4826.93369076556,5104.762338723823,5382.699306422626,5650.219906004047,5893.7696087823715,6112.811428705068,6314.85100781488,6504.934911176509,6685.19461514701
4732.963664325125,4813.275409719333,4912.25118723211,5014.836161462653,5102.0850284051085,5173.070734351464,5236.101384819469,5294.881538349877,5349.000977057815
33741.60989060068,33924.73657713227,34285.19859673021,34735.292527471254,35169.75809895625,35582.40949263854,36013.37032880836,36476.07187624223,36962.80079629581
13817.10241235103,13847.272243106216,13926.156456820614,14030.86222766086,14132.24251614131,14228.619457766814,14331.763633634768,14446.457412842292,14571.097651634223
3697.3434849312553,3734.1904046194286,3789.7570063631624,3853.3687273374776,3911.2915524758637,3962.7227076798717,4013.409298284487,4065.6558968744107,4118.6276043235375
14958.999768095095,15383.527290962209,15878.834110568781,16408.35506736363,16924.60460971201,17424.071865039736,17926.814926130635,18442.62785088001,18971.2838038894
2009.5358441963804,2131.0219285712196,2268.134563551144,2415.3562647647827,2565.4203104178814,2715.4836458876357,2865.9742592754064,3016.784864968837,3167.058179346724
21053.7478161246,21810.15056733825,22695.777101113385,23671.835080127865,24684.80218545584,25733.2201227555,26843.34034431158,28027.816343915598,29286.06969800056
16050.459645747787,16155.485609502724,16371.628492750166,16654.131169761553,16948.2634271956,17249.93756052991,17579.245651208497,17943.26064172639,18338.31715894335
4044.614590728523,4265.38681694689,4504.937305692513,4753.804599614246,4998.885467060363,5238.584921217214,5478.650000730923,5722.474026146368,5970.567921209727
4065.249910834279,4147.406025394417,4250.735025259138,4364.385114122946,4473.990956972399,4578.861745816877,4685.269271929604,4795.7132988714475,4909.418608962307
11813.313135100481,11838.449426100578,11910.139968720947,12000.065843301605,12072.994608425579,12128.385003803101,12182.436797313,12242.68609926206,12308.928449604597
98973.99459621559,97065.23663110535,95665.34469693404,94547.16828445012,93441.26996608076,92337.7473454964,91342.13729463755,90490.6699478287,89762.88637371305
16032.408349378236,16085.483876344912,16257.616918800568,16489.340209679085,16708.197757445854,16912.09197227617,17131.01948003764,17375.272672776668,17640.118612285114
34829.07044308833,35554.86499925519,36447.47097986307,37421.26512385936,38365.29805323091,39276.911854905346,40207.89287275789,41182.25844296993,42196.83056614881
23354.07312345581,23517.088069634763,23829.305605516627,24226.73872354813,24628.183013582748,25031.24472564337,25471.154764608676,25961.80760930216,26498.99599414608
4435.716107919093,4538.939680736546,4662.180449582855,4795.042666006753,4924.040664048156,5048.872720502531,5175.915227976476,5308.3730760008,5447.509197196052
4711.040986208137,4769.093570547325,4838.519887940062,4911.071854053055,4976.166412484515,5033.661695755945,5088.873412300966,5144.566714930344,5201.050287592191
104359.36903539639,103546.2011920286,103110.75906150155,102865.34712827665,102592.58243780867,102288.59073899909,102043.94297838217,101889.09389133911,101807.77346669813
14861.123277382672,14935.672089318263,15070.65314092449,15231.959152475294,15376.197531509419,15502.901417907835,15632.079660477002,15772.628393021449,15923.588301364345
32577.20317056003,33147.234453323545,33844.70060276394,34601.86859064783,35333.48865221281,36031.86315743126,36729.157079381504,37439.75195505074,38161.82625135634
1226.666742469936,1493.8670759468928,1789.706210325405,2111.461241901732,2453.02918786601,2811.114001957491,3186.0018735543795,3577.8121183856533,3985.7310540979042
12665.672648095066,12702.949007102632,12794.42770812861,12912.76176682556,13024.0719573949,13127.520221998297,13238.018831182431,13361.81036108575,13497.727348479262
10322.143128863467,10334.616208271427,10400.937027174432,10495.039235809,10585.486611718072,10670.200970981692,10762.983343835152,10871.540537804342,10994.682174073638
11240.915534633667,11158.870004315717,11157.337814081886,11196.229401080669,11226.883150265652,11250.284518797955,11288.862388697868,11350.067169823698,11430.988402594787
5535.051781378606,5796.73128160041,6063.019707375214,6325.689648692543,6574.315908752757,6807.896346281951,7031.3813494182305,7247.63851732591,7457.608523036595
1340.9225767226824,1405.5388052073602,1470.9069535793076,1533.29180615654,1588.9406377263983,1636.5356758161383,1676.5130968044066,1709.3185456863434,1735.116607954906
9956.672668068075,10344.700339292844,10783.865746040445,11256.989545973021,11743.288729696453,12239.432918580393,12751.8100013433,13282.854268506491,13831.583324618061
-775.6368469883737,-637.5892051019905,-502.42932869699365,-367.3560694920567,-229.0169587316313,-89.82139000340675,46.280303735698666,177.16907485397957,302.1909480240657
38393.16040117105,38873.46164298295,39493.4564897722,40174.650808496175,40818.45719679124,41417.559665177156,42011.537787491085,42618.35966838457,43234.78568521293
9707.326677867046,10161.014802194597,10646.531751402785,11140.10169151124,11610.221773939498,12057.588750058743,12500.321877981009,12947.43635816999,13400.329848371315
26896.713354974854,27647.57020266709,28518.01396385363,29447.213408437743,30355.72869546054,31237.168173839793,32123.786688651744,33030.58179700977,33955.626283115176
40238.23475587026,40521.67472466875,41002.77463172441,41588.45800824904,42161.1950015078,42716.5419598584,43305.21584550161,43948.59919931019,44641.97016080749
5374.883838431475,5504.669854523166,5637.414803228104,5765.111678615265,5877.727182088504,5974.850524706754,6061.001534616414,6138.150184602632,6206.1116783090165
13993.689344322771,13968.982702477846,14022.397400255106,14115.35797367883,14200.558554369758,14277.265112479969,14366.571192086192,14477.19356881134,14607.663811244847
8073.617303218127,8224.423918044204,8419.012580123754,8638.444033491276,8860.128402672233,9080.84722193123,9307.754715302095,9543.922406100743,9788.575190844464
4492.850560932998,4687.485255119349,4924.978779574488,5188.9838320548715,5457.36339536348,5727.193689646111,6006.416236155367,6298.212525564527,6601.260559266975
3799.460642268925,3950.287696492868,4115.162075190467,4285.8118867250305,4451.023516235819,4607.76312012066,4759.189793972576,4908.076958621764,5055.050554502112
35088.42208931571,34993.47184096771,35111.53966735888,35339.85716739532,35559.59663562598,35773.43830453875,36033.99600161706,36360.483129010136,36746.277002104354
30797.86097601976,30912.400039417847,31177.33072386395,31527.901749808418,31885.885595507425,32243.875621323015,32629.06659194997,33051.37134671231,33505.06142443429
8104.521699076812,8160.234053810389,8253.455522321881,8367.814583693958,8482.411963029208,8596.18600054978,8718.580179450513,8853.675202220087,9001.07189072564
7121.634039000556,7226.5569494330775,7349.930559420635,7478.568519830347,7595.670739161748,7700.887046875169,7802.133390710537,7903.1416940257395,8003.8578498799425
31773.580813529286,32140.31085829922,32688.567909209545,33332.28638194308,33962.67161141018,34575.77850842196,35218.55560642531,35910.26272865797,36646.196384993535
12403.933006133877,12367.852614693635,12388.81455066072,12434.998831574349,12468.081320324947,12488.127005407314,12512.724070361377,12548.866702456842,12595.202861423442
74757.05585043713,73575.83015135376,72731.12885597188,72052.36197614363,71332.0285998062,70570.3697572202,69860.70519544995,69239.75763164094,68697.62721638994
7768.4576560339665,7887.107405140825,8029.130762350084,8180.837807107056,8324.1201048138,8458.821686382478,8593.579487279394,8732.193515542034,8874.08047394501
7791.359045456057,7789.219457372413,7840.397056760001,7927.068837910768,8027.9865755263045,8140.1462338334,8269.737705054551,8419.130978196146,8586.93915990327
10135.102516663854,10358.074838005099,10628.401922149447,10920.880016537758,11204.09474865512,11476.284316157384,11751.049169134863,12035.114697042272,12329.018525841211
33441.75042673781,33457.68583667317,33629.0824684434,33894.136820209555,34177.4690732141,34471.82649789606,34802.82690036945,35179.135482932325,35594.39725588914
6177.150392755655,6305.94416692355,6469.643145164173,6650.963895150057,6827.810785593554,6997.467941211718,7167.775466821042,7342.14960403913,7519.619585117832
55369.219981704024,55154.68847823519,55204.20424658486,55399.52258373122,55603.58554422497,55812.73919135066,56082.082664553396,56428.18317751293,56838.69940446336
38.63219932562475,53.045809519612625,69.66752393867104,88.6964149148272,110.03417020376868,132.5288374091557,155.511575550999,179.47150879262762,204.51475924807843
14908.220006444386,15449.472178930193,16060.174283642245,16704.21353561736,17333.9528926683,17946.37036991358,18562.85396569066,19194.15928105547,19840.634766653595
5556.146322723123,5545.808384443087,5595.685812249401,5687.959383449067,5802.440783848837,5934.107683488585,6085.489743022296,6256.015811711464,6442.718817811734
19553.81838681028,19349.388630924328,19281.21294210482,19278.497415343987,19255.886666425533,19215.621307479592,19198.94309909819,19221.513781859663,19279.828878493332
23696.01392024694,23235.09620399227,22935.171719376194,22734.11209501658,22560.065896977194,22407.690244661117,22301.19227553387,22247.317399077678,22238.833490242272
24321.026801115637,24550.14719288842,24898.96412679566,25302.79684404747,25680.271085993954,26029.63158777828,26387.003217513284,26766.373090890844,27163.506602903948
13966.196913413842,14327.451291094369,14766.774528870243,15244.274971735671,15705.67912096996,16150.496553954601,16605.05406350149,17080.58317987924,17575.324110720125
9751.217863284564,9782.719617074416,9868.707448718107,9983.37339464485,10094.328219112336,10199.886436227156,10313.140328690613,10439.253552214464,10576.64233942409
22256.1093269829,23071.749652059298,23963.890345198917,24877.16922823271,25738.63642516579,26542.471231155076,27319.159821665256,28083.329776299764,28834.089848234205
14702.596548056921,14807.753872971907,14963.294292078026,15143.378874848544,15315.097721020811,15476.412013487616,15640.127263585202,15811.325350348181,15988.007295924855
3202.9418416727144,3305.2055381850923,3417.968823539949,3533.6333606232074,3642.2298741236946,3743.5379002376076,3842.359671627006,3940.8829453410317,4039.090643102744
7491.8210900747235,7778.326792748261,8099.534769408513,8432.714269108536,8747.534208609122,9043.960493929613,9337.57926547571,9635.916637517741,9939.536901149653
9340.397014700107,9687.922761778678,10059.1662696036,10431.791775041751,10777.675973615113,11095.238741396643,11396.992693225928,11689.400945110512,11973.084563106959
8018.524366493777,8483.39450806627,8983.532181484865,9502.289083183214,10016.478416177499,10524.206655215981,11036.233386697086,11558.686696809362,12092.675974648859
22143.40129675673,22000.34078255107,21965.474432664483,21969.306741690634,21927.622372404723,21844.598149782167,21762.70727303945,21698.033853026696,21647.343505344845
27744.456840327624,27864.13178867033,28148.09697317,28510.849657605428,28846.252327664715,29151.785360926166,29473.382028436852,29828.482313997363,30211.471422561935
6691.468668957319,6804.831452176055,6958.873485691432,7135.663777751194,7312.996007358012,7491.123988890327,7680.450785009234,7884.5501950967555,8102.32218743141
15126.56233325611,15443.253192216429,15820.297095660484,16229.699348271392,16636.355950696594,17044.86491567046,17472.77248655999,17919.49836397937,18378.610094104282
14744.28676404786,14735.058927548747,14830.278641769237,14982.012856126137,15132.915006459269,15281.143408078216,15450.11752622728,15647.609524000309,15869.422342951502
9060.614117187415,9111.5526127284,9226.03824701604,9379.967329447534,9545.140216961296,9718.424170790473,9908.945690628594,10119.584450146354,10348.154560040506
9361.276450299529,9556.688395157158,9796.656600073611,10059.173052302916,10316.28891050755,10566.108329661314,10820.939291315804,11087.694756790428,11364.834354027935
19813.247571359105,20171.18705098247,20617.562517730214,21108.695116027884,21589.41407028948,22057.292987829776,22536.65772831399,23038.664472465665,23562.449932283416
26449.086464394313,25876.673189111527,25515.715116552146,25296.426127903414,25141.350139377424,25041.57582897868,25016.556507239566,25068.60213167821,25187.234124711806
4405.987682984795,4592.108448611082,4802.899027872068,5027.769869271634,5255.20083608818,5483.800154175886,5715.81938666166,5951.706358317073,6191.223369246068
11537.793514066696,11918.671640738597,12345.830593584178,12796.730231176629,13239.636993304608,13662.114209043477,14059.106345323211,14429.90049872626,14792.820700729073
20970.28522754462,21131.507462310507,21389.885102712175,21688.683848984594,21955.846635993435,22192.757564621043,22435.1354526486,22697.85053491465,22978.846990750124
30045.602599275695,29960.272637140173,30011.095503371627,30139.410452519023,30273.911648551868,30410.347049538195,30577.09570085211,30786.310881835005,31034.768708880176
28294.424081655496,28014.6423156056,27864.08460861209,27780.623823193568,27690.92349085827,27594.151683702672,27521.699238620808,27484.789976394575,27478.802899836784
17900.706924301925,18306.228379757973,18837.568892677195,19436.357575262256,20028.521083389718,20608.10850422641,21203.58513664217,21825.911888942297,22471.276559238806
25024.982920845694,25108.321787486373,25323.62810486412,25600.40510668166,25851.67267429739,26079.84815980056,26327.627267407373,26611.14139376831,26926.322767256086
4377.605382534983,4474.843922383431,4590.710592311387,4713.850260702541,4829.518666526144,4937.0297129568235,5042.903168645772,5150.125816371938,5258.457102563001
7101.195053120652,7352.137783443527,7628.89351484916,7914.364823321745,8185.672144507299,8441.590618991013,8692.910405116385,8945.458898290733,9200.121117124383
13985.410836857176,14011.449604252228,14107.180636137613,14241.61264880629,14377.31098486766,14511.540990405458,14658.890069789844,14826.06689072275,15011.506125951162
7416.458410616888,7527.3521881369925,7677.288885007418,7848.038793534207,8016.763140787259,8181.729821939985,8352.019701742582,8531.575412210359,8719.659338144944
24860.81025869085,24889.423314324566,25014.765808460314,25183.838059396177,25329.745278022303,25451.450251962695,25579.043338139058,25725.330834380515,25887.91788387102
24499.9812416545,23865.8145065553,23391.230069958307,23017.757617887986,22678.541158381067,22367.939530679527,22107.202179328287,21901.791145762003,21744.480984218455
8330.170167946942,8478.192910567637,8660.973829301212,8860.506544261116,9053.983110316012,9240.369966765884,9429.741081430791,9626.965886360782,9832.122306435233
63193.419271678395,61580.347896755084,60393.007109829785,59469.367824433306,58623.03061970705,57842.69945935533,57192.77113540201,56690.92007744567,56319.19296921561
28021.275136856508,27622.168316468284,27366.722584002655,27186.63372038339,27000.407885509147,26807.30125563703,26642.600738650734,26519.56480799626,26433.769860716642
31878.01270243582,32491.607605606307,33194.5265671418,33931.42309891023,34629.75421152311,35286.78809007173,35935.22845077125,36590.14928517227,37249.79352052278
6242.101910344778,6468.022467159153,6722.73782810648,6994.40831689523,7267.558369901522,7540.539358854483,7819.345915336072,8107.016618452287,8403.645008096082
21805.20750977971,21724.93697966769,21748.897111702572,21814.071783959833,21841.977832564902,21835.120347694065,21832.421609447316,21849.887226753523,21885.337224713625
1403.9856312081934,1527.471403412202,1666.7525593629005,1817.6922808109607,1975.3293919360924,2137.3350927481943,2303.5126053861463,2473.611214867389,2647.2425297282057
1592.322793474542,1670.0994468365395,1755.8043853891304,1845.5287550789717,1934.1106035128355,2020.4099382051088,2105.5252479604997,2189.3620372363066,2271.0779473007324
59153.65690768759,59355.77458702625,59768.16476874059,60275.74892477053,60736.071921002,61138.20671127898,61535.474627621785,61948.45009778579,62366.746321967024
1563.9363751268952,1632.8518908153058,1715.1384101425795,1804.902804641227,1896.3450171442184,1986.5933098004386,2074.7321179280325,2159.9399089566546,2241.709625573454
24775.034793374278,24829.409512944578,25039.693108070012,25326.28104544852,25590.03024319279,25830.792361049385,26093.7508042094,26396.345505322864,26734.18502952137
42716.67891068005,42420.69515009237,42362.562626254294,42435.206316595366,42509.95700974671,42581.878143972666,42700.859409092154,42884.401427856224,43128.19152143839
5783.71460825799,6140.2608061402325,6547.3416044413725,6993.565778770273,7463.6577175552675,7954.100625455016,8468.538078231475,9008.501370694106,9573.616307371203
65090.54119099789,64132.818993855326,63531.22963881962,63105.73546580396,62640.71173671201,62136.476602725015,61688.03703509911,61329.55947025593,61047.64871862148
64408.29049659867,63936.76542795083,63703.83395191939,63574.34630662522,63382.799483818686,63128.02634377713,62884.93490674384,62684.88143528304,62521.8324373737
23825.462689385044,23849.404279787395,23980.537206528006,24163.531715785986,24331.102133491695,24479.07830102944,24633.40105026552,24803.5640159788,24984.96666234968
14903.396573211554,14926.583009684344,15019.69464473321,15153.913396075954,15293.437373143095,15435.579914025406,15593.885017007708,15773.714186316554,15972.910418047235
15982.470594570883,16365.64651920068,16825.110763901946,17335.678632264062,17864.128619501214,18407.359836139054,18978.423523109286,19583.27862229989,20220.812958958806
11258.856578587905,11379.922773809973,11555.307454365115,11763.979994045938,11981.212831236297,12203.902068904292,12439.804250678118,12691.53375841016,12957.196650802667
10250.619272327434,10087.336843378052,10015.963150596364,10003.494040883517,10012.645558435566,10038.617677634431,10091.780138941089,10174.94202501253,10285.155677809438
1066.2997278174546,1165.8278660128713,1271.084646193721,1378.641070435954,1483.6441939752078,1584.8404234635489,1683.2479818628226,1779.2188947550267,1872.564795440255
1689.7259556640245,1910.4644548180054,2164.1192652879863,2445.2536240927325,2745.614003385245,3060.263909602096,3388.1845884017876,3728.695954873131,4080.9817954248174
5508.422748271989,5640.2003654661075,5779.722020676471,5917.086139080026,6039.690331236348,6147.559997181812,6247.490771065627,6343.589289411991,6437.236414974152
14165.231509231098,14996.64691372101,15918.82215875255,16896.138310032406,17881.329854836957,18866.725152027535,19868.31005391676,20894.259149242946,21944.76560162188
9846.251165183774,10220.817440392222,10666.308422016757,11159.638934817398,11670.207609513203,12192.67074582322,12736.475299271151,13305.930333152724,13900.080343059299
16655.434254393866,16825.756240209525,17111.543311057958,17481.28166356531,17895.923305872366,18350.361024545273,18856.461851420525,19418.103404672987,20031.968399709207
3874.2123980387482,4002.812026512191,4151.411723990975,4308.809540667449,4460.773192057957,4606.4112924512265,4751.719851172901,4899.954129931075,5051.923130592873
1296.2969149768269,1373.2473720459116,1460.2520405982182,1553.3481709049513,1647.3204595293214,1740.6626852415595,1834.4528886769324,1929.230198242463,2024.765249651827
66641.83337278897,64885.29347948927,63540.98786097287,62438.19787968435,61378.58579867886,60353.75822017264,59437.59863300293,58652.82609401729,57981.85757133519
3317.8507093562935,3423.5050610981693,3542.2923986956753,3666.023865950408,3784.3719893557613,3895.6936231592267,4003.230071420201,4107.962706422188,4208.851200115706
99265.83634290945,98051.95037149597,97383.36024652672,97001.73147246515,96601.88268517562,96160.25864419235,95781.96458125494,95498.04608794421,95278.90162555478
17666.584833865894,17984.595351434145,18378.101026282417,18808.618513775767,19226.118745928885,19628.999512426642,20039.816018372323,20468.471831246727,20913.41604698119
5995.981949601047,6222.817614210526,6487.594167154078,6774.040340557736,7060.774521639704,7345.596377712717,7636.852405138017,7938.567246869225,8250.705219736603
25607.53630228819,25881.865165624706,26263.09396589596,26701.116878137487,27130.08728291773,27549.1888669926,27989.375577399005,28464.319180874652,28972.112047208397
6037.509348054896,6110.8026417910605,6198.18675721153,6289.702039597289,6374.006718855893,6451.3439025298085,6527.120177791253,6603.191452280067,6678.966932754789
19068.6227935685,19072.759335372666,19189.24880116182,19369.362637967944,19553.294307109943,19738.222885476585,19948.336843127643,20192.94560522239,20468.749193917803
6023.399880156405,6314.605276720369,6629.893791302805,6958.447930131872,7287.191677851314,7612.963363757414,7939.053525674123,8266.836898875956,8595.935685573606
5860.134538747688,5946.239701716556,6059.809968768117,6186.890945654147,6309.762429701468,6427.801332065507,6549.065569755205,6677.322503188422,6812.42282102693
17377.640005901165,17791.83629251575,18271.881400150633,18765.530167744466,19206.205569448146,19593.181643021577,19958.703070682033,20317.898909451877,20671.02949105153
6951.600022006785,7089.297401957467,7249.40900503842,7418.747081863852,7581.7037326505615,7737.231262764439,7891.733700023116,8047.878310534097,8205.80403649199
24309.340619877497,24244.32392257508,24327.09226094851,24481.75613586435,24613.342463865385,24723.986729563036,24859.27055666688,25037.00760644481,25253.398645382793
71318.26515413336,71363.92960583766,71667.09743870128,72058.55048385379,72333.06776887088,72493.54528133573,72637.56996715884,72803.36868880372,72981.9947087577
20669.21316906643,20787.033442674612,21008.394536643358,21274.174530310414,21509.095337833765,21714.288025954927,21926.47272831713,22160.785755983517,22414.780133195447
2633.8415440046847,2806.9039719326797,2999.486190127458,3204.383655629562,3411.5440091500627,3619.1079028511895,3830.7951699369064,4048.888104195875,4273.840856069536
39264.43673386837,39500.419628785916,39927.7622226974,40465.25776943611,41010.801465797995,41559.203201446355,42152.357729289564,42806.963215643285,43517.16572137541
43177.93322970502,42775.60362687749,42625.45005243853,42601.53382026788,42550.015058114346,42473.29501114564,42443.04322767196,42486.477178480716,42596.00980607572
12830.506664060595,12901.661073981024,13033.206433210356,13195.973201382178,13354.06152804686,13506.083024674494,13667.17755307123,13843.42577876402,14033.57072608171
644.5712432587973,746.0532253860245,829.8527559662887,902.5811408293869,973.011525617439,1042.1261445972132,1107.861476333916,1169.521624674084,1228.1889778819996
9998.677989377233,10530.365950205964,11095.701608117652,11672.008898467164,12227.989023305525,12762.10576219231,13290.05540225438,13820.802940309499,14356.165971532047
7447.454134670968,7456.023736325988,7497.125113969812,7549.045655851226,7585.671138943365,7605.766467565456,7619.764898445197,7631.597304247308,7639.8892336387535
25970.884845838245,25860.30425631807,25929.32515986766,26116.70923322372,26350.921233281148,26624.34373476036,26959.60486343602,27363.51678229188,27829.520331374566
7137.947502722532,7660.403780045789,8247.516948577799,8892.110983205757,9582.607464957095,10319.810386092035,11111.763680635198,11963.897296498471,12878.783370586107
35430.790812669824,35103.06345007067,34978.86346212853,34968.27884744765,34961.85099112744,34959.018748286886,35008.29558524862,35128.254374476244,35313.070832608675
8002.498470648823,8082.7600079568065,8214.78019946665,8376.881360706646,8541.569792429425,8707.218041667631,8885.12607410266,9079.945144168083,9290.392865276703
38612.59142717187,38261.07714964553,38141.49405399032,38144.74312610996,38138.28192802011,38121.24212984993,38152.07926833622,38252.820138166666,38417.04753142751
19136.092507202735,19432.055564737508,19811.415020145356,20221.096236122194,20593.727572176558,20929.14475116607,21259.589761452207,21599.213622983738,21946.62997856249
43238.83943618113,42993.623930844165,42959.133369406554,43041.980198908714,43127.89483382331,43211.063721158454,43336.50897090786,43521.2950931496,43758.320370067355
31984.707027563207,31635.584430753795,31447.45741998009,31344.941627666423,31236.310258438945,31120.32525508217,31036.84173063649,31001.429637461384,31009.500939477148
17759.681522676758,17862.38869781816,18027.518265387764,18216.249748101403,18378.95582235193,18516.516485013846,18654.060195503884,18803.229762371968,18963.78821787452
17223.874572081666,17454.398064838937,17721.963403770795,18001.585776481465,18260.464051882856,18498.285760098173,18731.17741039583,18967.204427734192,19206.65413593802
35187.33073472485,34906.45158633823,34775.07310895026,34723.46209266375,34666.63011327106,34601.358843633294,34562.43529117227,34563.32509966448,34599.26635005382
61863.01717651218,60764.74366993657,59918.204077845694,59210.414484904664,58506.07564383337,57801.73826348809,57154.76894673181,56588.32221242787,56093.44117268928
21573.839736557806,21174.047822004854,20911.899057796574,20727.351589546717,20549.405859420152,20376.51172507451,20237.621187011177,20142.7757295212,20087.06826990664
12833.766447049547,12917.500988930698,13058.59930197514,13230.31294724804,13400.662497768692,13566.316678293395,13738.079084870307,13919.671693053875,14108.61316125555
9512.730258724068,9625.90394077052,9754.700794344813,9885.212955392017,10002.089201118564,10104.811871367801,10199.790892992562,10289.338255727382,10372.830955125271
21031.575707566848,21579.77214976755,22229.07574825187,22926.857652806666,23605.843767624185,24261.61683141792,24922.76991205329,25602.65007706136,26300.0037153158
19671.080590504742,20085.268445510836,20579.648870963458,21119.081243481425,21657.114187618397,22191.916479896514,22744.469114303298,23324.187361948334,23929.815259310093
7205.8954836895255,7565.645025504967,7946.714435274169,8338.727088468095,8727.472797550774,9111.577206730068,9497.370968514419,9888.71230659143,10286.660813023662
27985.217821746748,28136.87496781212,28454.895386773533,28869.096544689088,29291.08139265376,29717.906114840403,30187.574524944128,30715.579080808304,31298.010308542114
2245.8397814560853,2300.972730767405,2353.6993698838914,2400.3614054423324,2436.697399566729,2462.4248994066725,2479.3217151415815,2487.9022317921313,2487.7335441566715
35349.891059595764,34943.95825236176,34736.622909933,34618.53888738171,34455.979452474625,34253.130973869746,34074.109952716775,33943.2358055298,33854.52071837012
5939.021586812086,5958.599815471558,6004.500588752833,6063.227143335423,6118.563441250547,6168.6664865625735,6218.9548498046415,6271.575014191518,6325.699010045863
53519.56064088419,52854.92782060179,52502.33003530864,52337.6730179557,52214.46975222961,52115.04440691565,52081.19718479919,52121.959120489824,52219.021627849535
103.9661116023961,118.80870362885715,132.4773106108163,144.8166087474851,155.68963159855767,164.02929665916506,168.73368592622205,169.01825489050435,164.21070073015193
6642.12382191063,7065.2706199215845,7502.604799996655,7940.683829933259,8362.007693616371,8764.890425330143,9157.003941479546,9543.29482212206,9925.708914165782
2990.113330502457,3070.973396114726,3177.3600449609703,3299.1238775624006,3421.6530848401253,3534.389721538588,3636.6937653507534,3736.767347110923,3839.1992875606916
6055.171657941241,6140.024240692864,6263.650675190425,6412.406880156493,6569.24805723119,6732.426178592638,6907.9452297305825,7098.208699300574,7302.4261118655995
13031.606149669193,13008.067085260996,13060.651563809211,13162.137293032027,13278.444859447216,13408.891031889338,13567.749530054878,13760.062605445359,13983.66411234969
11790.428313575145,11950.579657442448,12139.98498401834,12334.67725952342,12504.625133654316,12648.927886506535,12781.335092356403,12908.440418236416,13030.291291923617
23257.724170294747,23289.62108672452,23418.905598854304,23593.475482253438,23748.531067210537,23884.28667274609,24031.558112850616,24203.580277237474,24398.537459683692
2972.4091655986244,3069.187464082539,3176.623296225263,3287.9861278934613,3394.714057894896,3496.1466000144287,3595.936707341987,3696.0961946948987,3797.023215416148
4885.882577258278,5050.557482951388,5227.91008489129,5409.094840120691,5582.329791991517,5747.102953368161,5909.286569753547,6072.374970538734,6237.417141445195
2812.057955320001,2965.8138805921376,3125.3623513697185,3285.262668910606,3438.843885093838,3584.7653179640606,3725.0716036284703,3860.4511286361612,3990.705074759833
35447.668699750466,35305.55920727204,35309.30548779027,35380.07123142264,35425.102049194946,35446.02543689071,35486.03783628137,35560.70711259973,35664.8346547308
58141.24013752879,57884.573647722675,57851.78491207074,57939.59749065397,58020.216596671096,58088.26402123133,58196.00737981397,58363.716640261446,58583.58996137742
-11893.060491152444,-10790.660456582853,-9766.783460625305,-8783.64320827716,-7802.353283655768,-6822.234610868644,-5855.939691905139,-4904.493501845734,-3961.0225194158725
27011.883452160542,27361.601174077372,27793.27323298462,28253.930087559427,28675.39227969074,29056.40047544593,29428.92191813252,29807.826668410307,30192.339999189568
603.3603162990997,704.4526866941427,807.8131925810814,912.2636737678729,1015.5281802601186,1116.2389623483123,1214.4373316471567,1310.3976236080366,1404.103342580947
14488.20241095747,14664.46090627384,14931.08463586118,15249.031161722552,15569.394654232972,15889.297543007415,16228.874018745473,16596.405398021856,16989.842158323543
5703.360463571352,5986.15041407666,6285.4794130624405,6587.287395980423,6873.474687394964,7141.691010690658,7398.702676951079,7647.836733884497,7888.765104009654
43785.560068185485,43527.80600182178,43480.321447523136,43539.58836946695,43578.7802557564,43593.80595304609,43637.550212710405,43730.581476765125,43865.24544186716
6562.268197604824,6711.104482550252,6885.711259021231,7073.6968154135975,7260.235178457153,7442.5234881919505,7624.173889697646,7806.223285322987,7987.481667618294
10629.995297992971,10765.574412101449,10996.947007550709,11286.890386819869,11589.170952125009,11902.90673023264,12247.802449215142,12629.871103279795,13045.845405150429
68163.8894232607,67167.87259074424,66494.10680766123,65983.09140329676,65442.10058189832,64867.395468887014,64340.34219747944,63891.43070119251,63509.1759085652
16186.511727120283,16665.145475254936,17173.78328022751,17679.248884953504,18138.30436510374,18550.538532943978,18938.963685944014,19316.451824293872,19684.81684587203
3828.0207857999567,4115.518588053527,4440.777668977886,4795.419271169798,5166.9159575723625,5552.101852182824,5954.602344926523,6376.020375462573,6815.818806009241
59719.17327991433,58848.163996152674,58305.93122435508,57950.7429848854,57612.14242930943,57284.88922306196,57038.328716856966,56897.63829099004,56851.47813061524
6131.38039464385,6410.391694622527,6725.440970909733,7063.886994895128,7408.413925117985,7756.430486322202,8113.519789238606,8482.179465395226,8861.938433600108
54098.64764437174,53500.12313036403,53091.595124922525,52781.008508472085,52457.8187009796,52118.626700732246,51809.06042925581,51546.7304676877,51325.42999788619
21514.43514441379,21799.664610769487,22194.539341082243,22641.6673315151,23067.622989489213,23471.36772086575,23887.22163043134,24330.39619842987,24799.53590049376
40637.3442790171,40422.23541802868,40432.19581302011,40547.633419908656,40620.60876430523,40653.3860904065,40715.919288700396,40835.699979989804,41006.44091437269
16160.262366119636,16468.717586019535,16867.171069466287,17315.665361934713,17762.630663234933,18203.027919106047,18655.749421971163,19127.858164897945,19615.5147321418
31990.04020330093,32085.05533213922,32355.280574086693,32733.332905983905,33136.31296385866,33557.38625570203,34026.827811767595,34555.96306513811,35139.09812014771
1586.9742044644504,1650.6461057251074,1710.4541284102404,1765.345624875296,1814.8852921012815,1857.752679278262,1892.7569198191588,1918.817966797747,1935.0470210342023
86047.11937585293,84991.45476722992,84329.6786363197,83887.88036433537,83458.56529580269,83029.44786484988,82677.26965265335,82427.24464397207,82261.6847350239
5569.167823024474,5852.5906098977,6179.068223147597,6536.466608732809,6908.319960388385,7292.319292395989,7694.352534245033,8117.185095114074,8560.492591547612
21534.185546074852,21475.728453910975,21510.08311904035,21584.530807365918,21637.913315418107,21670.211214896575,21708.591973397437,21762.706444142263,21828.99490335051
94052.20316862573,93716.60509694972,93724.49546221309,93874.77434979375,93918.51061896491,93851.59453072144,93784.28121898827,93761.686489921,93772.45927817334
8739.692314099422,9001.226366584599,9290.355927075629,9588.06350100613,9870.095317710622,10134.05528795339,10390.106082839835,10644.164301025972,10897.109857395346
3539.6897002393885,3600.029425381994,3671.588976540422,3746.1441375320646,3813.746329466932,3873.852227725425,3930.7219482451537,3986.3106496807377,4040.5493766791938
15838.728501497999,16046.218190775171,16321.640036055041,16627.706774677932,16918.201468523523,17192.40267177459,17471.42922275978,17763.40415153006,18065.83323359778
6145.22184169496,6154.909034603617,6204.553571968179,6275.505909233847,6345.07214337594,6412.707422774689,6488.021917296231,6574.19949973794,6669.76844061713
8135.194731409016,8393.639649284256,8723.747895686582,9108.251966207195,9525.705412524518,9971.915453823678,10452.435317555412,10969.201374241835,11520.72595174548
8769.377293220501,9068.253740930972,9398.597026316027,9744.078814547172,10082.71351187246,10413.02822041544,10744.609684381798,11082.05085943602,11425.254220192697
14110.50030785902,14300.199697814538,14580.225067493555,14918.595921793207,15274.970518743243,15646.651962414673,16049.762765889847,16490.885691764423,16968.086041744566
9142.104320391505,9336.618094101597,9548.26216811936,9761.845797376249,9960.416036618186,10144.156434882594,10320.819839360543,10492.379702976106,10657.241166930458
6751.237437110025,7205.919024649283,7704.588913298781,8230.490509598747,8760.354287980112,9291.736097441095,9834.028190374238,10391.1788972429,10964.633362658433
17189.62243377589,17325.825820989725,17558.622506919608,17837.94150736096,18100.32251222804,18345.421842068332,18602.99003586412,18885.580350309014,19191.353192939347
15567.463176968127,15692.84870295466,15881.867149050024,16101.54268808677,16310.571885267553,16506.640369260353,16706.535715119124,16916.993418950962,17135.981888149272
7596.532884303369,7725.340861418362,7867.716704984762,8012.385842171591,8145.131504875018,8265.475127889535,8379.841789904609,8491.02316675281,8598.704735910764
24526.17189417847,24060.667762412144,23783.022561912527,23611.43434293593,23451.227105182297,23300.21562554765,23195.613999725796,23148.209135620957,23149.409229482582
8503.046377967676,8457.055052742166,8440.686509811172,8440.77359785619,8440.639742630197,8439.752707254818,8445.01351996223,8459.101025250302,8480.987641869071
69615.52735253866,69734.54455356662,70173.80874284342,70785.42293346902,71387.30756425846,71959.67171472784,72561.37661327625,73210.40820417849,73888.72930378854
9940.010396133044,10321.031073706234,10794.710541655057,11328.89743231444,11883.096149660907,12453.627474756633,13051.931139934726,13678.633876370788,14331.26705585277
4432.059226086784,4474.383957355852,4532.122729514449,4594.30552484184,4647.184144589989,4691.21502619582,4733.609903751693,4777.700900111817,4823.5825809966145
4295.399318765543,4382.592598791175,4483.815343312654,4588.334185370948,4682.621063356026,4766.635159882494,4848.159736053962,4931.183606595941,5016.020050855581
15815.096359508276,15547.747011021655,15349.393090081428,15192.138390464508,15043.035271735765,14900.462192745737,14776.388521904806,14673.838486583572,14589.392284191148
1834.1340143833213,1895.5730927933434,1965.942051102388,2041.2789859819568,2116.379513256859,2190.6060283254174,2265.8031049935275,2342.756651172472,2421.24431617965
25401.414918541403,25528.36723637221,25789.137936748204,26106.034381849095,26385.276061438602,26629.029409518946,26882.37647139783,27161.83160025195,27463.015372288763
20959.610000448716,20842.917232417818,20814.550853745168,20829.527348453128,20831.965073227853,20821.49906915721,20823.609965183547,20849.057645743254,20895.95355335642
39107.020562305785,38676.97713839024,38449.70176906784,38305.7732925143,38106.490923752135,37854.364256135996,37611.33449662504,37396.470819305105,37198.66908996083
2956.297372526701,3033.5044601793234,3124.7790200290074,3223.7448862722003,3321.9910675458887,3418.679256380702,3517.1275362453202,3618.9773066711055,3724.1971458057446
4385.80295320059,4527.59465293755,4684.426160441861,4849.661023290714,5016.222325759593,5181.677490466201,5346.600450736987,5510.448283221772,5671.7044163564
8201.434831965764,8330.10516181315,8538.046142076886,8798.620943097607,9079.094190850965,9376.176565314217,9701.385469895431,10058.731817108732,10445.948461166268
2171.799097852896,2252.6734460597413,2351.370043145766,2461.9321167730895,2576.682155102528,2693.4167454484304,2813.37563147711,2937.064719216213,3063.6187400067656
37995.89061543617,38064.61266191745,38342.49032761568,38732.27293929351,39114.1829478156,39482.8715034419,39887.40495422503,40346.8518306746,40854.62951478315
6539.509286926164,6535.238722322012,6565.49061569146,6613.7826231600075,6660.206441755761,6704.031027257477,6753.381457455972,6811.182109679372,6876.2419411284345
17126.326018823143,17423.328663433007,17796.441939823424,18203.768953476538,18590.126044793,18956.20372526837,19330.679049368264,19726.850452239232,20143.879481251854
10396.821473424397,10582.007878265842,10829.777816505388,11116.232983886594,11411.642540969087,11713.34710118297,12032.501045571327,12373.94394269372,12736.565124145738
38189.21707855713,37841.347145845546,37642.8379143068,37525.19195016811,37407.141050650964,37282.37873864804,37178.98522963969,37105.56842843616,37054.24559637283
5197.05334107436,5524.125722754548,5871.078630508855,6222.538491734497,6559.392250919342,6878.332689589444,7185.817877809479,7485.747979650973,7779.067639868224
1354.0670158560965,1463.9306879914834,1578.7034207799672,1694.9298979920754,1808.7577461729038,1918.867603194802,2025.6882075596052,2129.6649663866683,2231.309037177231
28659.131940064424,28608.725497935593,28689.884757804986,28836.325936510482,28966.026347395215,29076.895195082845,29204.344609457323,29362.703634216894,29547.986220477036
5009.842096003444,5112.993333416056,5233.910607446998,5362.271468152767,5484.505344927305,5599.9996758902325,5715.008181841415,5832.5069013299835,5952.321985284397
25039.192490596637,25740.742107864786,26578.56302447218,27488.021453924306,28384.33729673575,29262.486472897028,30158.63675546217,31088.534040201994,32049.302606674242
5838.123105281073,6011.045374953863,6207.799434551134,6417.84929494081,6627.681401514096,6836.178903112063,7048.802638222926,7268.226031746687,7494.388532627478
61953.24101775749,61086.73727798216,60435.01459772557,59888.651139315174,59315.90534251585,58715.00941972698,58141.88549874666,57617.08787286181,57132.21812205332
3996.591606306356,4418.091803664696,4873.9658493113875,5352.2410298821815,5839.261009892963,6327.994110074335,6817.491415344675,7307.895458154478,7799.876322379873
25007.54360595362,24921.250251291207,24933.33067936265,24991.731731859367,25032.011312026534,25053.197194908884,25084.254583406357,25137.329913084854,25210.02300988235
15136.576739933827,15075.505631891883,15115.780981688145,15206.208316213475,15283.518559902068,15348.637462181372,15430.924834772053,15541.497968180181,15677.726160448366
21537.473793655226,21824.693684374968,22209.57210999409,22650.567786785963,23096.029676628317,23538.83735230896,23995.119323911924,24471.021059470833,24963.153958761475
5979.742535172302,6101.843491241127,6252.378196572727,6420.823567577487,6594.367988653074,6770.650341049727,6952.940970492379,7142.3457684891855,7337.97745761256
778.8282943075566,804.5008693786409,834.0979036795753,865.199871012083,895.6525083446996,924.7508462302188,952.6939290682063,979.5143521014962,1005.2089710803251
12913.721243669452,13445.418452451391,14035.446300548592,14648.273933765242,15239.632341426768,15804.712741317757,16360.97626679378,16917.88497111691,17476.49589754541
895.5791020000245,923.1271264101947,956.6807787884095,993.3688136099413,1030.177146862837,1065.8700094013136,1100.3259101036128,1133.2384068472234,1164.1652554097564
38896.51736291712,38916.509444428615,39120.8340439813,39414.59870117519,39678.75233980782,39911.808735139435,40167.48399567068,40467.7048022643,40807.479340530794
18050.818890273455,18459.90469114428,18950.543744790797,19480.73067658691,19995.761079421907,20493.687538164806,20999.515854252862,21524.883516862094,22069.021983052622
20766.605604873454,20894.61162588796,21084.823880900527,21296.285303893306,21476.79603881241,21624.7160812643,21762.738658710845,21900.515922869974,22035.846063983456
367118.9979417968,367371.5076076107,367697.2756124408,368067.2942025127,368444.757620073,368826.7837122116,369227.81929099356,369654.0949975742,370104.079128368
30458.626354599204,30469.47501341868,30671.70667901433,30994.46395848818,31350.750957571545,31736.291252948293,32185.472483410063,32708.86075994313,33293.9026230107
65940.62363155813,65293.364175958515,64960.2717304613,64778.30452600131,64548.47796976479,64270.46127417782,64033.59402456544,63872.41464729762,63776.79407745873
23813.961597871697,24374.002237726774,24978.052336135483,25580.74324676199,26123.338160112035,26604.744425202178,27053.364164549384,27483.35117027007,27895.039523635667
1441.5736351651265,1491.3881447609783,1535.6248800635717,1572.28551796144,1599.1392087189863,1616.5859681525785,1626.8525141110322,1631.7092397206904,1632.118225198725
21312.985824075797,21720.480715497342,22209.859351136605,22741.862946200774,23265.87114623398,23779.54441641884,24305.18857929224,24852.95388185287,25421.7180330585
26331.249703073,26732.85733842612,27262.36414626096,27874.224964428562,28512.79263057529,29169.66076383091,29860.972328712778,30591.978637872013,31357.728023771604
3343.5226385153906,3581.1911450012094,3858.3598262090236,4165.537257292602,4490.773243257215,4829.595985691608,5182.084257480382,5549.0479669453525,5930.566472206681
3185.2006295755873,3351.077372270901,3535.991839370421,3730.5946507751473,3922.369222961288,4109.760834644999,4297.505851916787,4488.0539297508885,4681.7080740502515
5834.693370807208,5981.413883365591,6148.000807444145,6322.07466531722,6487.435928502054,6643.661953547163,6798.550675928782,6956.210767099745,7117.154623644628
2403.542398378105,2510.722578649888,2604.7740093471207,2687.342191434107,2763.114493017054,2831.66188009044,2890.158534389286,2936.227847827699,2968.9278610236242
694.4054222878533,894.7059876559038,1115.09217848877,1354.7308651511232,1610.7779823159863,1878.7939671489346,2156.1500651641068,2441.061799630493,2731.64307434673
8333.087258788986,8599.605597776015,8899.200656828289,9212.998566632457,9515.831069320579,9807.12900751169,10099.152395161762,10397.896686431208,10703.459512380625
52053.8643949388,51460.216661775856,51103.569006181395,50879.23778928811,50660.41701295279,50440.73117696296,50268.72999205698,50161.56937009712,50110.05358341645
15403.190356062025,15356.650374832167,15449.844537451867,15636.243465478274,15861.937304324549,16119.378223896307,16423.14451803476,16776.424560441184,17173.127417269534
52761.62302727099,52602.29445175063,52613.30247024637,52703.52516050852,52758.165749994085,52774.78930703085,52804.056352373584,52867.080445097636,52958.68500543844
36333.728848891864,35874.57281498335,35585.832745913656,35386.05644901284,35175.542347587034,34954.04582013723,34766.13418465606,34629.103193909934,34537.49316282784
1766.5880087584703,1903.4381142251416,2030.1334666370954,2146.087224271128,2250.4202466159777,2342.8063491250723,2424.6132588695227,2497.220086590313,2561.4548274519666
12315.311421428103,12793.337877185792,13266.22328935532,13720.50311113438,14141.196949455814,14527.018734522964,14883.81688389707,15212.823414398374,15512.247916597726
17596.26715109607,17903.87767288822,18303.65476982958,18762.607224804528,19239.223074253747,19730.064867130062,20251.04087046641,20808.629026255352,21400.62484104901
49629.34643868606,49068.23638433369,48699.90327134726,48442.883228569124,48197.19177880939,47958.394482134645,47766.44278377258,47636.567854410176,47562.23411261032
70082.80438473534,69299.99013707456,68753.19274335928,68329.00400155915,67888.61529820113,67429.65438478228,67012.42436044995,66661.10411411425,66368.76297262876
28966.779028766865,28945.948151930614,29064.121234578215,29240.739238701943,29378.061229785904,29477.01382850023,29583.53032019537,29715.83617294672,29870.291525308192
5787.316696418287,6118.239876773954,6458.193374511761,6795.913813907535,7116.6095589740335,7419.461906105854,7711.813783078256,7998.381552212101,8280.80019080555
6279.496827970766,6493.862052998062,6724.496960762284,6958.4029986582145,7180.066577017057,7388.49887746818,7591.905724507223,7794.984234763199,7997.8327322795685
29050.41839699448,29265.31754988655,29554.082396492853,29857.14257123524,30100.233428076812,30282.849619309953,30440.176244424718,30588.301102419624,30726.157370954254
4714.731230784018,4889.434158631124,5086.46677850787,5293.540845088796,5494.336942573405,5684.197842076254,5866.366317543996,6042.722400312528,6213.038315764401
2109.9647166832942,2249.892243312126,2397.8041546175536,2548.4882015200387,2697.241854939468,2841.571447669948,2980.087994138398,3111.8902591701944,3237.63223005348
3904.803857960961,4120.624919683234,4365.831988567216,4627.05583681296,4885.362932946908,5139.0580368609735,5396.441578217783,5661.970855943431,5936.351798382042
6808.42519977311,6833.476685564879,6883.9028532149705,6946.9463664200875,7005.077767344194,7057.8327160537365,7113.222569550671,7174.6949328413475,7241.60310433915
4023.120150254755,4058.2603779759474,4121.441863760716,4200.501828156154,4280.339168509991,4359.137174724539,4441.730692757876,4529.82588492419,4622.373845340164
6607.613877335599,6741.939367589493,6906.1310052998615,7084.382259908514,7256.037991804676,7419.143375995883,7582.326277226763,7749.675493976883,7921.088495317185
81619.82625800621,79982.32097462624,78672.2379645864,77530.7750686023,76368.97842429462,75180.74807393494,74041.61977087955,72979.26157605859,71981.11859789662
3462.8430078644346,3550.9206599232703,3657.7606608568312,3773.3244135566306,3884.6300635774605,3991.2115017980823,4098.9120557778315,4210.2929469372775,4325.108464639562
14506.59718267739,14880.728248602569,15301.398445383511,15737.679333966154,16148.410886136839,16533.25217697476,16912.730966853032,17296.781057388656,17685.41788793484
5508.785373046454,5704.569456048522,5945.141331336164,6219.520197764974,6513.0354518579425,6822.588026425965,7151.884132082374,7502.258556500947,7872.608659929339
28753.694053158833,29051.915463391986,29556.940548235823,30189.10487756053,30851.061834889264,31525.793984756685,32237.415176129023,32991.636406109435,33778.38099626087
94238.35937730233,92141.73879792771,90607.4433210045,89385.7185782422,88181.69784107302,86994.24855613963,85949.35697737976,85091.9477451558,84403.04852490536
4864.974113486878,5124.5893967173815,5432.306161074984,5775.064126088749,6136.651503661078,6508.5672707834665,6888.542632656985,7275.036224603339,7670.106222474999
-107144.76284391056,-103369.09164561471,-99985.95122572492,-96749.37023529568,-93357.87848968715,-89797.32062858096,-86173.93901692634,-82505.90615737055,-78742.91120379948
11237.825017591647,11416.073994852042,11653.916756817083,11917.530627350869,12163.439093221967,12390.530486911755,12618.807668091209,12857.1965918218,13105.009397819555
29882.719148008437,29670.897133598086,29592.44156511972,29588.9864199831,29589.270817405246,29589.59945846862,29617.967090731483,29685.14682782232,29786.84601705731
19348.08731905227,20038.281019227852,20793.610246116496,21578.13730658039,22345.26038154169,23089.773637439175,23829.376402775215,24572.81279557246,25319.624886944534
4156.136545122822,4204.605628004357,4261.516110515825,4319.0386898798715,4366.878194968838,4404.968174401604,4438.346707249958,4469.48068890621,4498.36312081757
48582.7414447629,48114.68219222579,47858.95439994368,47706.48060043477,47523.60518060133,47310.39102280271,47127.320850382086,46998.31301077202,46917.03640222347
3914.852640178494,4003.33962027004,4094.72833649908,4180.996878087284,4253.275360602735,4310.117759302148,4353.9209497070715,4384.994635380438,4402.125903880407
60926.15307127775,59627.868557930575,58708.62388887835,58006.34119569535,57331.73929577083,56678.86658866845,56121.952807748385,55685.512282780386,55354.776745564115
15574.634930370516,15671.097984085476,15867.031514989127,16121.509940957805,16383.139704671414,16649.61315050293,16942.681760986434,17271.471423210085,17633.704867526838
8171.643297896963,8556.096251499379,8968.02467450027,9389.052548286427,9794.99806518453,10182.221374758872,10559.173715617633,10929.824154457348,11293.594477157249
61615.57685188558,62432.27661649448,63421.59330212922,64462.76851075723,65406.211926565535,66254.58772099248,67082.00976055002,67917.6987074724,68755.06484296136
19771.998631831244,19515.300592915217,19376.008781825196,19310.14728724976,19265.56482254966,19238.64534657179,19248.00943418572,19299.89440249963,19390.007290919653
97267.89454881307,95260.75344582701,93750.03042550638,92500.47904273699,91232.62578912276,89935.56862226951,88715.43798261696,87605.62743493415,86581.5199432677
3784.83517140569,3886.2091194418517,4005.7885752783113,4133.606401529334,4256.901740387346,4375.621612427046,4496.029293812239,4621.2450962556495,4751.582919495763
30487.475641503836,30054.34637405987,29790.07761525714,29617.598463868006,29443.815092325112,29268.327285190797,29131.98917173394,29050.07045772683,29017.25905753264
50389.09032308973,50439.96868095877,50741.535272853704,51191.34176896719,51662.4150046497,52148.044312976606,52699.45331098961,53337.51206788324,54056.66841981365
12848.072453460705,13224.939675804706,13657.60889065804,14115.453311225552,14559.753902928342,14987.271869873437,15413.932659485385,15847.36357632271,16287.68272281879
1907.1587720350237,2010.0644120555628,2119.1516680248374,2231.738056787804,2344.6077476446912,2456.547600621636,2568.307602460887,2680.6291920326794,2794.0631994400374
10522.259307588629,10495.664961829936,10533.260650722275,10603.422871656641,10667.205858866968,10724.565523999268,10793.119261201784,10879.351837056249,10981.019568366235
20058.031830145086,20490.06669849418,21008.90344041058,21584.8497560451,22183.990446664073,22820.178736529993,23511.419495106587,24240.93642383059,24992.028257407273
69101.84758693061,68698.66904704514,68608.07296763029,68683.3895734664,68745.74570126999,68788.59129860997,68885.04603457796,69062.21033320179,69308.2667601036
13529.396528337616,13651.615962194373,13824.122735826988,14022.75764884107,14216.620459442036,14404.404297761957,14599.51214676749,14807.915619869142,15028.646181128328
21191.17383114784,21402.40794140185,21663.704133972496,21940.291070745523,22193.60333054828,22421.675302734788,22638.974356663548,22849.04176658898,23047.810621681852
35656.666350886226,36811.00844057459,38144.76413591519,39573.55535960799,40985.123358464254,42369.994067895925,43772.723760845016,45211.65298587974,46681.899188208445
30145.534104507045,29889.37900231628,29842.339206189765,29928.49234100563,30067.15663075208,30242.153257333437,30466.299116640625,30736.02371642986,31036.237071834075
32974.828664013185,33143.57704426292,33439.39380898323,33788.56759648887,34097.29979112199,34364.26795172388,34632.85713052488,34921.931334091845,35228.68834447197
-3179.4774880641007,-3205.48906135987,-3246.9826411966865,-3293.9520284862638,-3335.074382537652,-3371.054022312477,-3406.8983328148256,-3444.385765665204,-3484.073024584306
29012.492561119838,28629.0627968578,28383.03309243535,28212.696961168465,28045.206309589656,27878.525798677383,27742.277345162227,27646.9071073804,27587.37454137302
40788.91699477753,40692.04492944469,40807.68928833258,41054.230403636415,41331.407471679304,41630.55870048354,41986.78485345441,42412.064528376315,42897.79760725375
3090.393750503411,3291.994897704987,3506.700291318805,3728.5824001995747,3950.1839618765653,4170.625165774064,4392.778034103015,4618.289974251052,4847.768190840138
32075.363739432792,31953.602157196332,31986.885381560565,32098.48640820709,32195.242755181433,32272.49800239348,32368.097184779388,32496.552444120614,32651.332134812405
31414.955904027873,31430.009329460332,31644.37956135094,31978.26166643183,32333.583985949128,32705.840191235926,33134.40116264431,33633.28782753109,34195.72537899874
1417.3051610618581,1599.070218950755,1798.5134099815505,2010.7054608972721,2230.180447599311,2453.34834749958,2678.7462622313237,2905.4026607697274,3132.8261676740153
26921.496024238146,26989.915357174053,27149.619187867935,27351.506607397085,27532.560651647633,27692.237462716745,27859.924712870335,28048.567177096025,28256.364946631627
7511.0067233271775,7478.827037031058,7493.530820506232,7537.305572984894,7589.219181958314,7646.215940082489,7713.773573882488,7793.027036359649,7881.321952430713
14984.542411633689,15350.902721334884,15787.131447047568,16247.48662881732,16673.175461812472,17062.458825291484,17442.363085495963,17825.38322588215,18211.287632702028
86126.37142945055,85031.48513561659,84471.26054187605,84199.56334457987,83922.03875924698,83628.08136302824,83434.01479322636,83378.38831219492,83437.1937058128
54669.99715095839,54554.304753209304,54661.24357723896,54876.460119785464,55059.80695933744,55198.276952593,55339.938031616606,55500.784043906395,55668.77292725962
50510.22397719933,50950.18913178457,51498.32505032681,52084.50898209943,52630.496989334984,53136.41943809723,53636.89106844051,54142.58522534776,54647.285541824545
13844.675610582155,13942.172664703166,14119.947538432953,14338.550485837313,14549.442150843908,14751.066457312885,14964.260029765588,15197.079251045863,15447.239994624106
1098.5266237583833,1171.3924363356512,1259.4453778984075,1357.683893677953,1459.028664394445,1561.0687480222405,1664.8359210030865,1770.445086167656,1876.9555060257135
-802.5840775076712,-248.57362798663956,302.18110193091735,854.6883424469626,1412.0898987506964,1975.6542910672804,2547.61498518689,3131.0029841754313,3728.4558904675087
4620.551280935642,4686.406857461978,4773.589473520396,4869.7456445501,4959.191115750079,5041.128250067736,5122.310706771998,5205.928677809289,5291.869495904752
6885.902155956245,7062.896938140397,7299.812110215713,7570.723503374133,7843.082164484072,8112.683144167521,8389.979002152071,8679.266577101404,8980.809948254251
57513.99952479526,57033.12843696898,56749.99742543337,56566.541522513435,56362.36556969617,56132.4931156085,55925.606510157726,55760.30251836942,55628.79964855526
14385.413984122932,14603.910785649565,14905.56279934779,15255.196909565564,15607.309931155398,15960.868755917789,16335.18981615416,16738.454420425063,17169.323391386646
19082.642383429302,19346.573330897914,19681.553712352947,20047.085842340144,20392.324398567853,20715.57264506874,21039.535680603833,21374.004160822227,21717.435758347845
12130.155502024965,12707.449312046234,13337.479559742891,13988.48749618983,14617.503350681378,15222.061897283835,15822.25588778679,16428.641269523476,17042.326540666505
21765.307201231433,22017.678545205807,22356.522175274757,22734.91785185371,23092.762962659835,23427.414900363172,23764.95444885486,24116.563161009755,24480.378260973594
43065.8000768675,42908.51816426017,42918.12521285123,43014.56233372391,43099.41362289717,43167.61238338142,43257.80237992917,43384.13118710237,43539.78998997835
20917.955149861486,20481.51742122355,20164.348121055595,19912.049148602022,19660.075400801034,19407.594598109434,19182.210358216897,18994.584119029994,18841.233466546968
21581.74070055187,21728.122170014758,21955.530546946924,22213.177128614796,22437.28715747844,22628.20561140861,22817.063759426233,23018.00795840191,23230.37945150855
39135.05122942303,39154.81521058711,39313.43196979949,39532.412445973445,39724.69327993612,39884.705378337116,40043.51215798602,40209.501698846856,40374.11025127453
13184.450860536883,13557.107848104994,14001.955063844465,14493.706953715986,14999.067124428992,15515.376439214238,16056.25612414362,16627.90136519374,17229.405437588106
19325.00997575533,19649.331124194337,20095.555233098712,20611.330659083178,21129.85929945422,21648.853981031923,22197.86367066401,22789.355972485013,23421.26700204688
45618.85940734891,45930.94525656658,46413.76370404157,46974.88189644463,47498.45182940193,47979.363624911006,48466.25090949043,48979.0806913582,49512.208912065944
7506.905832239796,7545.257681269846,7613.8833089825985,7697.295169772577,7778.080465725159,7853.865439359204,7929.819266155068,8007.408648637603,8084.502987563989
10830.593551305992,11213.658484374639,11629.049025882663,12046.780111955008,12429.984013149211,12776.940806081107,13103.975613542983,13419.576830270487,13724.702219315643
10684.730852781353,11115.541099053544,11592.550844947717,12096.823256312979,12603.115260817336,13108.305977149716,13622.514949654118,14151.042724229592,14694.392752883507
18418.836282325417,18609.487498448416,18886.11613572241,19190.431124625084,19449.218570499466,19664.8362803082,19874.251958026613,20092.376955192227,20317.206365285394
12587.608733146137,13000.132759916698,13470.500225375634,13972.54845581458,14471.55026400673,14965.517082330176,15470.017212497041,15992.993696138667,16534.221283681905
6100.826415877092,6190.0423276188985,6312.064552966951,6450.870237763499,6586.077516418704,6716.141077954428,6849.196864174681,6988.843441853194,7134.608023305711
102120.7346854932,100377.14033842624,99213.59407892,98389.77254243649,97619.7154325682,96890.59927347372,96312.67507529975,95923.68654655787,95701.46840359979
8001.8954894840435,8042.424247105826,8106.480119079182,8178.371398533462,8238.199075696728,8285.75967474425,8329.989557727764,8374.367736287913,8417.956324243894
12956.924788116612,13172.570061872453,13443.962393306934,13748.460503740369,14057.053417402689,14366.814982013166,14688.403706259274,15026.251050963037,15378.808274369288
31623.343615797112,31935.634076883864,32380.501265829957,32886.59692485156,33363.280947076295,33808.86867849507,34265.022253544514,34750.196424855436,35261.95842905353
2038.2217078073768,2114.4768473089384,2196.6658485821054,2280.2785216125385,2359.645855219476,2434.8076653787784,2509.6675910420254,2583.803180350437,2655.6601111599753
4976.321269772268,5075.742292356991,5196.020075758089,5324.717502733077,5446.345652303589,5560.562612780569,5674.544131200316,5791.792333362084,5912.563190505882
19208.188562819258,19222.277958885068,19358.556896215625,19570.50784580163,19802.53531568483,20048.948737173658,20328.166576635496,20646.494391067226,20999.863409923895
30228.235428017706,29889.65191641018,29691.772897208088,29581.750820604335,29496.31885742474,29430.388243554004,29405.937355965376,29430.32185623545,29498.27217501895
5802.1081787451885,5903.003323523296,6021.611572454233,6146.63694886684,6263.877792425297,6372.116503766143,6477.1588051471335,6581.862909363564,6686.115022872365
7978.326306120807,8151.225414246507,8365.842081566161,8604.664588998512,8846.032601479521,9087.355391684945,9336.234097678987,9595.987859353549,9865.924536443123
22770.088138551182,23062.852498477238,23495.858868627318,24026.79269028828,24600.798226313607,25209.602101860954,25864.72456886251,26557.68174325641,27267.435308135762
17690.21672067211,18201.44648642489,18793.26391007145,19418.42602570127,20012.172071673685,20565.43775342977,21092.903306069362,21598.41031772756,22093.009609685512
11310.232462653954,11465.647527190955,11654.822399797808,11858.62216862571,12052.13251367665,12235.180841153686,12420.003651968022,12612.581293366895,12812.963079490453
69510.89073683658,68317.25768143818,67422.66138189734,66698.03771864889,65988.83706735555,65287.28345248852,64652.23705713756,64104.39919139944,63632.12271002726
27437.380403591036,26995.708189320747,26724.7497135288,26533.187434902873,26311.002386935546,26062.52904691656,25840.500703108628,25663.98256413858,25527.390256255363
13319.860516794392,13517.787920735664,13752.699084934637,14001.088839637878,14232.599821439457,14446.44360819152,14656.699726888737,14870.030488687338,15086.11229081263
8965.114209077721,9221.938105969792,9517.562074529727,9836.983289081814,10160.720509425291,10486.377181128304,10820.980836683246,11167.837047165533,11526.428182987114
97338.1547830229,97111.28081899493,97231.13232560815,97483.311494489,97604.53366037068,97597.97159678189,97587.47150984882,97621.77262961425,97692.3978419977
23516.17352997743,22868.462274737863,22380.067225437564,21984.725979124905,21605.935696086675,21241.193538952884,20919.576655863137,20649.961889365943,20425.684609788077
13424.048028974656,13511.859211399704,13639.254138214144,13780.899196917531,13905.711427696746,14011.766070510283,14111.702467247462,14211.699371925117,14311.497285992224
7380.46637861624,7622.704752279598,7890.30002114192,8167.416069686641,8433.88326340683,8688.633031182917,8940.766910176333,9194.986690624257,9451.957625392133
15060.937538278571,14981.138945218065,14970.007493939076,14994.742564971437,15015.795144067035,15031.618879903073,15058.390834967355,15102.193553858508,15160.68480158849
24624.508059515192,24448.451623607838,24381.683992833725,24369.882862477858,24346.837404815604,24312.33721065286,24296.073044979727,24309.660430508808,24349.892014198274
7646.340680439033,7706.574432172428,7797.373175953145,7903.354833596067,8004.908056232918,8101.378968576478,8201.293889504457,8308.103994205996,8420.844089528018
3016.7437805038535,3281.7548829743723,3570.962373813725,3876.5657646830027,4187.941952482459,4503.434684442559,4828.034077771762,5166.239736235213,5519.450850553138
53748.77892602826,52768.77943022712,52146.584717974896,51733.12024305028,51352.65126935926,50999.84309473992,50745.40378992275,50613.86160539137,50592.640900881306
37956.913842073656,37479.29507516346,37136.25866381116,36863.21001560923,36581.367105128906,36288.378878469455,36016.59733243268,35778.318337939214,35568.624645481505
22161.28760737709,22771.944100153676,23447.35744454171,24151.318909528756,24836.967512547155,25499.79464559849,26158.07411863229,26820.43863617864,27485.677116646475
62790.55424259872,61427.83422314029,60441.11383759918,59666.75640395288,58911.90242961836,58171.40486842638,57522.40987194732,56991.06972899558,56562.81152701465
69335.90216395311,69123.38583800367,69176.5354731586,69379.27067722747,69588.95536469329,69795.89523458687,70053.65850834809,70381.96240134237,70770.36073740915
11036.967732990535,11130.139082216068,11255.373543564147,11393.205222445646,11521.06958889268,11640.665908405004,11761.967193308777,11888.865487340348,12020.96689756508
10098.809130673324,10264.572256443786,10473.312711244556,10705.73620208707,10936.40397419602,11164.49690572563,11401.644087435712,11653.19556549186,11918.781852984868
21112.345331674493,20997.511703613993,21001.909190311177,21075.38069449034,21156.878237125144,21243.24768791675,21358.46826664329,21511.442462335373,21698.253493813612
11872.310925140791,11913.700403743665,11997.554646440512,12100.357365591568,12192.731103400512,12273.484324465891,12355.006525085637,12442.425538254876,12534.490152777107
66190.21801448254,64086.75294400044,62470.639742449275,61162.43341683631,59959.15939975831,58843.44195280344,57877.73523145396,57076.11405087423,56414.98178619815
43221.36187690447,43051.947958587465,43090.359700042834,43220.998249881006,43301.14433752278,43330.18188136626,43372.423998109494,43452.95203489987,43564.43708886602
15800.83786477206,16009.316122311278,16335.60050261413,16735.437470368317,17153.527049550645,17585.9755242985,18054.55562026179,18567.978822928802,19123.56574208952
48982.292617634645,48566.6289496381,48414.999365688716,48404.28327952593,48385.22306602987,48351.63435217915,48363.20746520644,48441.61960905255,48576.84993671348
29749.362408631085,29960.631706018146,30235.207798989763,30522.854225107563,30764.717272244634,30963.05128646103,31147.915074169887,31331.610424776405,31512.805858883814
52260.76618754824,51005.67125776906,50023.147813941454,49158.67839483557,48221.682240344635,47144.71930002606,46008.43536643851,44919.18767034714,43889.577384636155
4273.4786514966645,4375.601239434237,4493.256292452614,4618.313067424792,4740.10068780294,4857.161812993997,4973.239796093642,5089.933228252143,5206.722828158053
6459.360535291133,6607.61847661464,6776.452838143931,6956.052430990062,7133.158725468421,7306.841382883424,7482.808976065339,7663.7374013323,7849.21736955532
1022.280663919543,1155.9143104153934,1295.0400836344745,1437.4297037330587,1579.3928972559002,1719.115655415949,1856.6156954716907,1992.2316147500512,2126.496518585504
17264.065824491558,17213.916079133287,17232.32643395425,17278.112045904123,17299.4758465576,17296.805856422598,17294.701711325186,17303.521148103224,17321.652081502212
35814.366737880286,35366.21470359082,35100.16101646493,34932.51652607114,34761.155467937104,34584.21196252076,34445.1537499672,34360.45659591658,34324.19127152863
1111.2170170547136,1159.860170777091,1214.402587886987,1272.3963197885998,1331.1775628025784,1389.4861869384365,1447.1522118040139,1503.9649467865931,1559.6836390834146
12530.457460963173,12598.725419458426,12717.912747745824,12861.269900728528,12995.329887932145,13119.517170164507,13248.751165856733,13389.209765651363,13539.623847563147
57507.04262510673,56597.552479529324,56062.05307249786,55727.72507676519,55390.99656188018,55046.74106508193,54776.9723372852,54609.17329124133,54528.26363794569
35322.76159951456,34983.52746636767,34787.4659952408,34671.89137947468,34559.633683114225,34447.34263581307,34365.944380719884,34327.11778978832,34325.7505086938
57034.38844437184,57522.94276236359,58189.18562293709,58931.069148174836,59619.84240482455,60247.327422657974,60864.785432977544,61492.75533435931,62123.83803177232
9243.194719682324,9325.50920661968,9457.072013103285,9611.142319246928,9753.39886333059,9884.558476191078,10021.800097743424,10172.418198954347,10335.575152740239
3827.3329277998373,3896.9179616101533,3986.748170330816,4085.2948562650868,4177.920367416765,4263.413540509006,4347.190912544777,4431.286095337849,4514.619597027224
-150.80111435647817,-78.10362828307768,-3.1800755239792595,73.65344386061028,152.12254254620285,230.79746536450756,308.6074425922787,384.9363840297427,459.68029851974933
12420.764235601315,12737.528474801535,13152.409958148315,13626.090008515272,14107.717784091996,14595.566653087435,15112.987215940037,15670.634014227564,16267.998936517228
460.555257429741,524.0446484152352,593.7899386361506,668.1536156810279,745.1578499909319,822.7418340365657,899.938428540292,976.2415510675219,1051.1449688366115
4651.660413543278,4855.482004038334,5083.855153764489,5322.904022776008,5554.859174689809,5778.078131448574,5999.885355262777,6224.200359351227,6451.732378360008
10717.250296017246,11123.952022641986,11600.903972400716,12120.219676898163,12645.292750926885,13172.540431459567,13716.519957822338,14284.30818646431,14875.792608823665
38610.98971591232,38688.51632223603,38895.631883150934,39165.76139009319,39425.296945929316,39671.83837129335,39934.21895703583,40220.326062948436,40522.97456427118
11513.204434887528,11677.316044502559,11922.316065152076,12217.34446865793,12522.843867535868,12837.035449121118,13176.925290897752,13549.76760672382,13954.394611583988
-99.69838302420203,128.60685744619943,361.2674747163335,599.7829110649186,844.8383971026744,1095.6648329306975,1351.162938996363,1610.7246319675005,1874.527286378136
9931.132510997788,10630.946997304565,11334.197913977143,12018.813357603616,12659.503127051177,13257.189547955508,13832.447369233221,14409.923293838101,15016.727239032913
11281.709035485277,11583.484699827084,11921.03881264839,12275.727102903735,12623.810290869884,12963.53870189147,13304.957295637012,13653.298945607961,14008.891564062216
2145.7411353969896,2228.3682588737993,2320.8645645287247,2418.6131838995693,2515.7293578033127,2610.995458205826,2706.4756644195536,2803.66015634769,2903.0434225122744
52661.178419555596,52151.85328979117,51858.42084325241,51673.91708305654,51468.370223926206,51234.71240050599,51022.71257858984,50850.4871698883,50708.96891564293
23620.284973311605,23888.158844762267,24231.578744791637,24606.24437445335,24953.930935435663,25275.1470058992,25599.143664250274,25939.45268474433,26295.38750041017
15683.63394102516,15583.83414383473,15561.650179468937,15576.402344166741,15578.000468351604,15566.572427986746,15565.393001219061,15584.096372921884,15620.966905983634
9498.892082218106,9708.586818422193,9939.354984261443,10174.55884910872,10391.36386035191,10587.665532975549,10773.570638445388,10954.498382581718,11130.84346891992
80144.09028771496,79785.85817500755,79827.87128387931,80084.55199472053,80328.70807892924,80545.87668233967,80822.7283998856,81191.0489314281,81635.14836199935
8966.791110516171,9344.93601928687,9796.450983814093,10298.930385080179,10822.843066538348,11362.023803996823,11924.134474611405,12512.22997563887,13124.960921129981
6797.041237431847,6987.152957823656,7197.746574695332,7411.292311626226,7606.2432980043895,7782.626898369638,7950.991673123144,8115.384262426563,8275.004863398188
16053.28228886106,16017.920089831376,16073.332291512748,16181.289211511332,16297.014378964392,16417.07560125279,16557.964492773342,16726.49667138885,16921.082601163456
56748.79264570773,56043.480847362516,55626.507055385104,55363.98573731592,55095.005820542276,54815.47693123907,54592.51967362257,54451.667030275945,54383.910496571836
33483.39524509181,33480.84743014419,33589.470131092276,33738.35953825089,33847.140486448116,33917.818043727384,33988.101991390045,34070.758602575224,34160.488818796264
2166.436244462451,2260.7149546453393,2366.759749999985,2479.889189621534,2593.9639804188732,2706.790738696878,2819.1101929912875,2931.1291530311123,3042.171234053695
1063.136595789074,1104.9717681460227,1153.2704107300042,1204.6292123020464,1255.1423856001743,1303.045005425297,1348.3620407237986,1390.7454167040962,1429.1509765070584
44416.32003938267,43514.95062002411,42929.84614948507,42549.08081848089,42243.79212499871,42001.59255843865,41862.651009341556,41837.72878095173,41913.449419654404
37503.93342552224,37028.34574434041,36745.79704662257,36569.99906025076,36397.0704941012,36223.852089954366,36092.787217483085,36019.31035144864,35996.65511160066
19865.485905700625,19706.523903595113,19639.61433919594,19628.46068246885,19629.35448122929,19639.81937491354,19676.514237034513,19745.499278618543,19843.640524667982
2131.1438564576783,2300.5935764460637,2497.0443786958226,2715.182965399884,2948.953560437239,3195.6799363211394,3454.812038233777,3725.233196093441,4005.960095826161
4018.4890500672705,4091.9524567467643,4178.119151600748,4269.632715687357,4356.726112952255,4439.1123198030855,4521.21175881339,4605.072983828424,4690.4181853052
42963.25638886592,42356.25209950429,42050.69343080595,41892.07590954016,41694.63557128693,41463.67699285156,41285.591986185405,41190.03971107595,41165.77367838961
33566.47265614277,33483.53802682091,33512.216668559835,33597.95887021052,33672.28864780418,33733.242806643466,33810.646126602245,33917.31696735825,34050.63937276697
16528.675891231676,16518.29712350392,16592.67337639793,16715.304607422564,16840.65411298932,16966.222433210758,17110.086610410814,17279.19013590494,17470.748438979812
49151.155029290356,49665.16855921358,50397.061507645296,51259.4125160946,52141.1079307196,53034.322335953795,53982.70154197703,55003.96322626515,56091.77675994098
23766.710877662867,24103.258178182197,24512.642094938714,24957.832576927296,25395.667049768617,25823.53212133687,26257.742810917316,26703.066155993696,27155.220431441212
22131.348381206466,22256.839568529,22457.194203148694,22692.36883759511,22911.798796603158,23115.074158096133,23325.697430524604,23553.715704150138,23797.4183489957
36859.24782382867,38135.4247603961,39508.889924869036,40883.65567623517,42135.494184653886,43258.240511519834,44308.001899993425,45311.581105825855,46267.91836572843
16060.393749318922,16230.877449448955,16459.499286983904,16715.06756417098,16957.062913820104,17185.144202602474,17418.597505990194,17666.19112905431,17927.075819170932
11699.796384074038,11752.578678515672,11863.324046592666,12001.47386406305,12129.822604647034,12248.008960639583,12372.830821485379,12510.754172082197,12660.017269933242
51709.485600057735,50912.102980056916,50402.430209403145,50069.696442357126,49785.63341924773,49535.43640605567,49356.47639554768,49258.20754423627,49226.32173670198
14781.397094594968,14882.703751152438,15042.483626742689,15235.757165598478,15431.06155317058,15626.667860264917,15835.59267433676,16063.678624202186,16310.12499073841
25150.071007543072,25423.548124030407,25779.945142429173,26167.763314469474,26520.768867158167,26838.29246052677,27151.213710661174,27473.105640275066,27802.010998561094
2710.2153815281563,2890.3837061715158,3071.348742759951,3247.0614350285946,3410.642735469525,3560.3473617761606,3697.9307185698403,3824.782375835001,3941.810817848303
10581.324286036419,11085.517915077204,11663.688946130676,12287.48336287427,12919.32760220253,13551.86931394132,14196.536263132484,14859.315323347968,15539.702655601224
4371.198320402935,4400.662637680634,4463.536857582066,4547.166272202236,4637.060915140809,4729.596007524224,4827.098652879078,4930.119909106047,5037.368569185327
3645.6188512585904,3847.8040049943925,4071.142712923794,4306.840018350173,4543.862815272089,4779.802814592598,5017.418639945125,5258.058878090141,5501.6006076631165
45357.86876383931,45737.806203289576,46385.954432788545,47190.00402259703,48009.42659685205,48829.44313986203,49696.82262008968,50625.52051142926,51601.02283336673
1093.3981147231757,1148.3792426488615,1211.753847001071,1279.2871373230248,1346.4010343821255,1411.1625089098557,1473.9243718690154,1531.5237043829495,1581.92632985154
24293.96810449861,24897.377639569226,25559.181066067962,26236.678795348384,26880.0841457287,27488.7523287597,28085.707358673488,28679.73600869126,29268.916594467064
20869.246196394444,20654.449435544706,20549.65609830678,20506.16440344179,20465.13592944582,20424.592129140485,20408.7050434409,20426.56955189102,20474.71733864298
35139.919118839665,35081.86543653605,35177.53665305216,35349.16954073749,35500.07242024453,35628.36366501024,35776.618940217624,35962.113065657126,36180.475182984555
18482.476603779684,18728.015416131082,19071.052581420397,19455.26063640307,19809.671553490167,20131.45801269621,20451.14906472744,20781.543721961152,21120.044317536373
38558.47177282133,39447.60586688053,40515.192469308364,41677.32111528278,42822.708791106896,43945.15838225254,45092.38070585115,46284.953817316244,47518.20846352515
4070.1673559888354,4134.583449675207,4216.533018096569,4306.774756244067,4394.016062305119,4476.936574425487,4559.6324404304505,4644.031958514421,4729.929339447246
9802.917141497379,9743.07842148872,9718.320919253776,9710.445014681143,9696.836753391402,9676.029308579658,9656.71154850068,9642.446517935894,9632.264552036484
9967.3874247125,10184.944352360639,10449.108352736093,10729.653414120603,10986.918202001138,11221.887067916563,11455.340352810583,11696.651826313931,11945.647932308615
21162.209032102153,21363.1045485938,21702.68073122144,22124.8843796851,22559.449502050786,22999.57332102797,23469.404270839153,23976.99128148423,24516.749752987886
15566.324859322585,15752.818285689411,16037.567245360446,16379.326370453304,16725.546056109088,17073.578347168834,17445.361888935815,17849.529645653387,18283.383276388293
34684.407785486466,34659.26284085666,34774.93989719873,34965.303680437544,35148.86426874527,35320.88916667483,35513.31715004338,35738.64960733459,35992.07662209741
3628.2495604306964,3710.086289741848,3796.238446712639,3880.607119489024,3956.31429202315,4023.128723992528,4084.026944231724,4139.853880575495,4190.037803695424
14947.228489955609,14990.990556771554,15098.649843785402,15238.307899572577,15372.842503963546,15498.112186662689,15626.75938590758,15764.78614298058,15911.10621735459
57440.85661430345,56740.68305550871,56343.728885140925,56132.949318496685,55967.620520778655,55839.164348657425,55799.21663905908,55864.69838920985,56023.09269591032
3043.971620608829,3332.628452020117,3591.0013180619685,3820.032870744187,4022.7866262547723,4199.658048883862,4349.68517310126,4471.693501455524,4565.212467069732
993.457791591746,1062.6918804283725,1130.9019748665846,1196.8466550464652,1258.9719636021618,1317.3864594563663,1373.2061861469651,1427.3028053444302,1480.2262734347505
9995.087238980948,10162.331878648945,10365.905827316206,10588.779866180877,10808.71528215921,11024.400912928684,11245.316380139811,11476.012183431167,11716.207054461784
1783.2285723174898,1871.3344273694122,1967.2822519909332,2067.4776832537173,2167.1797540497696,2265.3460606269423,2363.475457588217,2462.500381729458,2562.5403074699093
1585.977068101151,1662.2588231258258,1739.0633114356374,1814.8481787839603,1887.4610037393059,1956.0710462106927,2021.4716111175255,2084.3541238732646,2145.0657922774235
2094.887830282799,2233.9001555577715,2386.367165674382,2546.175641394643,2704.803650799326,2860.521538553628,3016.128796558203,3173.322542737189,3332.5177605023855
11075.784871752514,11561.332693299488,12083.203455108283,12621.705553261092,13151.543399028185,13670.369384155441,14189.076728844064,14714.181620451429,15247.365422808984
32630.97490401811,32614.27824875064,32791.72278645437,33065.33507142745,33314.54274228872,33540.596685482444,33799.857248654545,34113.64849096469,34475.99105220603
14669.883154797173,14753.624279595415,14916.322840486157,15122.204070042937,15327.419086022606,15529.68092061582,15746.769331453172,15985.617219312613,16243.85734328282
3585.753550871643,3673.67016211176,3776.5724107699093,3885.071626473099,3987.0516814570146,4081.6643467000176,4173.816168817362,4265.71928955523,4357.267556372013
76274.96751116257,75802.27075204579,75779.2245312085,76025.02750725734,76327.32816246155,76673.885922298,77142.65852005348,77756.16928393308,78492.88971835554
35965.7727897005,35348.7069133266,34899.87213168028,34552.19508745061,34227.25489280585,33919.97382137159,33658.42476686335,33451.78364762113,33293.457723054715
11224.049344934341,11158.018807334707,11147.130318307072,11162.172826260481,11167.916558691213,11163.735307331019,11164.724320016438,11176.661840230538,11197.922654429238
13647.704352106728,13785.736181177008,13974.743691301372,14187.31490442432,14388.564690878233,14578.400652272228,14773.064240439478,14978.700764932884,15193.687207111063
16263.350730436112,16405.12852446155,16590.998283730005,16795.726823604644,16986.968879474513,17162.74961342891,17336.165802769232,17513.00667801338,17692.107821482157
37780.59080302035,37252.96260204631,36957.30824779146,36767.73445174245,36531.47363927724,36254.08138374299,36008.87833126127,35822.98866425302,35689.33755673996
21302.53262644851,21852.07449599614,22531.919800169482,23275.540985471656,23997.984019824355,24691.305440355925,25387.171996697507,26097.87896180866,26819.040480691718
40278.429960547524,38970.23530732787,38062.482009042615,37408.14136204345,36843.54290819857,36358.54270760849,36006.958758130546,35800.731224358766,35721.76426409321
12754.272859012606,12990.924480093492,13324.641392053956,13718.391611869043,14125.20724843216,14539.528399756311,14976.790512336871,15441.953046041559,15932.831974903931
52745.520723485315,51246.41520495561,50141.526277569086,49276.90592681311,48476.227772608174,47730.002363166095,47100.31715382835,46604.546879838286,46225.55176462328
25749.121681152334,25813.165317513973,26005.027713263815,26272.651862879233,26554.11420434857,26844.332431296792,27165.3896734272,27524.802899511127,27917.6219240629
28463.094681439386,29330.529643823214,30328.997578140083,31402.264655219566,32477.064913760005,33543.07141927525,34624.15268741653,35729.77145192478,36855.01950193669
4809.983152877824,5170.592162336858,5558.26768251389,5961.1798750529815,6363.082630712319,6761.726145655602,7163.662163341372,7572.712641213011,7989.646561470641
3691.6932245900935,3803.341514222167,3944.0779987927244,4099.4676621462795,4251.755751705414,4399.148190252661,4549.604819117985,4706.288369250291,4867.357440446414
5062.416515620643,5327.699414732178,5612.116207229001,5905.776340837236,6196.569752580784,6482.14684651119,6766.244283894716,7051.222260356045,7337.9123687243355
7015.691790081482,7103.29226172919,7218.017181010064,7346.030182789956,7470.14784746065,7588.499816508452,7707.115542204982,7828.417977266057,7951.532501986239
8565.415029544407,8889.768424347556,9278.502088787103,9705.575934787747,10136.136964809877,10566.400691188917,11009.626213063897,11471.825795773737,11952.38007454608
32756.09862913413,32651.578987352437,32741.241761286292,32929.65802981246,33099.90520742906,33249.46439502043,33428.11775366074,33654.42624906978,33921.645573855734
38353.13743605834,38158.89589030197,38134.5833793728,38177.94944661587,38164.44267422787,38098.44166576588,38041.87008914117,38019.46008559441,38027.04962189513
48227.261184892624,47529.87863719242,47038.542886420684,46671.8502486609,46332.1985713476,46013.06266383995,45749.701627210925,45553.90490428238,45417.19083057344
31887.668065833404,31215.134170669186,30716.208488179207,30310.9492271617,29903.876126901658,29494.692813539703,29124.684306009112,28808.952529526134,28541.71283474128
4593.60723971796,4756.02099016472,4941.533962250727,5139.204013541015,5334.618519170351,5525.929878926613,5718.6076005250425,5915.422731949139,6116.279525691873
8419.211188719719,8497.876326472606,8622.247267699622,8769.149093181537,8909.41786147335,9041.282920467995,9176.320423569312,9318.900126080087,9467.292162508633
10729.724176089781,10968.856867098175,11236.008765152506,11512.909152882854,11776.641851501252,12025.569304070248,12269.204544145632,12511.63863589129,12752.032174508675
8486.18990586299,8803.982886584985,9142.911240441348,9488.835705442822,9823.615160719166,10145.661892367412,10462.66516742574,10778.991675534511,11095.48107563643
37507.48992870477,38242.8614959577,39086.63409999654,39972.46477761713,40815.17158449241,41613.688552020685,42409.17055134119,43220.52654733123,44046.483172789834
16298.690355325354,16677.470932174394,17135.767089176443,17641.228783779385,18152.011246174352,18665.19665936746,19198.24778095396,19759.285622861244,20347.52124527631
6932.851141216328,7272.477974969034,7660.5485189863875,8083.583309357014,8523.717361747027,8977.621522272388,9450.681391474474,9945.625905337734,10462.678401339119
5570.116400345675,5761.085065821284,5990.358032853847,6240.980446308826,6492.532136992496,6738.476767932799,6981.256944129756,7225.275511804048,7474.523371868921
6474.80664999125,6659.123326344165,6852.808956683013,7045.229833022326,7222.837263903847,7385.32105292218,7539.056025423409,7686.650430270313,7827.675513038533
62428.57845736576,61957.142205459175,61756.36459927049,61691.037880418524,61594.05831078332,61461.09516972732,61363.13993520513,61327.63289865549,61344.90127048461
30125.468178066705,30096.71142810186,30185.008561221883,30333.074529724272,30471.30813546632,30597.077786198737,30739.364973210457,30909.415801720523,31103.018262657923
10407.43349820233,10676.014038430636,10998.98493996401,11354.248010028563,11713.648501951488,12074.449947197525,12447.361841716236,12837.13363415762,13242.757622473295
4923.334911358762,4913.699125559948,4933.2470882104635,4970.3620251627035,5011.258038364502,5054.525576935984,5104.763373763589,5163.6879000979325,5230.450700229442
2455.3049639876285,2577.8680731964378,2707.0023403423424,2837.451481199324,2962.7409699649097,3082.0602544055982,3198.067295349829,3312.59080202379,3426.8379846972516
23462.483069999565,23126.102214979768,22954.878146502586,22880.512291382944,22821.981298211846,22775.760709372873,22773.0679394685,22824.34049057222,22923.417466833904
50992.252852362326,51060.968900403466,51402.32784351868,51903.24603624437,52425.899969784965,52956.45924994765,53540.96443789367,54194.160442762324,54903.47875570101
14292.394800408507,14770.334951516832,15363.852088189467,16036.168864916866,16739.399324641483,17465.917239962986,18230.23590426484,19037.778659668893,19885.17987685448
21500.103280234613,21951.32270049408,22525.97530329721,23175.67381009872,23814.716872569552,24419.52096847834,25017.70893810238,25628.00534902699,26249.575317343035
8548.06138946905,8655.190300650547,8807.457230101694,8985.182138058331,9163.930266300236,9342.238239186574,9529.891271236675,9730.517792346473,9942.515960540646
88428.58235832833,89123.6379524703,90070.65214165843,91075.07444362874,91889.56480453753,92511.48637822283,93056.72808437834,93576.5021721846,94064.54416887644
3629.485448365312,3732.581856574582,3865.493778021755,4017.089885954811,4174.211174631202,4334.069246969181,4499.7103242814155,4672.193526105476,4850.809816708783
5117.977464660777,5390.016507736579,5673.330659287456,5957.942801284365,6231.111402727697,6490.6991577163535,6740.9465752241085,6983.254563239838,7216.629059972394
28249.898369428145,28862.32066146001,29627.43189581625,30486.744776773685,31364.62549210853,32254.13515940282,33184.09216186595,34166.50261511741,35197.35715315899
14630.771163720683,14752.774013931055,14971.267103417544,15244.50728045453,15519.95962124996,15796.487041931752,16097.687268030611,16433.455735128515,16802.2766685433
9013.994798096966,9209.025565643846,9427.019151122364,9641.78658585771,9821.461438412753,9965.958792180141,10090.945688187074,10203.475971299056,10303.758336837263
3297.680837898738,3462.2983171301516,3644.763507368369,3835.7945651614364,4023.4375815605986,4206.130624039247,4388.340078848343,4572.302397440834,4758.158325272391
14757.68208260598,14891.015923590045,15096.76289362632,15345.127631494788,15598.857788567746,15855.307983798995,16129.090573573843,16426.23645257077,16744.91866939631
32822.30228819262,32563.402909544588,32444.49275413047,32397.59262131213,32339.033288741637,32266.689338488075,32216.35342519306,32201.658996409547,32217.81774631697
6709.498272315685,6779.651877437494,6902.402557555153,7061.273257795824,7235.669650513788,7422.613625602827,7627.981459997016,7853.605125248317,8097.671310333242
47220.284368870845,47018.790603610214,47033.28968003544,47171.001441187036,47319.89535237007,47474.365257486636,47678.48658633772,47948.4219515402,48276.49332363439
16052.505849463027,16133.145147055724,16309.21920676499,16546.267672617596,16802.93735812262,17074.216900327014,17370.97899403983,17697.73946944888,18050.540736746847
22019.318007739166,22260.293694125885,22591.09174572674,22959.462062753406,23298.891115236413,23608.6481407119,23919.976732445804,24246.879616957376,24588.12056404227
5098.567087546168,5334.349412384759,5586.809461516523,5846.455857408996,6100.66844346426,6348.208200463362,6594.703970645963,6843.538658359567,7095.700207309261
27092.770576504496,27221.99273734033,27455.13615401584,27741.18817205487,28016.16257237576,28278.20510238913,28556.642304787554,28864.30013151838,29199.12016605678
13891.059919909289,13833.005210008085,13849.925552361834,13904.494467975854,13952.382545852844,13992.978031019273,14045.249151613802,14115.773796775602,14201.781457383551
65329.05517220231,64261.560761907946,63455.317358755216,62791.93270365226,62127.91454779525,61459.9694853322,60848.55529592014,60317.552657268454,59858.41456297078
5890.405205650675,6001.489636527555,6141.447488542592,6296.758468556279,6450.601386919156,6601.821695465791,6757.244377948602,6919.813646105862,7089.062652093944
50172.126932375155,49276.90845667379,48575.76709782187,47970.448134728846,47342.11419708156,46690.58771482886,46068.63082757384,45497.17270029494,44970.542423518695
1021.3393734555801,1115.2374416212372,1220.2660436802717,1337.8860043791542,1465.3884906576686,1598.6186419698379,1736.7592979893132,1879.1064267641782,2024.6688302846005
16828.283500534464,16657.306026690127,16597.983978825658,16610.277743494655,16647.383001202255,16704.145381920745,16794.782142031705,16923.278805912592,17085.043824401622
17300.873079150315,17422.494926317086,17607.08967705915,17824.4157318353,18038.187463655653,18245.77242357121,18460.767256037874,18687.94839889714,18924.645832144517
13212.744079016811,13224.39261840902,13303.3460334655,13418.580192137213,13533.13363663243,13644.067736899513,13764.740925982871,13900.162221099723,14048.407026425628
73854.11620451316,72502.55509163746,71592.26958701597,70922.99114414214,70260.0789367937,69598.22905991302,69031.82841913031,68591.67421984703,68259.3320730186
22322.041558554985,22461.451498497285,22747.903992915548,23125.031493583137,23523.438031575115,23937.842667968496,24394.074348336995,24901.560709306395,25455.60874557154
20582.145582240722,21852.10895391928,23226.17939917398,24651.372247631516,26060.104485791708,27439.13702073142,28807.781865157063,30174.63838144319,31536.38756846556
-862.4551182515988,-779.92283180483,-698.3826836364099,-617.1256822833499,-534.542605634905,-451.9462369677502,-371.8389215659144,-295.72650726317266,-223.75094241872623
35141.29310092265,35106.55177099577,35281.421190374516,35572.378382424824,35865.82816885916,36151.632837538804,36468.867140181654,36829.99922573898,37225.04491948258
3821.95456441792,3956.2452232918363,4113.396160892186,4284.336994643887,4457.755702720034,4631.038530861733,4806.606208530596,4985.315996586597,5166.506999135542
24499.55891402609,24590.91375532051,24793.4321023971,25053.76750830135,25305.087372820974,25545.506705555596,25804.198360329912,26093.15578005967,26409.39602343846
9087.641977650412,9270.398398928533,9502.365546101322,9754.855044529097,9992.223532274176,10212.108414477254,10428.957088420579,10649.009364526946,10871.44360563704
3180.095533870718,3214.4714127282473,3264.5634595666293,3321.266051771927,3373.257676368267,3420.5598355086404,3468.6771404280003,3520.1278714274463,3574.8943357916355
-81.73320495650955,-84.80211037758905,-87.98845444015964,-90.88666542959422,-93.12677489467228,-96.09458093048036,-100.96743759368772,-108.17817515933152,-118.10455029000246
10998.190955652126,11354.62177058553,11780.201372133854,12240.013751283535,12688.076186107943,13122.45400170093,13563.612655877962,14020.24182233426,14490.944116529212
13395.092063663424,13524.272233744106,13711.515315975914,13924.226165885902,14121.207940994376,14303.356354184185,14491.807515500997,14696.24535976033,14916.587139534886
19662.108050388604,19432.799104103036,19330.798706728157,19307.962155406232,19308.588204201427,19327.01216835765,19380.476459017915,19473.576020056957,19600.753640745927
74320.07410472851,73434.14720392962,72981.00194419704,72774.71477975664,72590.69257115177,72426.79884174021,72379.68322855321,72483.60968393818,72724.07756087574
56992.19082564093,56541.349340614266,56438.530256340695,56521.72654525719,56603.58845838014,56683.08648562015,56839.396012910554,57096.323613133965,57437.90162051661
2373.118264354972,2475.6457215110167,2587.1041376912985,2702.428770567109,2815.6563533688577,2925.7164583501344,3034.359512236599,3142.801274475367,3251.498864461608
3712.654718877614,3933.703775818247,4153.520993070481,4365.668821894905,4562.13270219027,4743.077561693637,4913.794877085449,5078.236861681362,5238.544929025238
42128.17076140736,42794.424380604694,43665.276055893446,44644.884395632405,45608.79342835854,46550.8900557338,47523.7356784802,48548.61559020368,49618.54978684232
3221.055500014574,3389.735650364986,3587.730922940648,3804.619144051726,4026.5066096949113,4250.071983123981,4478.751876606428,4713.947357559101,4954.877456002062
2597.2834160149887,2693.6537581339653,2792.5251731533044,2886.3767901399483,2966.13218004246,3030.7412245517608,3083.373644078215,3125.142756588118,3155.30852019106
37395.03932863315,38100.22276982846,38873.077446213494,39648.580975812714,40339.98329224693,40946.10515221472,41508.169876113,42045.587314218865,42556.58916321473
4784.08231090593,4989.400122997311,5211.841645230908,5441.3631356754395,5665.251088464564,5881.4245734439655,6094.117119415434,6305.866444911091,6517.472637569865
30297.736589112443,30620.093385190678,31027.263217704247,31451.2402400472,31805.882399166676,32091.41966943975,32350.520391748327,32603.564917199423,32850.631052327866
31065.32107488406,31563.492599327154,32150.63433343614,32760.466763368953,33311.054475298464,33803.11610177315,34277.96617725179,34754.70693777602,35233.337317020494
16346.26214650495,16540.74308342556,16844.573808084628,17213.13364527148,17590.641000830128,17972.96905054976,18381.448022679913,18824.26501338498,19298.25003911271
52034.48058373456,51875.94276873838,51863.623879782,51901.20908722275,51874.20168406416,51782.12733194866,51677.33238204337,51581.717945544515,51491.85903654724
9042.113746192008,9274.18954841078,9570.103891536268,9904.317451191964,10242.89510345459,10583.8248350397,10941.686815802148,11322.766325798299,11726.161839946593
36142.12315600196,36742.1085762237,37479.67497076017,38255.84058949373,38943.43359721495,39541.43285824005,40110.33044071159,40677.01804169311,41239.06209746506
7934.884068561419,8064.9957072537945,8212.001194800103,8362.858798855663,8500.734508894726,8625.009522283875,8743.142310248579,8858.259876189726,8969.765198157309
25115.631838668076,25480.220696599157,25967.283143142933,26510.493197229458,27023.840815034688,27506.50990534578,27999.479815935934,28520.922797925552,29069.181463230572
2739.6133036415245,2869.3340437412962,3005.2562679092716,3141.853511619873,3272.152559901637,3395.5063318434063,3515.0377447183855,3632.7014494614596,3749.2882390041077
65995.53210224304,65142.49547907325,64691.02300864121,64469.89389992356,64273.15255536171,64088.3345674903,63990.417614022284,64002.08223488019,64103.396875145205
15932.800035098051,16328.294142235918,16813.23069014024,17357.26778462117,17921.28534882669,18500.464902075877,19108.369600133476,19750.571298627226,20424.992166235803
12213.203450525076,12188.751483426593,12256.735880211852,12380.912433067404,12517.09213499917,12662.807959704405,12835.171785972265,13040.257316573927,13275.019455582564
39601.164806528395,39975.207522214216,40468.074645396606,41005.118828678336,41494.05232061356,41931.08395261223,42356.5254414425,42789.098934787675,43227.37856455902
14774.308861540403,15055.83313390271,15366.28039946261,15679.644145973105,15964.008046889108,16220.910035452349,16467.739139107453,16711.779190869758,16952.717466085698
5283.923724354235,5378.970461773005,5494.571557047663,5618.071196295545,5732.982483247058,5838.8280941129315,5943.171856170557,6049.535051155354,6157.728816014005
1192.3337785345987,1208.462042842013,1230.9804873205348,1255.1380159284886,1274.905454131268,1288.992558374425,1299.6087579396037,1307.4726063806675,1311.4463245706347
27458.930858740037,27574.78366731749,27802.08044931036,28086.07762995697,28358.50562889987,28618.660232428858,28898.203052245084,29210.873784437354,29554.680600588203
7050.089640906496,7115.180678658292,7212.395794435357,7320.9035852105,7413.871971874813,7492.224957618129,7569.86798173596,7653.454853383694,7743.719968254606
4095.893030202368,4214.256895092088,4357.175517407557,4513.99377255488,4671.655928052945,4828.755309655432,4989.992820749404,5157.440667980169,5330.867381377638
10567.066577700118,10748.688857469742,10983.121576621726,11249.990546549758,11523.293337353682,11800.049842761893,12089.265265241429,12394.551976416125,12714.332471694945
12335.06069430201,12219.115626285982,12204.518871186625,12255.478239947613,12330.131723658385,12424.055549400931,12550.243197206646,12712.188455127825,12905.940311885714
6578.793064860888,6623.196777344235,6696.0071902517575,6779.828510703216,6852.682711115132,6914.563024943396,6975.846228886202,7040.74698217731,7108.5307492446245
9967.855953359152,9894.794877284598,9883.434789495741,9902.531051361118,9914.212717481687,9918.14243148159,9930.783206201619,9958.002897356666,9997.60758500585
5301.629288404287,5404.214302774889,5534.902623340782,5679.828210315183,5821.058974602061,5957.179481814983,6095.44814814535,6239.144846424289,6388.031538707923
11297.72794598568,11325.485108701867,11408.819387927071,11521.124937749359,11629.874036281792,11732.564512146833,11842.402035173758,11968.769349977209,12111.180192876283
23259.05741613728,23553.477597448746,23917.289384419088,24312.98197264297,24693.187705890246,25056.260477027008,25423.3643159928,25803.997356455235,26196.941844792404
40284.22537920283,41041.54766733405,41926.776026438616,42852.6299087829,43706.115211464356,44483.83162609008,45237.50895897878,45990.58570054242,46740.30064513011
26584.921986386737,26291.461451501196,26105.55338553974,25972.058983145154,25823.718205153193,25660.20010840218,25511.6045271454,25390.134789653486,25292.836667972464
5783.2314995702845,5958.530072817839,6166.793539118661,6396.246335931881,6631.136707728212,6869.572025681511,7117.107081461857,7375.966780100835,7645.253297726097
13269.412128361319,13620.020104331714,14039.965897866863,14505.475203453838,14985.538935779607,15476.21730019233,15988.176278880075,16525.699922239284,17086.92208603016
3050.0985880380435,3106.478956508315,3179.9925963035616,3263.8351343207355,3349.8050933847626,3436.6305239176904,3526.5662999480005,3620.1193298335106,3716.3762642221873
25372.6058319699,25166.013088590484,25084.39529986495,25076.988287744764,25082.657226316984,25098.028641913676,25146.254291674926,25235.853967085015,25362.574025710728
7366.7934234588,7386.8770665835045,7442.568824513736,7513.985784872766,7576.291587744913,7629.220308349165,7684.10226830999,7745.751589511085,7813.522778601908
23790.98296268941,23957.976776531043,24238.099210338467,24583.54126425887,24933.409139906365,25285.86397508964,25667.79518668905,26090.83432731696,26552.87289275117
23184.73682003316,22816.21004099995,22595.10513582961,22466.61306116907,22367.90006510375,22292.355781698596,22259.258906170126,22274.076510146333,22330.90677660123
7590.940616643429,7713.7808766634125,7868.164420012478,8040.466768057498,8213.713486757033,8385.963799457735,8563.15234468046,8747.671769131024,8938.46035359921
24762.087273958376,25087.435389046394,25572.318004424254,26156.901932058034,26767.191404669833,27394.57217370186,28063.416612287332,28782.14984153247,29544.9669405119
45561.405823939,45224.70954355977,45112.007693239735,45136.49979256538,45194.443899660226,45276.557626544134,45418.049700994045,45630.49800002689,45905.096352410335
6866.767857775169,6915.775436789348,7002.758702914641,7110.481114245489,7217.344971476013,7321.381417538348,7430.386741458365,7547.200701148393,7670.244274470744
2682.0497126500645,2829.6926264839426,2981.9811271930494,3135.4463298725586,3285.461286301605,3432.2407680634738,3579.290808758197,3729.064359957625,3882.8449701092486
10640.654953271858,10700.138083021386,10789.301643501896,10888.49009531843,10973.668381257152,11045.777976607085,11117.258349482812,11193.247413827443,11273.080790038584
16994.171899085286,17356.31333058894,17821.698331320884,18337.606424389884,18837.0027014242,19318.76894026368,19813.622073379076,20332.889953794092,20872.86206455347
7131.794996665427,7254.9974850525605,7407.519211654164,7577.971971275981,7751.358152646617,7926.3198300490185,8108.649619418019,8300.88101200938,8502.43289441841
10537.240165929408,10551.566442280619,10630.24983278287,10743.964575320872,10857.094931504063,10966.511219534803,11084.879962848878,11216.760823031933,11359.849946435816
36780.27317578529,35960.00485007361,35374.41460241871,34922.989520746414,34491.975705023266,34076.05303306422,33716.29625241975,33424.14028224805,33189.12174559376
31022.060325203216,30391.74625796653,29899.82597052048,29487.55593174404,29085.143634419437,28689.471681197803,28327.325098033554,28008.15562611793,27726.740770664772
9243.964752912743,9362.001191269528,9501.722734522413,9648.422982711592,9783.281090362165,9905.932105540596,10025.082707439604,10144.495466289145,10263.71788882295
45596.554932825464,45715.035564876984,45988.68972182334,46313.11621225373,46556.18291809837,46716.90647608799,46856.37296920976,47001.17442725227,47148.09873766326
4843.264373599006,5010.952310784395,5202.10822161785,5406.095236323074,5609.180084856329,5809.94833699148,6013.696111449995,6222.9940901903165,6437.764421150221
7107.90419048474,7264.786522365734,7462.662535484118,7680.732100560649,7891.753841951776,8094.217991801648,8299.927226674568,8514.012831254735,8735.526427020406
100030.95553253024,98210.60937829947,97035.94205448417,96227.87299469452,95457.09177323649,94712.38345530484,94122.7752433697,93730.62272338738,93509.80679657368
5137.2556626416335,5444.871715802305,5789.12212164689,6155.079920100451,6522.8949183562545,6890.28685060384,7265.181239349763,7651.790906726772,8050.838732394953
9379.064189874429,9422.6227265579,9533.043155779582,9676.326984491197,9811.671064738435,9938.481795451378,10075.54524815392,10231.349948790945,10403.36565832131
21469.235271060898,21624.94603163537,21848.427229835874,22094.951164727623,22307.35059572696,22486.798688661365,22662.65566257769,22848.69568629807,23044.60305502011
61213.090637974004,60518.0120130705,60077.266689190954,59769.43311257143,59447.359843071376,59103.74035483957,58795.47004481178,58542.92431901813,58335.58594799515
32046.08197306618,32288.33590286313,32714.305011893244,33265.8094305373,33872.55449666233,34525.08296962182,35244.47664005929,36037.82514047854,36899.01151943626
23356.278837719492,23199.26903402531,23201.440750892358,23295.066492008074,23398.536197575908,23510.77019121566,23667.56798708803,23883.464490524017,24155.84168816657
2574.3873776388973,2785.2907484448474,3016.1800842831,3260.144078482231,3509.105450497684,3759.8924419370865,4012.755797200207,4267.468551853776,4523.706803800875
5148.498610399203,5398.110756896044,5661.478975788826,5921.631757209393,6156.721441936327,6364.515885161611,6554.0916878380995,6730.752378944641,6896.145132790394
21606.833468896268,21470.555496233686,21426.942851468168,21424.248864763915,21397.69320549373,21348.231903160915,21306.927460932453,21286.889432819848,21286.180764537017
4779.220328180577,4985.140688879956,5207.12005582816,5435.276722088716,5656.189918341034,5867.95647911108,6075.987101754493,6283.859094815872,6492.6745143156995
947.9127070253177,1051.2388264572567,1167.5731008960054,1293.3950454756975,1422.7378425739826,1553.3238170876273,1686.2983997166823,1822.6534881288367,1962.392975770875
9057.588966059728,9306.620222517655,9610.732658824021,9951.599967350956,10305.465057541622,10669.136979447932,11050.749289923084,11453.996461457122,11878.09995052831
7703.68177174377,7833.837194829579,8012.0141489279085,8221.73804790281,8442.178766074714,8670.109792319015,8911.793705077831,9169.673555118205,9442.656704357172
34114.02982389276,34370.869610123256,34777.07887916646,35245.114161317724,35665.897074514665,36034.20976522089,36395.76540538914,36769.821079452275,37152.60470512778
13915.287874409674,14307.053973095833,14764.074330387066,15255.530434831657,15740.51107523071,16217.009729729953,16703.54423083907,17208.778350414552,17732.078301351852
4182.817674304978,4323.011407365352,4486.789596982542,4663.576902765521,4839.744842743293,5013.067341739627,5188.009605381463,5366.427155126711,5547.580825522351
7403.076714587541,7794.207797809315,8233.320999469912,8695.106524012313,9144.888203013104,9581.597902140784,10021.798934692004,10473.429269497092,10936.635703589407
4893.265490890284,5261.683377870023,5653.378596950265,6060.355212543771,6471.333179307596,6883.542613080326,7300.431749222843,7724.322286784804,8155.949304235712
24782.78889499646,25277.24642299058,25909.956410731458,26607.81289085551,27275.164109777103,27910.918668295468,28560.18297370251,29241.739825435045,29952.13447555208
53782.99005629274,52832.68018344523,52181.3682620367,51685.80111087815,51173.965916590074,50645.837956632095,50177.38803178319,49797.86197959888,49497.839769408805
8087.602720412128,8104.049778132296,8158.891180115151,8233.517552293533,8305.101424221253,8373.210150510875,8447.891240003151,8533.041655929366,8627.47843048686
920.9326284971133,1044.2158491696005,1173.443370662984,1306.9103016200077,1442.558772357555,1578.592914994149,1714.2883734135632,1849.475478443695,1984.34758065185
4095.0585876010164,4256.194715219292,4431.194400608733,4611.154990018897,4784.996165872394,4949.91812388495,5108.393740807431,5261.728012229869,5410.185293467961
41984.68776208988,41990.05938749478,42211.97939081169,42552.805300137225,42894.038815962005,43221.680002514346,43572.674187233264,43958.59309145287,44368.83696838862
3235.3212043123735,3356.463666684835,3491.982884519129,3633.2446753067184,3769.659008675946,3898.792163959868,4022.985395026849,4142.374031477583,4255.229918539298
13896.030121324347,14237.609698243168,14633.031079945791,15042.119685861608,15412.908267538858,15744.826087108942,16062.977409392983,16378.899769418209,16692.45999997074
10295.467747420398,10665.144299418831,11079.643312891503,11517.10699557414,11948.22724260474,12371.171678361274,12798.998380981162,13238.198232787418,13688.868847929622
9878.938250137888,10076.95299829492,10311.403349929757,10564.514880744653,10813.511305329093,11056.110006137475,11300.734180642254,11551.20446164885,11806.710302188192
18356.130257611898,18442.304292215704,18612.03614068083,18828.043465400795,19047.588814059727,19267.08024254507,19502.26303487144,19760.6088221617,20044.5524176403
17023.64009667136,17703.647311939305,18520.77552627767,19423.879014219758,20345.272622440574,21275.86637652448,22238.777049766268,23243.195017726903,24285.492772236415
16162.657232893918,16270.700457006771,16483.090105676598,16759.45599152992,17049.87485338756,17350.550983607583,17680.421659493117,18047.091111125967,18448.08705071097
53228.08411132304,52873.68378400776,52857.576400523954,53036.03280400393,53234.155866842426,53443.740455541345,53733.3009601026,54126.498487468554,54610.15602055916
4074.6234777531104,4138.489860296523,4208.786852711852,4277.4379397236025,4334.786881823306,4380.273286013227,4418.284277140497,4451.366244159111,4480.2518870585545
8250.065359302145,8303.702648813167,8405.27367007378,8529.107816907768,8642.597338143742,8746.340739924353,8856.30404986353,8979.080147174416,9113.808769253403
50969.38947166633,50377.76701931401,50022.35377730306,49795.07139230982,49566.28251645475,49329.800977797466,49136.54942514275,49005.65985873353,48929.484740563166
2401.5069139825673,2429.8882203407393,2464.7840696875287,2502.451817339871,2538.628324313126,2572.0080564681066,2603.2739613420454,2632.7569970083423,2660.342783809553
21825.5044364168,21784.257327247684,21855.40441874148,21978.235154437803,22078.715261983187,22158.178429655025,22250.676075642506,22367.924473495863,22507.00294799973
14452.788753568324,14592.223490814727,14777.9875928052,14979.27578154914,15156.832375012667,15309.95778064481,15456.7545932398,15605.147639948835,15753.914187179234
3110.2543864880813,3163.974477527364,3246.3929039080135,3345.755534472608,3448.3551118370724,3551.02499345443,3655.9859315160506,3763.729261440147,3873.526584404268
34011.034192743544,33889.0156014327,33924.618557021226,34055.0780971686,34211.61912424327,34387.565624263196,34603.35336201115,34861.83934915544,35153.119061734644
31616.174665771632,31194.155922822403,30923.584062795242,30721.714010034935,30490.341673294002,30229.44205977058,29983.00260345741,29768.411445797094,29581.818518033917
9009.375483675489,9255.571859829073,9545.614163045397,9859.617302556091,10171.739112215293,10480.461786059126,10797.076986718253,11127.144645494343,11470.832098832921
9061.407840293246,9170.967088206902,9313.99154390158,9469.997321958028,9611.866714873944,9739.741748178545,9867.27136353205,10000.648774726282,10139.630874474346
6380.66007547417,6724.9459137957,7092.6005931739055,7473.420330678789,7852.964631261241,8227.35208749594,8599.480895871211,8970.06108444743,9337.193510143288
32678.62640995316,32585.461357288194,32640.643749373183,32767.682820108585,32871.94092606883,32953.0528061642,33054.878200570114,33196.61708634373,33374.694119985645
12418.523987050952,12412.36166478801,12442.115624770702,12486.649326808523,12519.704119386539,12541.027078755882,12562.742278843201,12590.247194049522,12623.036245810317
20141.037937978672,20264.05643910306,20474.29290262175,20738.190174202784,21012.7227903793,21295.418452492446,21603.739806143527,21944.76386853427,22315.96548969423
6144.655429622628,6490.915723002733,6867.565104580188,7261.613171518315,7656.057063580978,8047.341182885337,8439.751654423335,8834.463158169712,9232.174439074353
10670.674302963294,10954.553527045631,11276.324596899165,11617.474263344218,11953.322867317904,12282.641555113052,12616.6273107051,12960.729143636103,13314.705544704308
32739.613299208664,32583.011660934968,32578.363847600653,32658.20694882272,32741.544908076914,32825.86519868212,32944.40879517796,33108.707288240636,33312.66249482289
1198.1687609358162,1345.7975882557562,1514.2225083810436,1699.728370102802,1896.8888719919485,2102.63141007629,2316.9817241667483,2540.58712189028,2773.0075408403754
16359.059925979045,16316.490781310791,16363.294434162319,16465.54247291582,16581.555243546805,16708.18626192634,16860.817926997865,17045.062943833713,17257.832211239354
14669.792805378855,15522.731934815642,16482.97862584368,17518.628496866346,18588.87054518183,19684.067202330265,20813.562955719277,21981.065287155216,23184.34944491587
14170.124954717618,14286.035954538665,14472.988913302506,14697.055670806141,14915.016273932142,15125.640650140856,15348.14038452194,15590.64567290882,15851.535527982624
4449.0031341234835,4617.871378931652,4801.973325892488,4989.315575151098,5165.0991378938,5327.639026951137,5482.54990941414,5631.576831576894,5773.428221789258
28435.972291152833,28292.42620796978,28297.394934866366,28391.769801872444,28503.069998587445,28628.061471855406,28796.055973789564,29018.368098703035,29290.622357410793
48054.82890436921,47641.198246321146,47395.082599437104,47224.434255255954,47015.540007639625,46767.49160899401,46531.59417398224,46329.45790955486,46157.06467763807
6667.521407482228,6943.4449644481265,7254.5387968310715,7588.4201077478765,7929.117420004674,8274.50172583549,8630.35379888075,8999.653092904266,9382.85383746012
-1189.6219382357942,-1217.617604367527,-1246.5500250160314,-1274.213044822622,-1297.4812473345264,-1317.4764665395587,-1337.5006941868867,-1359.703900503036,-1385.0938240168173
18485.654023947784,18522.12732449571,18651.72757573944,18827.110441972683,18989.624455194593,19138.109961521648,19298.624514270006,19481.48330364851,19683.832285447665
29046.105835780196,29006.489002463684,29128.135049310262,29330.31605815684,29513.824115415016,29677.87128826703,29867.263007625595,30099.520835917116,30370.1963945304
59090.69635429464,58790.06830637894,58791.34201300537,58942.68326380617,59062.43651690605,59139.646244851596,59242.75658448475,59395.1317289516,59583.30341484637
698.0387280866217,706.3761521301608,719.1776957160621,734.3225140772058,747.2551743733898,756.0091227882807,762.1991396812255,767.8751392231868,773.6267096427787
5616.2592268278795,5733.8555184880615,5858.737582738977,5980.663474841671,6086.773626164155,6176.016005788655,6253.690884959562,6322.269137235085,6381.605013440807
33442.26591309078,33508.49973724716,33687.44107070062,33921.93605808743,34141.97051635191,34346.826762385834,34567.920646695675,34817.2951271781,35091.0666934067
5148.738496628414,5341.492471607266,5574.293376594795,5831.905558455732,6093.915715582275,6350.387091489117,6603.639954724378,6860.012894606168,7120.864363450328
42700.364223303215,42915.06296989203,43351.4398782845,43912.0319635235,44473.15630077805,45032.51844758566,45645.71356908567,46335.42969744329,47095.953413912175
22230.77675367934,21984.83923497743,21857.965278340373,21793.893769189788,21725.14315851746,21650.174630353937,21597.14138817759,21576.39076632317,21583.618601116166
12764.255201638276,13050.481192313115,13380.57606121621,13734.140223543258,14084.498658948813,14430.475507421346,14784.24265685254,15151.923717465183,15533.644922023768
10411.055656501023,10647.906829829037,10963.25960981201,11322.366944256106,11680.890825475652,12036.533910977327,12407.972900852252,12802.821658072624,13219.632483251044
65145.54358502754,64814.3967685712,64812.15104434784,64980.71681229975,65132.65606519777,65262.18664869889,65446.065854391614,65711.2327725913,66045.6351913661
23431.1977425437,23138.6036968027,22984.17841435668,22902.010802789584,22814.16492111262,22720.282489186542,22653.773413644685,22626.141034705284,22632.07445745649
3967.8913603013816,4123.998533654984,4307.4466115168925,4509.006093189885,4716.203459799275,4926.329682289668,5142.727751748439,5366.957443734212,5598.547392562949
9079.746587778527,9286.1212652614,9529.944223130651,9795.072873681169,10061.561204430094,10326.057146940448,10594.46826746242,10869.243697158132,11149.428192180416
5526.176083597591,5750.967419220203,6006.349358788044,6278.679064191645,6549.906666731491,6817.246344338049,7087.486325940242,7365.158314769036,7650.361746550938
19247.922911168775,19438.791653052416,19715.505996824642,20025.74359453998,20302.58080698063,20547.718303827227,20795.148753743033,21059.397374570926,21339.09436116586
20329.38128214497,20694.30408375038,21164.05428632638,21701.066495592248,22260.286084586965,22836.326248514622,23443.882383704273,24087.838360573514,24764.71274289164
20207.87645786734,20753.637924654508,21376.52456822414,22035.820552233523,22678.308051717286,23301.056443557714,23927.54335547417,24568.8367967009,25224.08977938514
67048.13298069676,67950.34792975037,69020.74958888255,70131.11085117755,71114.27569145797,71970.12355036249,72779.77365652518,73579.37320677143,74364.52977605154
7480.210868628839,7827.947282877627,8204.360693407873,8589.124919003767,8955.324179373541,9302.378256661676,9644.091602030572,9988.087192790577,10336.049530908773
36865.68520947215,36235.35782266385,35867.909223823575,35647.61364147855,35436.92919884128,35233.09521567528,35091.97909782889,35031.994628001215,35042.72975104609
37048.90558870608,36844.41834330971,36858.17686566356,36987.2350514322,37106.99560020823,37213.86845600677,37359.71840411783,37563.81137622952,37819.00052517815
19344.082252906774,19538.23889886828,19821.26729652724,20141.260746315817,20432.39583361891,20693.640500550377,20955.426916670105,21230.983129141925,21518.758150632933
2310.0828069132835,2286.7031022068677,2267.7394959069966,2247.4684564699105,2219.4997078025344,2183.0852464204063,2140.3105231222107,2091.9687696792703,2037.7965489436033
40845.08892797525,40596.7970269354,40602.10183260665,40720.113591846435,40777.27009052115,40782.62521305456,40824.08242701048,40934.62518219338,41106.94098815309
26015.64820904006,25965.127055876354,26030.91897420382,26165.17219957835,26308.536331699383,26457.37082190687,26634.7764776283,26849.822732017634,27098.978469151698
18465.5746553308,18015.002697763375,17682.248611248942,17417.28803088877,17161.934328133997,16914.314892807008,16697.412606149024,16519.57418229062,16376.36527397271
9848.24174454348,9911.568332857873,10041.246738171154,10209.770580043041,10383.483762601938,10560.638305625342,10754.670926727767,10970.434878741331,11205.68387098543
12159.98716897211,12069.85234571809,12039.590529569243,12045.920653022902,12062.279480537973,12085.273661482888,12122.632823760503,12177.105607642969,12246.983105055388
4516.967065556149,4761.5765649392615,5049.716881006831,5370.0731415286855,5706.616496279587,6056.426107077459,6424.473969311301,6812.544473050047,7219.905413992826
7415.330055924991,7702.094278391783,8012.146608954621,8331.30866491624,8641.578115478258,8941.76486246979,9240.012400255997,9541.007950102463,9846.022202993005
48780.94587409287,47678.33149068982,46924.82744034726,46357.917548348545,45786.74139810182,45213.47538574365,44721.539996380234,44338.83083565188,44052.37982740485
3607.027905488591,3668.405647889765,3746.612247793714,3831.6552999099263,3910.965324457806,3983.254176569847,4052.8213290187,4121.237339037961,4188.278398768523
15365.188574439238,15321.440027716259,15383.212202176985,15504.20177932504,15627.52963382044,15753.625268075344,15908.342410376943,16100.683990731028,16326.687333260894
2496.163745099352,2616.5976976447146,2740.76129046727,2864.498242001924,2982.5725144240914,3094.6419525784895,3203.527092545038,3311.1335294933933,3418.3456694429833
42875.718657527155,42866.244717845526,43050.22587351898,43329.66424431049,43585.54272884885,43813.78925045824,44064.88958052492,44359.9407710017,44695.698518514175
12265.426909213635,12255.290422815331,12320.747492626746,12432.31889564111,12556.942656105351,12689.746195532522,12838.98511310975,13006.08287146322,13187.127571341276
61432.914777627244,61757.045800920685,62238.14090853672,62757.00467077612,63161.47408022686,63451.775407984795,63701.49947588041,63944.20634142178,64177.451433056674
24553.144579535718,24439.138523438596,24458.250784746942,24543.444235701736,24611.92001550764,24663.428164405683,24735.359027681054,24842.367381548036,24980.63472620342
17403.569627977726,17670.313577480367,17986.89959618516,18316.050639226585,18614.051923455827,18883.569886359754,19147.999461726955,19415.75737462243,19684.89797221339
4926.217874575396,5024.007983824253,5135.4970484744035,5251.476249845497,5360.165284168637,5460.946721169381,5559.106687303027,5657.3728289246255,5755.97346304412
55837.3732918026,54861.25112095279,54166.39429950761,53639.20953916357,53145.134134980326,52675.99471010517,52280.824068797665,51975.90215196511,51750.01227523792
86449.05555198145,85084.5378379516,84235.11663283454,83653.38799665305,83045.3510553468,82403.81411352435,81848.63868930528,81421.55035611922,81102.43243798295
13530.395485228919,13759.223805125534,14052.203481265198,14376.970707242705,14692.024129494766,14995.437070712358,15305.415240058093,15630.114406533647,15968.57506579659
8618.597266625948,8956.706642612333,9342.04417379842,9753.571344989105,10162.672396144442,10566.03426163293,10974.39518135183,11392.68747338653,11820.026070962504
7244.919241856051,7564.958101228369,7899.091903704674,8236.11201276178,8560.775515793404,8872.921804345815,9180.847176500356,9489.268501367844,9799.230413350262
5244.632458601047,5417.338688487218,5607.9729270073285,5805.110870500169,5993.695528852061,6171.280469564017,6342.999427876046,6511.515891159046,6676.92762155719
11129.92980923174,11230.52446050857,11375.095782798657,11532.691332142605,11664.709040405834,11771.971778923316,11873.24710730715,11976.263830613645,12079.828512354958
2205.0976311330396,2373.0919322753853,2533.4328418356154,2680.146868729425,2806.59127498345,2911.4669079992536,2998.0385732895784,3069.8456362164316,3129.943908791643
2429.8237012802006,2482.677607291479,2549.8343956516983,2624.8063901806913,2699.7190694285387,2773.5566990202815,2848.934028809366,2926.906797854013,3007.1385890913216
42903.14165579459,42630.780016158475,42568.77217833987,42617.50855088759,42654.33467750648,42677.28165782479,42740.2628035372,42864.970898028005,43045.83643562598
6151.528207747445,6340.9089870779835,6576.523436220837,6842.3494917372045,7117.779241657464,7400.280305693305,7696.893878623468,8010.30656851386,8339.268225276845
3942.3643949711873,4192.990013306174,4465.878437079089,4749.528781267701,5027.951606363393,5299.108989746643,5569.627550308292,5843.394380788469,6121.266281947299
15167.700751800241,14970.539536721506,14833.056040564545,14727.584807513074,14620.212264641516,14510.49030655147,14413.281720153962,14334.495809298991,14272.530319821877
8916.660008279257,9164.075572024482,9442.177131572374,9732.830022566473,10012.900046955738,10279.78572342023,10541.98205777522,10803.429861463665,11063.527577921888
19579.196328981136,19499.96331893945,19515.08270157401,19577.247465546476,19629.930503284642,19671.15619978425,19724.06898020171,19797.55919773313,19888.775648577433
22806.508397617472,23094.08001085249,23450.486860060348,23836.615954183733,24206.46182470009,24556.41461735229,24903.36149842141,25252.96112731371,25601.662338328613
5320.926031794953,5380.954151462671,5467.3069184859405,5566.615896323104,5661.8903315185335,5752.724910143751,5846.678150610306,5946.814700654358,6052.49618954705
16490.99912878734,16490.28947123294,16568.740183609218,16687.865416058805,16799.79774994131,16903.74290449384,17021.15594548599,17160.999559316708,17321.434459294745
69471.55875796716,68023.25037159906,66998.1871733251,66209.29459054949,65438.352951373985,64679.488299101664,64019.64210700743,63488.15308053167,63069.37740398661
7988.749754944742,8132.9383048299105,8338.057765500962,8577.609853186155,8818.35875698311,9058.514764896161,9311.759238730649,9583.506425823018,9872.439873289264
7582.143139453209,7646.677074760173,7761.070931268848,7905.479666245011,8055.732977025238,8210.120290859599,8377.887636430713,8562.681922912383,8763.365101407056
10443.957672080644,10681.651409617894,11015.48987808278,11409.409394295055,11816.689849216213,12235.403154680309,12685.957720824697,13176.77175891237,13706.365547168236
15157.935032795167,15981.528924226828,16879.09734488464,17808.15079462229,18714.451740381694,19588.931120784626,20449.12223369771,21303.806508844424,22152.351811722252
2655.950530981309,2745.545379558511,2855.9282273718018,2980.78533956638,3111.1696655360593,3244.443291009961,3382.2720496749234,3524.924905094147,3671.0342235900557
33534.38388113652,33699.50300323253,33977.53062197386,34312.89900931818,34634.5667340361,34940.13452384544,35260.58842179192,35609.091155968,35982.454925951824
37313.92352385539,37096.04117940748,37088.07364794254,37170.67995720164,37199.352861219915,37178.515280945336,37177.004008263444,37221.51199209816,37305.68724160761
17418.67337466441,17935.13035062582,18481.89880232475,19022.543069518255,19509.527697605787,19942.691299155675,20346.539009418666,20733.79360478591,21105.854041872717
-203.84327748849168,-148.93952533953933,-100.22346149387619,-57.45506091288374,-20.881984074925107,7.4612981174096005,25.717134450329674,32.66443416006881,27.07733270899797
2584.278893373715,2632.650160711561,2686.756044844687,2741.1261823651416,2788.6494785763257,2829.1874643163105,2866.12153614175,2901.087964520775,2934.1920274058366
12270.731963482105,12449.420570611295,12709.32541120219,13027.569911093922,13375.92048672281,13751.153266834619,14162.297659151556,14611.907676382189,15097.3875194928
4430.474402838086,4526.993702054025,4655.73689112164,4805.412610391631,4961.815476265086,5123.541533894778,5295.595708495624,5479.389497567529,5673.209026306942
12039.328591170322,12153.747369775892,12357.208700278965,12618.031088073905,12897.976085466062,13193.034791462547,13516.382898798185,13873.057551335864,14260.892095647881
9145.039866378209,9345.127581784345,9583.759175769179,9835.349803199895,10067.505024525666,10280.021530908607,10488.549153800637,10700.349139865206,10915.336209266849
13762.181686719496,13812.161480853983,13941.03540350918,14108.425058265448,14263.701383673582,14407.506822397203,14564.368693693352,14744.62370034303,14947.017756027763
10412.200952986279,10662.405733653972,10931.527296905904,11203.383656367712,11456.605897375812,11691.363296115916,11919.322597750373,12147.575877777257,12377.071942848821
26275.032278316357,26788.8113232902,27434.23407311132,28147.665316683317,28847.95918475666,29524.762046165262,30204.938405659632,30898.772660077113,31601.17838442449
2692.4980434597464,2753.035041943359,2818.2492216861583,2883.9616191889795,2944.7191249915286,3000.095501935776,3052.6825754311626,3103.9979847575178,3154.3968076553288
11663.312454430989,12129.624566443761,12699.867897235168,13341.335037733877,14008.820206554248,14699.495150127654,15433.076059836454,16218.082689998333,17052.880311021298
2691.039789203573,2750.873350449778,2820.173816372949,2892.408745384137,2958.433439037228,3018.1927428806302,3076.274785071576,3134.9258820379073,3194.1848883622974
23849.15554270664,24255.832402431988,24800.774264969186,25409.884707280937,25988.017084511368,26534.57414014937,27094.575981229547,27686.74145488296,28308.117135761066
17171.454783443587,17620.12072575892,18158.627312523626,18759.646140244666,19387.49072586665,20038.106450650208,20723.960794572762,21449.81469045416,22213.697959521396
8728.039682625642,8784.431885871518,8889.962577965982,9023.134412552168,9156.928368988942,9289.531549500363,9431.60133034917,9587.420945150112,9755.589584526022
3885.0535800959756,3964.0444996311526,4072.0417564822214,4200.297454444995,4338.256713244798,4483.7304022730505,4639.21659098366,4805.506166195271,4981.840187585452
10072.940185132553,10329.895674859,10636.913538979083,10975.746139183106,11323.540296900446,11677.375260045143,12045.022218626325,12429.968259496436,12831.436143654311
23863.743767056654,23779.647148475815,23776.82691820445,23808.843746483246,23816.94833045834,23802.69834306026,23795.60143652083,23808.63080142886,23840.550887762816
13763.622143980978,14366.338815595045,15082.84698277775,15873.155221667848,16684.03181428569,17508.214722938446,18364.441509934884,19260.819638627596,20195.041282619168
22847.57959981351,23632.890272659206,24525.674036727476,25472.363817683723,26402.541102425617,27310.32385138086,28223.800664579805,29153.77671473905,30096.30855188613
14298.906889008003,14671.914707433638,15118.470916885559,15608.739188428373,16105.01393485075,16606.09850206915,17128.06736416228,17678.03044010877,18255.38275936475
13368.717344337509,13541.424294985844,13746.979842225504,13954.109334552468,14125.103560221636,14261.603747591636,14383.950650357934,14501.049728279928,14612.602176950764
22164.894200364153,22396.126514982465,22754.84511707897,23185.84198391652,23622.32188211688,24057.626284551323,24515.489220186806,25006.17713066172,25527.30228443253
15345.14220193412,15741.557814409945,16206.473559722901,16708.08572302398,17205.069131545148,17694.953874726212,18195.569225976586,18715.317182957355,19253.663688215078
19506.625057862464,19305.720360098927,19205.829971314404,19164.46346385499,19130.25023481285,19100.64676191849,19095.639497905544,19122.492937313113,19177.60249763861
49209.435945295765,49505.5313351433,50069.8476602004,50786.25808183231,51508.75608974534,52231.44013179541,53015.9011404857,53886.69208583044,54835.94795874936
4829.645053620625,4986.7072624958,5134.998863872576,5266.163619584657,5370.092855728708,5444.00973055387,5489.6520127489,5506.9051167816515,5493.820689959731
6991.5533464200225,7342.356769695175,7754.556255911424,8207.232790666434,8672.441373911517,9143.535556406187,9627.355184381015,10126.911813250177,10641.020539681911
56980.34225808478,57131.61582586289,57535.949103322164,58057.434221975775,58530.027441683,58953.279099561005,59403.5978042423,59911.21879264979,60468.95436686157
19269.317838002313,19482.860384355376,19790.495552924374,20148.321136740982,20500.577877186024,20845.06154564542,21206.28216959927,21594.996853950448,22009.36503838562
3879.53975239942,4026.19481435444,4198.1507411620005,4386.716126403284,4580.7191286340285,4778.646283720329,4984.357342481929,5199.521634592351,5423.629473841019
6293.932233473532,6376.967993319366,6484.39504923387,6601.197979760791,6707.977051373381,6803.636596206885,6896.310000749861,6989.634593896985,7083.141951799037
3496.018103408349,3680.8445994731856,3896.8715726839714,4132.794938587317,4373.53011782981,4617.1100939717635,4869.27448919183,5132.898454864002,5408.008289972583
9518.483400138555,9585.930166219337,9701.524141039017,9838.307115566586,9961.687013236562,10072.394113762177,10187.719739523265,10315.117579896392,10453.92234974758
5729.939663100316,5910.101320335426,6111.487823599506,6322.850372385705,6529.740513123519,6727.024835541339,6918.609443742175,7108.820441235299,7297.693008064718
30433.45130477657,30318.911836048166,30428.40851442676,30645.374657832162,30826.448272444028,30975.431496566784,31160.241614903694,31405.40128014853,31704.030523814494
13360.564821962917,13485.809985612352,13675.13988643314,13898.721897781646,14119.599574280119,14336.810725184374,14566.695078978175,14815.895737585246,15082.853510254181
19192.51272060858,19115.577097207555,19183.93038068649,19346.26074417967,19541.618665432285,19763.330174729683,20030.397315678718,20348.5705325644,20712.42508858721
17124.85316652349,17437.33250832389,17855.29996404116,18332.879876949974,18812.674165546756,19289.14058531664,19783.037514939384,20302.403643672653,20843.88827094486
30998.94210820367,31795.962315815097,32735.913769493134,33750.62847624625,34749.00421125039,35727.83931749169,36728.6184308482,37769.59512235156,38847.57523192689
43369.71373986239,44520.93241272281,45834.875731770495,47213.81451003324,48533.552500762984,49781.90581023473,51005.37723368508,52223.406836504866,53429.29434211125
33103.34049608493,32675.68611898373,32413.648187433973,32247.271802962587,32092.568746195146,31946.36961469331,31842.177386739953,31792.10026864177,31790.34164545095
7411.742054458309,7550.797688919391,7722.709521092094,7910.358194222496,8092.10364518313,8266.844161455825,8444.053897317133,8628.378961506769,8819.992634611694
78853.7685793543,80173.94861968266,81702.72073303016,83323.09183251129,84912.92431942525,86462.0195148472,88008.75826517584,89555.65165531631,91083.03500496985
43797.04199407414,43336.58310077666,43122.116562270654,43051.9629338518,43003.95068155827,42970.037497950005,42994.74718520779,43092.824894416946,43253.81773119256
15030.058865998813,15008.040700699517,15075.035807270891,15194.82799886086,15323.648585897514,15458.114269264266,15614.160842788937,15797.638961678907,16005.626274623366
13672.3416963601,13933.000948150582,14269.284593057138,14652.377000701359,15045.319860086265,15444.782875706038,15864.82110322842,16311.47813562253,16783.30805411946
26859.528132717194,27141.37695039279,27552.99844340926,28030.45243586554,28492.751935327757,28936.619312215305,29397.138941935333,29889.502467017228,30411.178505823504
56783.66395331911,55918.81517454882,55341.88745185672,54922.44715242215,54504.90188960405,54085.41997322894,53728.325653887936,53457.25233864042,53262.5072627368
19501.060030253866,20378.38536825485,21291.29754005951,22206.482514463878,23079.353902772473,23907.17976709018,24710.757706610148,25501.125574458587,26278.777169584362
30292.122939491757,30714.871496125823,31283.655041200553,31917.473836233912,32510.73816610226,33062.77467225556,33623.7087629027,34214.77670980858,34832.39414710708
20026.43988036242,19803.086384627295,19708.45872030668,19692.520693732306,19695.871628394554,19714.63571396941,19770.299839416344,19869.818383710855,20008.124643889914
10800.714538271912,10893.482990157656,11034.249168889943,11188.782180094486,11313.738130736383,11410.299390877692,11500.046495273991,11592.00257088822,11685.334620852775
14165.896750218672,14410.498348289513,14690.67891064484,14978.470418569292,15237.725066878224,15468.84171040037,15690.364234578332,15911.116630675702,16131.068394776328
3716.9257876931747,3853.479587711266,4019.5310355230267,4202.007970357467,4383.344841915967,4562.389260244371,4746.502146447542,4938.637405506976,5138.123225023118
3142.7403636296676,3327.1188628076075,3519.1525753900014,3711.5610855681407,3895.9362730456965,4069.0043690497077,4231.4391209704045,4385.421152633165,4532.963433102754
12055.418560733626,12154.262965180442,12315.003527390962,12514.463628520743,12723.704145104726,12940.522752289673,13175.831053173866,13433.953240942807,13713.33129922654
21769.338186984,21913.67471761639,22152.913149243763,22444.605559358188,22736.88488006343,23025.989902117773,23331.711240307603,23661.83755407508,24013.995413824927
10522.257885079067,10512.279417241394,10559.225001535184,10635.662934938782,10708.929032279662,10777.895960591137,10856.218279546783,10949.21706421146,11055.34891304212
7647.569768839285,7691.917932696346,7777.937084759176,7889.899430871331,8008.3535197247775,8131.655653237615,8267.050181112678,8417.48490234883,8581.924522477402
28221.64279016714,28443.027949091807,28789.73614940118,29199.86084583679,29594.720777198396,29972.768210844937,30369.992054074428,30802.161930227103,31266.967541252558
7069.776947644129,7121.565235170689,7214.938512489926,7328.586315773999,7436.407461757283,7537.304433680695,7642.384114381864,7756.5728651905665,7879.592198864238
18072.810946795358,18717.58884205105,19445.69782478004,20216.3088129871,20976.009618977816,21719.337370058136,22466.975605959524,23228.715471599076,24003.65491673562
6613.3365584989715,6990.849952724852,7408.419379286173,7844.993517864307,8272.51352435465,8688.437717650166,9104.838376752246,9527.936336805793,9958.403713343572
77786.55371363898,77696.71539758846,78083.30982647219,78658.57964379228,79073.50204663999,79316.12450387429,79528.66063280677,79759.92393620954,79987.01287634691
4136.075982219862,4165.4337866531605,4220.473009555155,4291.050102417616,4365.212014767063,4441.330997729764,4522.829538811296,4610.514237056639,4703.165231331553
193.2272736302598,360.1771328884376,497.1748727996193,605.9855367145343,690.8759597944664,750.0846482201201,779.1959919353625,774.889653334607,735.6342728495899
1875.9432416090249,2051.8434121164155,2241.179365455129,2437.3171778242927,2630.8906969458167,2818.132659644748,3000.439107462495,3179.373461989485,3355.4746444772622
35384.57307298589,35953.24669066135,36653.90707338063,37410.81737565296,38127.9476770488,38801.36499488069,39472.6412646237,40158.655687228194,40854.58922566398
-1769.022454226742,-1643.3515763834023,-1517.9678323212595,-1388.1288238815755,-1249.2603440833059,-1102.8316575642323,-952.2918791056687,-799.3321204638138,-644.4940917579326
8491.435655942167,8760.651041596453,9068.217962123017,9390.06875726914,9693.55166427293,9977.626426158871,10258.68394329675,10544.409636621933,10835.40793339426
21770.344237575548,21932.637151623116,22166.066838894018,22431.867702172105,22682.13096236252,22915.411888918476,23152.573993454524,23402.13804317658,23661.98607844371
73683.330107209,71586.70138090734,69964.10699769887,68615.29959084345,67314.67579638277,66052.48385347752,64910.450659593815,63912.6862895464,63039.14872324575
6186.235395150017,6253.943924735518,6342.852032613904,6437.0431791824685,6517.143368026103,6583.158844022011,6644.786380735662,6706.935227275609,6770.361413584598
64902.68345024311,63665.125809567435,62738.27981778425,61972.84787063135,61190.334358567976,60389.36004037379,59646.90656449548,58991.90046814033,58414.243956345126
25781.37656978624,25745.399358681494,25853.156639868736,26033.02185205749,26196.576142092923,26341.89038491014,26507.081195170504,26706.663342321113,26936.19404659196
28598.13820254167,29242.534180036404,29955.094572751652,30682.847471246965,31357.817023709573,31977.162008436957,32571.78288391294,33156.778540866,33731.733734145026
36570.39989558145,37151.0702233743,37948.50545051672,38874.37490087608,39813.85940467839,40764.36249609207,41777.996182981056,42875.99192921901,44054.167122356936
31740.88323902924,31623.405991934058,31642.649568139772,31733.282935329902,31820.95286225031,31900.068699057316,31996.34628236179,32117.134054495702,32255.41780067344
9469.180694109,9550.464191065097,9696.047028824129,9881.143110425488,10074.939065590506,10275.027138551672,10493.070977726296,10733.796816740432,10995.839055580589
2377.201743314315,2462.0256566234216,2560.5250774409465,2665.728097516753,2768.104611114551,2864.7830368282516,2957.733861850277,3047.869409072041,3134.224718390388
20238.772518265538,20605.554596284976,21051.43921168492,21538.149441851092,22018.051873703684,22488.640350062866,22969.817623877843,23469.50729540252,23985.24939692017
15922.278876127752,15787.11715778133,15733.402327039828,15717.613068617471,15687.086026241692,15642.308812582238,15607.848554947892,15593.8081785236,15598.562503182846
6583.260885516924,6728.97611353084,6915.003695013444,7126.767364742831,7345.989327421724,7570.871414820472,7808.1994160555805,8060.986729522988,8328.798083540329
2886.813048606005,3029.4127243495363,3172.399710258645,3308.9310129255823,3430.376931909431,3534.562940150174,3623.378967540454,3696.6630476387554,3752.6232001694943
64905.821739433035,63573.36244338083,62479.656440411454,61519.50052745916,60566.0005734294,59615.01900329734,58717.64436143577,57892.894775788634,57132.48152936574
20057.999295399124,20917.354048470836,21841.88974778597,22794.460639944697,23725.518439775697,24630.80147959205,25531.298228646003,26437.79411039404,27350.35864086132
74910.04961572039,73917.73510993602,73282.402218208,72829.01627424583,72345.8308615084,71825.83648514259,71354.93676725894,70964.21417977795,70639.41978005624
7255.19599599196,7490.851801588898,7751.659344354357,8024.187908552162,8290.869961646265,8547.988379839377,8800.241468812788,9049.911256447023,9296.723456941212
14267.628122896122,14355.183065898065,14533.532928517725,14758.18247999678,14975.738218741997,15181.499297851338,15394.923100435459,15623.736874214621,15865.823391786327
1163.9283731035437,1252.3747083214398,1347.711679142916,1447.5322846742508,1549.301804680199,1651.580479125408,1753.9725324024216,1856.1834423409443,1958.2379427504018
17771.789374697746,17952.114074118872,18177.169843263207,18418.284108786822,18640.58390422896,18842.652580770857,19039.49685696567,19237.59440935012,19436.01527969191
4789.890154403126,4963.88729921433,5157.071156264572,5360.1701900801545,5561.5308260783995,5759.776083082516,5959.36432764232,6162.6072235306465,6369.739546904749
28473.599053485363,29027.949644459928,29741.141380480956,30553.462076459844,31388.9026696854,32243.423145304976,33149.122802031605,34119.49838879909,35151.85927502935
918.9394410065453,1014.7260153680958,1114.445473547398,1215.6480098705163,1315.36262991581,1412.1199354606563,1505.7058654525194,1596.2048893972753,1684.4718154940952
10118.454845251157,10233.345104047707,10396.81885913217,10584.062683614246,10764.898987069098,10936.462426908345,11109.694777813213,11288.917204243859,11472.59272582824
2746.568601175711,2828.6739990697024,2929.8504413152277,3041.9453556011663,3154.4414831290082,3265.7328577946146,3379.3926866784736,3496.9617463802097,3617.812263585542
24448.046770369612,24502.373376130523,24689.99075390204,24943.693896520665,25181.03795997602,25398.64873952277,25630.60842855105,25890.335066063904,26175.08792246085
15336.073073340736,15910.982046895026,16562.02689759375,17249.49957162099,17921.160675467458,18572.06318932325,19223.199183196375,19884.50006840909,20555.541398230987
1863.8747253916852,1971.778397457575,2081.1874202417835,2188.6155196764107,2288.786211644889,2381.498778841643,2469.7178839802295,2555.5622537061663,2640.2039187576256
8161.815932386875,8271.580623551246,8407.277346187628,8554.819912318193,8696.161711141585,8829.801626581688,8962.945231524205,9098.881404146063,9236.985763190822
1075.921438697243,1155.7754164804637,1240.3990075097145,1326.8027411449418,1411.4778827508994,1494.402931352133,1577.247258897252,1660.1526007235134,1743.1202609228217
6995.9430781506935,7102.61034916093,7237.412093185814,7382.32693705593,7514.759754136943,7634.267959935564,7751.16619593805,7869.891304732154,7989.800365722704
8148.207211867434,8507.590981336034,8932.267325432993,9394.274171410078,9856.460940821857,10313.547970838146,10778.815090363278,11258.47039173156,11752.035265614792
4768.7273546227325,4949.466363741221,5160.683030236032,5390.944961614408,5625.690713094488,5862.096963203838,6104.202272602848,6354.070929027968,6611.796194707901
23340.23077297171,23864.510423249176,24444.61668511475,25027.978466033637,25549.028068305284,26004.495719180843,26423.089336928562,26818.213563628316,27189.22710854711
15211.205621014207,14901.177524190985,14685.596709049125,14523.996306645371,14368.57712578783,14217.528096670407,14089.369845078225,13990.243294877126,13916.458564949256
16337.367556270401,16352.373764562184,16437.308741698616,16553.243636583557,16652.15561842072,16734.217346993217,16822.387392552122,16926.873764877935,17047.115973242384
57560.60392314519,57128.03869328276,56888.324486950136,56720.97967825036,56475.79398046376,56154.95993267238,55830.78160772355,55534.13062543613,55260.61445654771
20728.211086241376,20906.510780587458,21141.191017877547,21378.725558590522,21554.900084207657,21678.30060423075,21787.025524783963,21893.726740707025,21995.82305710432
6428.838434276827,6539.994483996767,6663.5182278625325,6789.562458434543,6906.496971978158,7013.279761922272,7114.475284941654,7212.062427691945,7305.884377084986
36472.112510305764,36883.55154821786,37431.94747622967,38042.15239905145,38618.38433207751,39156.78356331961,39698.8390086941,40262.44554531886,40843.7008960868
-285.99391060240816,-270.9199068029508,-274.7954674954107,-288.50636898498624,-299.8474987359069,-307.9233089709038,-317.08459549527396,-329.92204647850934,-346.87761909297615
16237.84181104679,16510.06004502229,16897.56602544497,17350.9020252204,17805.115092331103,18250.388940446526,18711.189790870958,19201.033414603156,19718.052057114972
16556.69956444676,16820.275068041945,17188.235284694416,17611.7056883119,18027.834419803505,18435.23426909162,18862.335156766,19320.823551050296,19808.512893295887
16956.404928972584,16830.719789369075,16780.614560481044,16770.3804775828,16755.91612456066,16736.05312276474,16729.080321589074,16742.28083367156,16773.545507349365
41486.94222892438,40923.038603740526,40544.503173818,40266.03618868628,39983.83049793113,39696.061019260706,39446.64120058096,39251.66996371788,39104.80405192163
41792.861839226025,41594.09181103013,41630.06722042917,41775.986772395045,41878.81466966066,41939.6246172176,42029.05663598338,42174.68760421385,42369.76269483346
8437.157231172294,8692.02907503892,8993.672712894831,9326.135075277622,9668.897063804092,10019.741409750426,10386.082690157738,10770.975015694488,11173.513244601236
20770.816010501363,21100.09822902019,21515.875706526385,21975.079084427736,22422.152986671834,22854.906439523267,23297.87707019505,23761.6252847732,24244.05002882006
10932.555627360602,11148.778053196726,11416.597052070087,11714.993712776959,12019.293113832373,12327.293799739018,12648.076973543552,12984.844669170303,13336.302172027985
10648.85767096095,10727.689350353405,10846.117443118708,10983.062109248662,11112.436589472589,11232.332529676823,11352.939234481268,11478.520205977067,11607.961935641375
13959.125505167833,13791.271652688965,13709.83602835591,13671.759075036929,13627.280531981836,13575.700814999635,13537.431144624743,13518.754616113496,13515.844244515136
21613.543464217928,21602.91206457583,21704.030606442564,21855.471311532703,21980.590692403675,22079.66951715976,22189.218853691014,22325.2035216513,22485.510659987394
17346.881974629156,17533.258946917984,17784.004538051067,18071.548712613014,18361.60277329424,18652.04987097811,18956.69436248472,19281.14280073842,19623.593528358313
37913.7320338994,37646.91010350527,37528.52791116396,37469.88979623703,37361.060857042095,37203.2081115888,37048.48712377655,36918.79894004319,36810.49437599883
29856.069875484893,29365.050678460164,28970.52427865746,28615.101189058234,28232.12457025355,27828.56136763605,27446.802656139225,27114.5492912137,26849.10903787602
4466.788332385528,4606.253949449267,4780.395533654887,4980.147316803181,5194.095556701343,5420.2320326245635,5661.743412372676,5919.834902832181,6193.86676423381
12973.75159801952,13084.640617458816,13252.1193290589,13446.994710529872,13632.67532172677,13808.208534787003,13989.784367513588,14184.304979197314,14390.575000127594
10634.213054354337,10878.659996266573,11177.493848788923,11505.1358090248,11829.306919686804,12146.34810591796,12467.77897243496,12798.643794399597,13138.038367169258
56982.156055927735,56788.41083391787,57111.6887079546,57805.53700568565,58694.96960822526,59768.730498293626,61092.16416207134,62687.76057390673,64541.462220570356
3587.419074374394,3801.6724790757526,4011.3615932325024,4211.703193192715,4396.46014733145,4566.109324426301,4725.2444007264185,4877.240038285271,5023.90873744695
20629.622934721327,20502.35329236315,20483.220830862094,20520.660829425582,20554.07705717909,20580.056090953785,20621.82262819537,20687.757144331237,20774.214480112976
2801.133513934388,2942.5244381585676,3101.801231666811,3271.09316861522,3440.0357997934366,3606.059423038221,3771.919435717753,3938.8178590961325,4106.072470349148
11398.08829491082,11443.493262029124,11525.610029719215,11622.866089272247,11708.8115127993,11782.321428735697,11854.617932538833,11930.47543603643,12008.919421120909
8634.112866537642,9203.46117299652,9850.310161178972,10551.586797988934,11275.109726172159,12014.187431198956,12778.182587521404,13571.630569239447,14393.859054047733
51789.612766949416,52075.64715992167,52600.384387322236,53254.89899260399,53908.808801949344,54555.230292343585,55245.955828008504,55999.772763899135,56808.03808950239
5130.453263067462,5282.382619171863,5460.050206828215,5653.002668136872,5848.608544749099,6045.059561367274,6246.502071478103,6454.794137134683,6669.753501493261
5317.968098570699,5539.111833980045,5777.379713513923,6020.024998084751,6250.294596748294,6465.3255412716535,6671.222140552754,6871.22177657977,7065.097214322079
39935.61733774163,40103.39517241851,40462.185188724376,40927.32480000562,41392.11842216727,41852.7931356477,42354.923905974254,42916.851585695076,43533.42058437963
2758.772148294701,2841.4774159517424,2925.0685355469677,3005.43143308197,3078.299594010185,3143.348893157475,3202.106368238458,3254.5960538037257,3300.0171073475904
3205.7562673775133,3500.167422412176,3810.488152899228,4129.277412566081,4446.135670890686,4758.384358406653,5069.445478337721,5382.140663338086,5697.896452413277
8039.624793657716,8265.723825832138,8516.241866268982,8774.784860847303,9020.066398565736,9250.267645403075,9474.285105483315,9696.94480405667,9918.995380874903
32416.070076505428,32070.719147508087,31877.806786046633,31770.362678054218,31666.625666867203,31563.849754946998,31495.540983672443,31474.30586919681,31494.976794942366
16782.814540079216,17002.354471960643,17290.28519630376,17610.202887534262,17915.101903470237,18202.91253462097,18493.55906786028,18795.68588904096,19107.59385767018
34583.91042397795,34618.522887249725,34784.82085503953,35015.01259827864,35223.838543036014,35408.43644190745,35605.17509859898,35828.816541610664,36075.17490377831
6459.8121576783105,6568.198743735992,6705.380809104253,6853.802976204346,6990.513099822739,7115.250739908275,7239.348247515555,7368.078569409923,7501.488994949419
41586.032164839744,41184.68508139579,41000.836377079846,40934.90597997163,40865.59984875693,40789.720439247554,40757.93319408295,40789.03141014365,40875.57632027444
21235.1614054807,21422.523834519405,21703.674009921426,22034.942718942133,22361.40737447318,22681.208714907585,23018.73016259585,23384.921343970163,23778.383330876408
17543.305163959616,17796.612685055617,18165.47002696185,18596.35573597442,19021.5682545124,19443.77146759436,19889.989483049743,20372.092207377664,20892.928224033552
1800.0297728904036,1877.0214037979054,1934.3224590362706,1972.2780067716103,1992.1648041786075,1993.8537358833064,1976.669608234852,1939.8391495461392,1882.9639404448121
16756.222063702775,16982.502402245416,17292.385162641305,17644.711812812882,17987.116083784374,18318.276820857845,18662.096673412467,19029.37973745032,19419.320782610255
2457.044628577485,2532.217694151846,2618.508362351953,2708.036788986618,2790.647286335372,2866.043694558524,2939.118641829107,3012.473693729534,3086.1277337448587
31012.37842368942,30057.926206933276,29377.840899563736,28872.900272877378,28432.354162665895,28045.526956347217,27745.012785242205,27537.84502190086,27411.57120679859
13868.209091281007,13995.980171554056,14169.51449149943,14364.54362570664,14550.66738318293,14725.55620800044,14901.09467555765,15082.637444027696,15269.137572368167
35674.047871404684,35933.15927399468,36343.73464916265,36836.186824288285,37323.41562546602,37797.36847255079,38288.830246029,38809.677912207335,39354.32972786658
17058.510481373898,17146.691369198976,17289.224673357512,17454.332234255846,17602.794754366085,17735.419234919656,17871.228594224573,18017.25969656491,18171.63511161693
6437.273242186084,6651.1079493641155,6907.517208017221,7184.565198794142,7453.217429446426,7711.0449518501455,7969.592843843584,8233.602472949575,8502.114379744628
5820.481807782418,5829.184000097276,5876.682323713139,5945.965866110207,6016.421411128578,6086.610976933395,6164.34025225287,6252.704707123089,6350.825270611747
20543.47616406325,20759.481902837255,21043.965478375707,21350.88760309064,21622.517429514868,21857.892580497086,22083.959342513564,22313.04656805311,22544.645111272035
35747.110120291974,36341.070299028135,37136.287082021474,38052.22307288698,38983.63528967937,39926.48896317881,40927.121416857204,42005.06015239037,43155.61464797431
-1485.1122677531478,-1507.4310166870891,-1535.964386468746,-1567.8114111607297,-1598.842634063268,-1630.1415862426334,-1665.4024342681025,-1707.092326949706,-1756.4888452203847
50996.2786610614,51456.042489480154,52227.517640994425,53177.01333612656,54134.267309184084,55093.493208187596,56128.98260640446,57272.250904036024,58511.783227886095
46201.24439896819,46418.771063115346,46823.02384827128,47305.13999083328,47732.33468340139,48096.49243589042,48450.0944123308,48814.57795465006,49183.69852916904
1077.1921115180037,1109.1850353039854,1142.982090473809,1175.5817196120972,1204.3656050738264,1227.1665263018451,1243.1054519379288,1252.4722646176015,1256.4111951037437
22686.046455058797,23301.693715066678,23961.515166734578,24622.258367568393,25225.2896187432,25771.941458890902,26294.7239012358,26810.895289212724,27322.772037656312
8206.975592610326,8283.728010036415,8400.078646896756,8537.725197429183,8674.728447740614,8808.310040542225,8945.717680871943,9090.098160020603,9240.74065250677
27942.257088517763,27677.544950256375,27563.98245489864,27531.567038043115,27495.070599695773,27452.763047811084,27441.1112252646,27474.253227467878,27547.80232561243
30318.659324878594,30700.57297715111,31231.219673635405,31835.560365122383,32421.230483305502,32984.24714670931,33562.99609357198,34171.39922738335,34803.57593358261
5759.747258769749,6042.009049010216,6354.754353444693,6680.030330664673,6994.125602637341,7294.417122848031,7590.342226024305,7886.900265349113,8184.608172975654
2825.800343669305,2899.315476460312,2985.952555149574,3078.4480716005037,3167.3155010315513,3252.1892637620404,3337.402309453941,3425.0903483233237,3515.3300527150705
5259.598689403022,5507.8529058019585,5794.9834479589845,6105.188850668004,6417.468348106459,6726.957119482851,7039.159011649655,7356.839672069436,7679.630493884463
700.6058094720343,784.0967668090846,872.1012169640219,961.8030863611157,1049.605400581656,1133.9399878188467,1215.0351455149196,1293.3123287897008,1369.0294455736362
9078.8794136971,9101.214143027035,9165.91298159568,9253.765020088204,9341.050909313555,9426.476811998586,9519.680947929717,9624.782265903983,9740.974461562719
59063.60368118171,58688.914448640535,58538.04656732418,58500.48875167151,58441.72985463529,58355.217999327426,58294.74627908411,58281.473225868765,58307.69495021011
9516.565378142579,9593.796123068476,9714.496402523062,9855.797274246595,9988.849715740047,10113.230733492364,10242.286424804683,10382.083005781788,10532.32996580666
22780.188295719727,22806.99892129667,22956.599147548866,23176.614425133892,23402.273054167996,23630.566722750966,23887.962515060306,24184.899359779934,24517.866602317616
949.5948496291708,978.4675247969635,1011.5351602604502,1046.9788540504164,1082.8904941069218,1118.6454970283494,1154.6376245155134,1191.049821354198,1228.0164104252094
7614.525290228248,7517.941841703166,7460.953450959255,7424.26077180719,7384.775670526546,7342.1988262830455,7306.561821007514,7281.808781726574,7266.847225261801
35826.97084556366,35593.61914106344,35554.0979221732,35622.204228210576,35693.47473279476,35764.478750730304,35878.51845862272,36052.2035774682,36279.709775841235
2322.0646469405856,2474.988149553997,2625.250314512129,2768.184612037011,2897.9359090252865,3013.92462843655,3119.18893841113,3216.6487790802043,3308.266983592773
8035.740792638515,8261.635067091585,8533.988063539442,8835.858222636858,9145.704320349727,9460.800888300846,9788.844650271487,10133.66526884941,10495.311634533517
6651.262842169383,6971.62311964176,7339.295990049505,7738.402327314423,8147.7871823187415,8562.6679956159,8987.985966057195,9425.965215315466,9876.941406741837
16747.836152477597,17545.322914705754,18439.248638565554,19380.448818423345,20306.065508554013,21205.779259413972,22098.966857552205,22993.54004795257,23885.837243657053
5505.9520382968485,5952.550976120372,6438.958409879075,6952.260076421929,7474.244586462862,8000.668359743759,8536.85230630362,9086.23514116644,9649.906800329345
19545.3369086418,19200.096621767356,18966.71936600812,18797.058640612977,18635.20278783082,18478.924288727616,18349.551488184494,18254.231795045616,18188.237876408286
48683.986366739715,48112.96598483073,47726.306880799966,47424.221299682824,47083.94732402863,46705.83406236854,46345.98411603919,46027.13172715816,45744.04277229515
6535.772050750272,6563.759849057644,6640.524905591389,6743.402389045966,6844.742092947699,6943.229613593275,7049.971646643445,7169.142071154492,7299.374334683468
25251.69269778758,25377.129471203174,25628.88982742657,25950.458675838763,26272.76850200926,26589.142771181367,26923.12189072605,27282.76867383845,27662.519639483686
1809.700872871089,1842.3971344617185,1888.8877508883832,1944.571432881324,2003.9268097496001,2065.891810202312,2131.788088391224,2202.1346214301498,2276.715646814744
10287.917811081763,10283.950047146274,10349.443646918982,10458.925386005405,10585.148164824452,10722.779187433807,10876.828622623936,11047.2364454265,11230.250077726723
5625.486204567558,5727.2221510417885,5855.831719309186,5998.753257008027,6140.880207564733,6279.838242188034,6419.8372556758095,6561.881441735288,6704.186152203203
18552.353200103884,18749.166943528784,19007.274355259455,19296.483042456715,19577.710026565263,19848.83184939276,20126.186290818576,20416.768967676035,20718.764807138832
4261.294058597756,4535.676758946133,4840.500766155534,5166.446945993299,5500.761086525946,5840.966571981715,6191.379087160727,6554.700843853908,6931.706232182603
4186.467766501698,4234.907877466698,4293.025445226781,4352.792479996245,4404.192575080823,4445.894023089184,4481.02347430049,4510.545627159678,4533.489426670847
7140.570407691664,7538.21954782521,8013.77454824411,8548.038225412964,9115.13618102386,9708.60084592742,10334.270965430693,10994.762696610374,11689.127919840768
1688.3968588933285,1779.347491595402,1878.0129243590834,1980.7968943609694,2082.5667467502353,2181.8738300441114,2279.784815169647,2376.968813500637,2473.49374084176
28041.934037366922,27791.825513730455,27687.760960790954,27649.815045935422,27579.8688516174,27480.266968269083,27397.745317556535,27350.42182978698,27334.048895725216
1210.9665461445265,1346.7439469367462,1497.0827053124808,1658.3505566819488,1825.407105697546,1995.6837866566627,2169.2075568262303,2345.972323092422,2525.518479506257
2867.0877266841835,2971.186733863328,3089.1851163901056,3212.8842342271955,3331.485836467499,3444.3809578100577,3556.566365288695,3670.6335834649744,3786.9957264456652
54969.6851424326,53931.09548149945,53205.217554640556,52648.845765113256,52094.423775564195,51535.89754977528,51038.68060839509,50624.85815988591,50281.761895844495
27075.874707626477,26874.64865298772,26856.383217946215,26948.73370075103,27064.075373648233,27200.01843283927,27393.254784250374,27657.451524099524,27987.43443311125
7035.989331179226,7062.190558122,7117.640539618837,7186.4948710453855,7249.782785173996,7306.391150531581,7363.957824154062,7425.614742685603,7490.634307555769
62798.05221378728,62274.6036512688,62146.46770143637,62220.85819197732,62263.33575501854,62272.92222642775,62353.25864609756,62542.76204247551,62828.35101050427
41742.6596434855,42175.62958515695,42711.36967285209,43285.52944779923,43815.91912265638,44299.353775944845,44771.86560594838,45249.41147823829,45729.338209289184
11419.09933764929,11647.988920579632,11929.378300036222,12240.139282514887,12550.6166583986,12859.16882666137,13178.227242893347,13513.16889954582,13863.179406399784
12314.679876764154,12435.995843511293,12616.817381462472,12827.688500583883,13032.228718912967,13228.820143454033,13432.06905800055,13646.328828673593,13870.448358465792
11393.924496410234,11780.722565737677,12220.320611709407,12691.737837037612,13168.868233268113,13647.67916154882,14136.447577048833,14639.174670137389,15155.554930283055
34121.58135363001,33971.44038819836,33992.41781779769,34108.80942119544,34226.919281675975,34343.254168647225,34496.675305264165,34702.21988767883,34954.406155787656
6337.118770445236,6520.565321069636,6734.512450464223,6957.079654772897,7160.000451836625,7343.030376253772,7520.0565412634305,7697.448346184278,7875.237645301064
7250.886815144495,7578.963823416266,7930.563798342236,8288.927709377012,8632.223197749829,8958.151861237111,9275.335170954235,9588.5095817183,9898.809432778116
12654.280830822898,12927.11024963346,13247.899466572899,13594.225897093555,13937.062217732046,14273.766900699675,14615.571059397254,14967.937614225999,15330.614708025878
16998.64441962622,17484.071527466505,18001.43074365173,18516.981670198074,18987.845652695625,19412.317131256525,19810.227476936296,20191.3157052099,20555.77166823643
23027.991562466294,23424.691355116294,23916.048781892332,24461.88765111687,25008.877073292806,25554.92441050518,26123.63987303395,26725.160891904026,27357.46409547593
13683.946172932827,13930.897170500064,14231.63347240273,14553.014722221204,14854.457287892574,15133.325392899025,15406.375986256624,15681.47837495023,15958.365797579703
10504.64076386136,10352.541244158885,10252.278161398825,10178.109421826299,10099.689232652856,10016.168496384988,9940.199848173208,9877.074385007154,9826.003391356739
12832.72734375981,13147.887584934997,13523.243731390401,13923.675265912416,14303.705009958967,14663.221276846218,15023.992784191469,15395.991329475051,15779.33740439698
24939.24281396143,24739.519421915946,24704.86235326055,24769.670666714796,24857.198692139693,24962.345239660506,25112.536467845868,25315.765442953172,25564.596710445978
23837.556805766628,23820.098478690314,23936.86425945666,24126.72261561132,24314.46163042449,24497.804998720454,24708.480546636085,24958.524691313698,25243.48213495565
54709.27739105739,53744.63598965278,53091.153048669905,52618.08646111554,52171.713975845836,51747.689291182134,51409.06893109511,51178.14290861686,51044.643791365685
10283.001654144746,10498.974418674792,10773.566596983832,11082.38533711004,11396.640862672171,11712.896930504754,12040.596457526684,12382.661130748209,12736.927562785608
12413.826980755908,12558.36335789404,12758.866589911493,12991.170961545773,13225.8724368907,13461.256481567056,13708.871928123112,13972.988403474155,14252.197620718567
6325.120798664076,6508.130566656313,6723.252778925685,6952.833606723747,7174.122546244154,7385.2632117313415,7595.390142402458,7808.056072548204,8022.172451219831
21004.82786875085,20763.800812137873,20644.00176460117,20584.41562569211,20516.16860963747,20439.290424393756,20382.84286663248,20355.462888218866,20351.408753684547
2230.9716933594596,2308.8602865809326,2410.763786193439,2529.4007899265093,2655.39028654953,2786.8035920697735,2926.017865989617,3073.8061145177444,3229.425280287456
-119388.93430261654,-113063.29327428812,-107440.36522589557,-102165.6033955452,-96852.346592116,-91502.62822444331,-86267.55079083818,-81188.45014274001,-76228.18932358635
76261.51930174192,75373.20495348673,74900.32669504322,74619.94006849245,74262.30991015758,73826.86431794075,73432.99493638342,73125.23807974586,72889.04782270735
18603.597733337065,19059.77645748216,19610.350586306937,20214.816746095486,20820.336705038746,21424.49200757825,22050.99180441549,22711.03724823591,23404.139720266656
17079.854242075056,16825.983881995202,16676.927011277094,16594.935159140623,16535.91300006535,16495.562383501936,16487.796439971044,16516.443566132206,16576.92480891271
25763.80453059561,26063.81053238855,26497.118138272133,26997.39598422572,27479.988916088307,27943.694283716046,28428.240182230056,28950.711179290505,29508.139047653745
11270.619161310702,11771.461327639832,12344.030266389978,12960.633254070452,13586.538616983882,14215.400871434305,14857.111356473712,15514.910815026276,16186.282856094793
11649.08433749088,12202.52232311293,12820.1708536996,13475.197903305401,14132.176543871154,14781.845624716965,15431.149191176697,16082.26318225242,16732.661991656285
32662.54059413356,32903.07923829854,33293.02432289041,33774.300166083216,34273.53462079406,34786.43662810353,35342.82041153702,35955.10557377939,36619.721946190904
4180.604671426692,4363.490349122578,4565.698598433332,4775.715628198094,4978.385662078729,5171.513959532892,5360.65472839277,5548.935511473249,5736.649351952978
5741.1386537415765,5946.410233925439,6180.473956337353,6428.242888421524,6670.181540501833,6905.12507503926,7141.73615263688,7384.390926129667,7633.533821739073
207.00688505878486,258.5816606553646,311.71467731762806,365.54905848266105,418.92243918169135,470.79604594227635,520.9822922726011,569.6320827243059,616.7938524515986
7440.586904138441,7657.757175041891,7913.654871309568,8194.1678800567,8481.725959697276,8773.806890712141,9076.234172118167,9391.597300697267,9719.554936470191
11012.765532219642,11228.518363016556,11489.212508276029,11771.799312816576,12046.721130732722,12313.096976319273,12584.373010146794,12866.402785344428,13158.401689667699
17002.274962672396,17116.31850628966,17317.60360456505,17576.112215796125,17852.59833227635,18148.494142381183,18484.851407535632,18872.211562501525,19314.075736940875
10250.467040626385,10363.18571172073,10505.737663324317,10658.36365050835,10797.92650050485,10921.67886439215,11037.145396911652,11147.264354036884,11250.935846211543
52657.189371019966,52333.345095760924,52208.92504847236,52164.32254454363,52052.04820289088,51874.40452592646,51702.10556301224,51564.79265323824,51457.36376089517
11941.84594562451,12191.627185654288,12477.251410765999,12784.13656285376,13085.169117619207,13369.756121900127,13647.723317532698,13926.186040506573,14204.007254805772
44052.657479761394,43176.79622353418,42524.40581656575,41997.095423039806,41477.491736816904,40962.04635549101,40497.68680539275,40100.84041804773,39763.113512714546
23883.74611103049,23703.367976124784,23623.311225717374,23599.532617205106,23578.62130638776,23557.586177339643,23557.434015275423,23587.042858120632,23644.39709056963
34437.59535279654,34732.792830795464,35130.924905619875,35574.42903636176,35988.51445641857,36371.687367766535,36758.71513003233,37165.57403845569,37590.61773885775
68741.44577228378,68252.02410256237,68106.15081972252,68156.91183440846,68228.24608410196,68302.18095088872,68435.44756871353,68645.2659068753,68914.75256648348
3846.3899115888285,4010.3121677561094,4181.8138500331315,4351.740423416125,4507.974809077262,4649.8204467177175,4782.882805822021,4909.208865809769,5027.873438714829
48170.137396483944,47269.08586851782,46613.51834464119,46098.194231126465,45598.25753403182,45110.49378218105,44685.418503730405,44340.52645933183,44066.72647665368
12148.823673855537,12293.02366899653,12470.675399827454,12662.948538887658,12845.681385655538,13018.07110260008,13191.188337626056,13370.363175080609,13555.443873475666
880.4620078117538,895.4594767777478,914.1493510030788,934.5473123605378,953.8613345885934,970.1232023426269,982.7649825294275,991.2119699568431,994.3822375577558
8633.235771903075,8993.434524436878,9399.242225117423,9833.15767791374,10272.230950815892,10713.72248855351,11166.56356768495,11635.430325328736,12120.717791674215
3494.195347208775,3598.3737821839513,3710.339285897342,3823.1505742462705,3927.729667660844,4023.9833889226175,4116.3214999373995,4206.431292994589,4293.806566815035
29363.284057994526,29485.794983675296,29802.8259164887,30248.731537434945,30742.54358785297,31279.887203032824,31892.901746318657,32593.434242131556,33376.24607384629
-911.2369318333647,-855.6253528630576,-804.6243164714863,-754.2411523460959,-700.2995947277916,-644.7211850160106,-590.8728984186802,-540.3727069596373,-494.0687083940341
22253.19051387407,22159.522465456135,22185.351954571925,22267.25091425301,22327.555133570335,22366.607427602878,22420.112710761514,22502.072139041415,22609.183833641764
29433.757059654283,29899.74544340608,30465.227856517016,31065.680594585516,31617.585119485128,32118.414214691475,32606.132899612985,33097.48296587095,33589.99524025489
6924.453922063417,7178.789756593491,7469.7746645772795,7777.859594417724,8077.317930339691,8366.780153618573,8657.613284150497,8954.748275623515,9257.474089935622
6312.308692169726,6366.577983483843,6447.183543543092,6539.568820763665,6625.0986801044255,6703.167862780094,6782.096193071997,6865.477066296128,6952.638884768068
43470.616621178786,42612.83198092237,42022.05616176465,41598.50136481708,41227.6971025763,40899.221978268295,40649.38867190825,40488.20538590774,40404.42201752475
39873.291636669244,39944.104859373154,40166.89628215372,40456.37666664388,40703.56536357019,40908.4265864673,41122.413188219965,41367.838310605584,41641.57698928374
6095.889716154712,6422.356855411251,6760.410770906649,7097.424067306837,7416.182632119436,7715.693981218269,8004.630981997986,8288.46447088613,8569.23531954849
632.3793880347955,698.3207303649161,764.362876412744,829.8702939541304,893.682585123537,955.0662098550107,1014.1956978227705,1071.7772954877526,1128.7047602345804
57156.733488946855,57153.37828481127,57431.65063126533,57863.19069366237,58290.90505805301,58700.048761985265,59144.699553899154,59643.117287454275,60181.89751768794
2067.8395788767566,2127.5271080996376,2191.004622583331,2255.019737672716,2315.242658010984,2370.9148562143123,2423.6329903389774,2474.737974068449,2524.9696435575433
59651.78312071202,60141.460982289835,60981.37743302082,62011.51414344419,63032.77955399551,64034.87236292835,65098.59699516032,66254.21262478417,67488.19021111712
4510.148256303924,4606.474901950764,4726.191060688579,4858.91343109594,4991.180524569457,5121.677110939231,5255.529150824864,5394.885431745164,5539.091008681073
97917.39830607135,95518.15743631711,93737.7458605819,92341.79426262667,91058.97514339356,89867.94027558675,88857.00762431484,88049.56756301047,87417.98604147432
7233.822572036436,7487.419732455314,7785.342432550835,8109.947852774293,8438.4788401648,8768.449766125488,9108.558033051931,9463.03762141869,9831.735492767164
4193.397017948619,4369.039572820194,4569.59677865737,4785.9720013757205,5006.264814972887,5228.2170936544235,5455.5258200738435,5690.0558992581155,5931.709243709055
6347.326697302887,6558.490135371975,6787.799461211954,7022.401064137562,7246.181659891686,7456.724997847796,7659.804208084219,7858.6873809446115,8053.84337527718
20983.56109110955,20843.257746970317,20820.720993428728,20864.348141667208,20911.49366939137,20958.862909550287,21030.96357962895,21136.960914366766,21273.03655413057
16865.855598861217,17137.19990192904,17462.957108484818,17804.979165564015,18114.974735068867,18392.84870666879,18662.31881755097,18934.537535135885,19209.374468314025
27663.93584355604,27393.568340431804,27261.566369492335,27212.197049911058,27177.99321095007,27155.522782854823,27170.83359529451,27233.23915488027,27337.670552982447
15057.846804072307,14873.668299559084,14776.249092622675,14715.804396825968,14632.316424641576,14529.359705736226,14437.270032347058,14367.14119355997,14316.300653677032
24565.58554714109,24511.541304634135,24547.95402850652,24633.53039362832,24716.239505220597,24793.98678493644,24888.498873207765,25008.984693319577,25153.319495215685
17754.325771604334,18262.056696846666,18862.42650528188,19510.636133885488,20145.80739850567,20767.360763775607,21405.39999717827,22073.717034871752,22771.36198862862
6691.41954477783,6851.410354720694,7043.236054027973,7253.714669600898,7466.0475631233,7678.114573358169,7895.693050949562,8121.202565074232,8353.996946903711
3532.6017883407444,3656.749492184545,3789.343658570612,3923.350948592565,4049.9615813503397,4168.754478278886,4283.983140507998,4398.208054868466,4512.036552282998
21026.59659598726,21079.212610742125,21236.16314985492,21451.508926380753,21668.24382643886,21884.678975988492,22125.662393353417,22401.701494578287,22710.89517535774
6219.889203607279,6598.3815278165575,6981.0080414366,7357.4137626264355,7713.7699301872835,8049.345412400094,8372.328185268065,8688.431590056915,8999.608869431651
55265.638632488175,55655.19813575265,56247.96989489409,56942.593869408716,57610.72293727663,58237.91743858349,58866.60803768242,59519.34881960403,60196.60961989826
17108.04333623963,16992.54168948788,16969.663535794818,16995.95425932194,17018.504534622778,17035.157750454924,17066.87857791073,17120.92908665881,17193.59840258032
28435.748648747634,28817.22707759514,29334.265663688406,29934.81606026774,30554.006915506874,31201.49270327736,31926.66638434717,32766.503552014205,33717.744313716656
46000.75748603434,45612.08357526865,45582.47747791547,45765.044946526665,45981.344488224284,46227.24621767351,46577.20688864852,47057.005128142584,47654.061766029394
60359.34977967987,59729.35008633556,59362.17953186513,59127.21270163272,58870.666462526795,58572.93419109456,58278.98483430572,58002.917965726396,57732.26932832186
9310.622011034144,9498.164440023564,9712.502951038989,9934.944073692654,10142.041938478127,10332.97448923595,10518.622895359344,10704.266702219365,10890.060641777587
3373.264884938957,3764.6258824307633,4165.612586617258,4567.805598807447,4958.572259220626,5336.001969040825,5706.991087078323,6077.876261947112,6453.09325906247
44507.4922615938,43856.46220349068,43426.099616584805,43109.453184400154,42777.29415646239,42428.257319270946,42118.498684926795,41869.695110730994,41675.29404050168
48140.02105623781,47534.99432555091,47240.74397426663,47122.21372823167,47016.16613758653,46920.1315948342,46903.36340733623,46990.56576142357,47171.171948954216
6040.234354785634,6205.869521184674,6397.592052800117,6600.512629878411,6794.994877445994,6980.424612090514,7165.954294856498,7355.882542634248,7550.100017156436
5057.101841489269,5238.406715443416,5424.328036292012,5608.092017057098,5780.745867016594,5942.692477098683,6099.732166400662,6255.646166931042,6412.028271906422
9264.933768367691,9272.057803689522,9334.835224767281,9430.494052080152,9531.594706709688,9636.465009468382,9755.531579225315,9892.901274920396,10047.362878402246
8284.311911489069,8487.369536747583,8723.110590145801,8973.782324027476,9216.023745135117,9448.847689141166,9682.89061733431,9923.24659856055,10169.791133152161
15836.900647875504,16260.202001402822,16710.36772973532,17165.188483710084,17593.8590346833,17996.989728403267,18391.672337182208,18787.046192799105,19184.184463494174
46350.08327372813,46858.748490457285,47565.23341156718,48339.42690097363,49015.242799339336,49592.405521216395,50150.066063898616,50722.15827702153,51304.56839642099
1447.8548859543407,1582.863047502524,1731.8373204090337,1890.305480840962,2051.9752909945914,2214.753164609872,2380.191405724439,2549.9791225867098,2724.9879363794807
5656.970532392996,5776.444169079702,5928.190996682644,6097.6584314725715,6266.139242595828,6431.430496254677,6599.952843451903,6774.123077306798,6952.73195756919
11034.625513283467,11235.437400376883,11456.79742177869,11683.269581114762,11896.301307138297,12095.094736147961,12287.664498887327,12477.27697827658,12663.133617984882
23480.241387841983,23342.39515537677,23364.480000968935,23489.001111657657,23648.833687476104,23836.651214878842,24073.686763325528,24366.728056301854,24710.036481186617
20420.621737577887,20140.136373181973,19982.34721530975,19888.411958210356,19787.945119911637,19680.747749276838,19597.705979251226,19550.33906548849,19534.98007623691
20520.575422342503,20454.415341367356,20493.31224674543,20590.911042860076,20689.863608081076,20789.03905251791,20913.45250493795,21073.083775453004,21265.30549457387
32307.790110542857,31991.95677921437,31842.476106512975,31762.262357254294,31632.996008360566,31459.54144152658,31300.48101965264,31178.599021626236,31089.54305181116
7284.250854488215,7508.777149899954,7759.613609114365,8020.020287526915,8267.942021005505,8501.701944145703,8730.606110868723,8958.920128568609,9186.387808563326
14819.89952196007,14720.364485392265,14700.774896389774,14723.343361456753,14742.48251563839,14756.390962216992,14783.7215483466,14831.660819118562,14897.733504229322
10301.010861570438,10793.791787142582,11309.005621769486,11821.68218836083,12297.713499156018,12737.604772847368,13160.843030811968,13578.470785634845,13993.072389261013
4211.771883464082,4299.608956033583,4429.689831929831,4588.573417448099,4759.599542637034,4939.486524014621,5132.384346881607,5339.624298946057,5560.032110176397
24970.775680439798,25066.886603724375,25248.16815438731,25474.210427642724,25693.727604176456,25905.534518537057,26132.803173957087,26386.03334188255,26663.964625301247
10134.934585536685,10406.693807425376,10741.988763144647,11109.246343145323,11467.508029968958,11814.27870275996,12167.138096049475,12534.016362638098,12914.163880166767
24133.74458849342,24677.981560992506,25354.54102340178,26099.15520710417,26828.728207280168,27536.358047779766,28253.418342559424,28992.282975388054,29749.216299141608
16439.188875928583,16938.23310457569,17532.682935266428,18187.499368329685,18857.900134300435,19538.685144056668,20245.58758557533,20984.784786819255,21753.98873853227
74249.7529290379,73957.90127847393,73940.03189680308,74065.33696234385,74175.92596017953,74260.79463979116,74377.69785951701,74546.46740777096,74754.25877368423
48728.63106074871,47766.87710425467,47099.49883580358,46597.75575965802,46110.72429085579,45632.74408535739,45222.37039726481,44899.22074469764,44652.15255639686
13029.95117065783,13271.701076264815,13569.9329166398,13890.895537676297,14190.870524688575,14468.685684401067,14744.410345926031,15026.776288955198,15314.57910302343
3828.579998256164,4037.8521293951712,4265.880862774248,4504.264495548966,4741.274604167783,4974.927743723087,5209.107553083472,5445.738077744641,5684.784514661322
23817.097770349577,24115.69466909535,24470.89292935982,24843.705977183014,25187.839838157113,25501.501479001905,25804.813970273237,26106.578277891735,26406.05548878722
6852.783390039412,7078.235439477267,7349.6397185122105,7652.909070920354,7969.8353259741425,8298.19014308343,8644.63655047399,9012.398339030407,9401.636963517356
6663.929898544708,6763.683828968346,6903.912222801057,7068.590266069587,7237.311486625887,7409.110317297352,7592.76611041372,7791.942312689582,8005.849046665632
13156.651036795636,13434.868971340664,13770.83623130564,14131.181648250575,14473.451081664909,14793.768432613228,15108.311657191578,15424.300276372047,15740.527016588712
16106.09109577465,16536.716095723536,17010.451826083347,17493.757407549056,17944.125154290497,18359.699868757267,18760.478275259273,19157.1599828231,19551.59986886264
11886.035740208521,12258.439690505367,12674.15869840876,13102.997051564385,13505.407210939162,13879.552554750446,14243.363450071363,14605.936245641738,14967.951804368531
54931.93327909115,56128.62707781122,57493.80775909389,58883.076679650854,60110.74624457506,61168.19340273131,62135.69746599706,63047.878343807846,63899.84420028853
26995.54245325187,26895.45145681596,26901.16764445857,26970.823796516714,27053.678422211393,27146.83797024784,27269.68960807461,27428.97754206014,27620.648606734845
30816.498059226036,31042.527303396815,31452.96398211628,31965.634207897452,32478.4379226851,32986.260548396865,33530.723558874626,34128.154910654855,34773.102282443935
22425.548133303248,22794.31867165321,23262.26035420476,23781.494640674966,24290.95378875291,24788.17615629609,25299.82362503575,25837.45123935598,26399.181370619975
7056.824073860747,7266.051425813911,7497.633989735456,7738.417152916804,7972.717794668721,8198.885357344774,8422.715432571626,8646.498057963723,8869.484011709364
1892.57885989138,2050.8063010641167,2236.4495243489914,2439.758120556672,2648.0846460739476,2853.528108046813,3053.889868379685,3247.4323426994583,3429.7599124858302
38496.69844471847,38510.11878239319,38671.52929080173,38916.08935320669,39163.26274195066,39408.85010682794,39685.243367234456,40005.308274884694,40364.6438624831
5564.7019296200315,5876.344008426678,6216.165982552574,6565.756749954281,6899.323452661803,7216.63785731325,7531.342746059992,7850.386841004674,8174.75610008548
3568.8073190450514,3661.8956001599627,3772.2266694570517,3889.8847753024543,4002.717561278928,4109.702893895199,4215.729833108941,4323.182964430444,4432.195410776281
18527.82048586128,18596.618565569526,18761.164471663084,18974.984314805395,19181.232916946483,19376.245204620584,19580.934913534926,19802.191940663713,20035.764615596243
6957.409718953202,7172.64310046335,7423.822314192133,7694.235328694043,7962.59283003285,8224.501012911165,8485.289222796393,8747.192629191526,9009.997529468643
20888.155530710374,21241.703916549763,21670.572725690774,22129.35626804707,22559.18772170797,22958.99548621325,23356.61626051429,23764.856084175357,24182.80812522174
21794.676422797475,21997.523119644517,22299.647841873135,22640.09991813139,22946.66765152008,23218.5197130861,23487.766481065908,23765.899201569766,24049.026885958872
119378.47910783553,117294.234246107,115814.21106389488,114707.87388408947,113702.52562670103,112772.24711592625,112004.01985393006,111422.20578371017,110997.8617794043
5755.451189770259,5896.835376270688,6088.717859553385,6311.954730082263,6541.667493594566,6775.523693698897,7022.74265627002,7286.400642421893,7564.236314784488
10274.028274647859,10419.205212142715,10620.738093211983,10846.854878016396,11056.884847922083,11251.283588243985,11450.051745812412,11661.822131937115,11885.96680993026
5174.128903668259,5147.64627201451,5155.847056462066,5185.22945292726,5219.6920075424505,5258.413330983282,5307.642257150814,5369.683960153405,5443.65129322836
5240.294334439252,5509.269179210655,5808.725280247402,6126.768002947733,6447.568762704149,6767.567243059938,7090.944951303767,7420.262478572194,7755.766555009884
6411.917249250131,6449.735031084068,6524.504327372299,6618.46232473813,6709.589849451157,6796.638406601299,6888.366260915652,6988.257318592991,7095.250467805395
3783.3165610340025,3877.364981047172,3996.9391340368684,4133.337966431725,4275.392084813887,4421.320479059928,4574.447583276677,4735.906348272389,4904.797699210609
56871.57632813737,56289.123381359386,55977.40708200246,55813.20834849615,55649.68535555086,55477.40741889376,55349.34931776041,55282.306277565614,55263.5123830727
6133.706817067497,6340.241151398904,6552.261908552951,6759.529656189461,6949.26265053006,7120.858992197929,7280.274969403845,7430.262780149063,7570.761350148898
44523.84576512813,44610.95400119621,44894.8503657896,45284.23033552283,45665.065880055874,46032.23461262854,46432.90417704035,46886.04511949693,47385.769315956575
49574.535808347544,49400.1170806711,49419.21524935112,49515.407084877035,49545.62229514182,49503.58485283649,49447.39672714766,49400.176812351274,49355.27102073885
10759.289586489433,10917.77253020914,11059.340087026443,11171.523639908786,11243.481772441828,11276.039869729351,11274.689689178618,11240.22035936904,11171.33277724838
7169.902435666065,7420.2670909762555,7684.327540949784,7948.016664587619,8193.768715420032,8420.745288412043,8636.452520418445,8843.547252258495,9041.226143603812
24889.806594079895,25447.345736883766,26138.164235745535,26894.37890990586,27627.86029744763,28332.126993240734,29042.449379963742,29773.14521770263,30519.83836565077
20045.0208252581,20491.086100243265,21047.560175521125,21673.954815046127,22316.903925987146,22973.327513222717,23665.871526507835,24404.286600769618,25186.368655041962
5256.415050456302,5384.470437128503,5520.502072293617,5655.899867807842,5780.391520737879,5893.5467701644775,6000.298256572081,6103.017711088253,6201.8582697445
6714.743631879159,6872.937714885723,7067.288578569775,7283.5613937035305,7504.344039843443,7726.736274439218,7955.961762956173,8194.450748510002,8441.646803635616
4710.127563032656,4906.467265876465,5135.60254851653,5380.767698866661,5620.015381331458,5851.737421618475,6085.197466982156,6327.365321386723,6579.905419343801
14882.034406756258,15156.771791703735,15509.139238657119,15906.39734305001,16306.185603670725,16705.476888406756,17121.48533581347,17561.655310980295,18024.317723828357
3393.6657429264937,3430.1410941017953,3488.130150051285,3556.0155163483305,3618.9083506396664,3676.7606781282184,3736.556383090245,3801.671486092703,3871.91031705963
43645.31115379304,44261.89221190109,44925.76171253504,45579.87074611268,46164.051566393675,46695.078169120454,47211.54487884015,47718.84317179413,48211.270145476265
31434.519705760813,31934.216106194894,32556.869362897905,33233.562352331995,33874.673400826076,34476.86956022916,35079.9633061626,35702.08068662813,36341.58323247548
27277.022915375073,27355.807668848836,27600.13739240957,27918.81942571992,28197.65010008284,28437.574461789427,28692.216114791983,28982.4031186229,29303.363264014395
4501.012828229774,4645.840153306895,4807.532873636359,4977.07286286496,5142.81871817448,5302.946481952639,5461.687945522185,5621.680767324943,5783.708153003374
115111.72476411646,110406.32211234346,106474.29343110423,102898.57586250345,99220.1241861405,95463.24758204326,91837.11840343397,88410.49483674689,85152.13475897895
6317.520855032896,6490.023318152232,6690.087396321175,6901.77284587663,7104.974426150345,7298.454850682273,7490.986784179203,7686.905264687582,7886.4742446985865
5080.655393885493,5265.158750779573,5473.307595253606,5693.2125702959065,5909.307514691385,6120.341882614524,6332.893948849308,6550.057009512628,6771.688310472908
16579.161112392994,16701.80497669273,16879.059303256767,17082.919005691492,17278.502812662213,17464.575641653504,17656.27815972754,17860.080645284226,18074.744232916917
4417.342593618745,4537.65131430174,4670.3380264361485,4805.140334577445,4929.4936703270605,5041.942488808096,5147.252891825152,5247.470766344901,5342.453093775393
10783.559958210612,11029.457717558396,11306.927430626734,11593.017073308272,11858.175167486934,12100.272573585658,12331.484531510783,12557.26734703661,12776.754336858803
10588.103395741173,10859.219428198669,11191.729057518376,11567.331603676557,11961.877775254534,12372.596535269044,12808.085803261762,13271.934025705732,13762.93333934923
39942.29679437444,39700.83575998368,39670.79927142416,39746.89213969252,39801.9215922659,39833.6053759847,39895.91971265942,40008.19807072519,40162.53265352791
14668.430058384674,14750.566465452242,14879.719477175491,15031.819488631576,15176.215798222473,15312.122599420676,15453.291348043971,15605.790696811348,15768.649274666834
6871.898729913219,7073.6108227716095,7276.311244650582,7466.961546475763,7630.006588388072,7768.120565290837,7892.209674237093,8006.613172360239,8111.380201449548
13086.182314136,13440.9717052351,13880.811938366296,14359.218618208992,14816.38065974729,15250.298503447264,15687.34329343036,16137.768590172736,16598.733277765048
30036.87989590145,29855.22038100845,29833.248194965294,29906.78325458292,29997.846081540607,30102.551737801434,30251.93909468043,30457.99975241788,30716.053041428524
42057.053363378334,42048.62253105461,42187.00049721406,42392.67866155477,42565.922532114666,42706.3833159763,42860.99913543724,43050.53194272009,43272.41611576103
35279.0248260071,34974.64337527213,34857.76971387162,34839.92129627157,34812.137526396036,34773.50461779523,34772.34158141851,34827.42861644797,34933.27861532459
4902.409516552773,5023.978400176192,5165.137712098274,5311.662560211325,5445.242762543494,5565.585835133301,5681.669004482572,5797.907050105263,5914.726219907014
24106.188502437704,24098.708459492525,24230.0641580123,24420.827368743678,24571.845196556187,24686.48645780548,24814.026838531718,24974.176551295048,25163.25677090052
17226.304021323005,17530.49581694191,17937.65759596612,18417.88582508643,18935.47291213464,19484.270333934477,20073.599070089633,20706.30300805221,21379.389432300835
16241.47676487803,16209.527748418299,16293.744285174691,16445.254033613117,16604.275314422543,16768.375096429372,16961.82035362008,17193.518285961905,17459.86866777921
11096.964059708,11081.560318266627,11117.963676433903,11178.733463001077,11229.896928661887,11270.849344736485,11316.56700181334,11373.030599755004,11438.579742277612
3019.4838684299707,3061.2170908612843,3115.864269664242,3177.3993563601894,3238.775174129838,3298.708777176031,3359.0183036110498,3420.227555586022,3481.7486107373816
22342.99973050437,22212.17912225735,22165.294727639266,22156.70587810429,22130.873261328557,22086.737788347895,22049.0367025058,22028.52827045875,22023.362412999984
3814.084712457401,3950.2393437530645,4103.383047941051,4262.981555184073,4414.621448354642,4557.806237485451,4699.442921417666,4842.722319167248,4987.437731544735
7845.747957820527,8098.418529247786,8380.896047402723,8676.518715825463,8963.88768707927,9241.404639821769,9518.009394017698,9797.814500765004,10080.497122631408
6948.934443213814,7020.9271686918455,7116.87554167428,7223.351913681093,7323.505014300767,7416.081843447747,7507.686830346524,7601.247758349643,7696.438303086969
2422.2696402493957,2526.5654912343575,2641.599527722667,2762.764050910841,2884.1105312831673,3004.9785875264656,3127.752709131403,3253.6932773350995,3382.8845457099137
3460.558013936349,3466.426271135684,3504.773739428343,3563.205748985097,3627.46302989438,3695.713211060688,3771.9017235822594,3856.740948961555,3948.5258904823454
10318.992442962715,10330.437859764832,10396.947157959159,10493.57648486185,10589.969449702348,10684.283099009448,10788.336825169654,10906.57707291066,11037.200022054016
29085.75162583391,28549.71478538031,28197.382804931764,27936.635044323222,27657.85183387859,27363.328635017184,27103.418561974246,26896.669580132268,26737.576481166365
12465.783919483147,12836.86582038821,13278.047772247064,13766.088621084366,14271.663385953272,14790.463845305349,15331.749444195972,15899.505627231618,16492.736144068447
17131.583112444758,17312.234597031464,17537.420868454014,17776.997070622187,17992.104789071604,18182.821033657918,18368.29184799145,18557.473444056806,18749.97933794169
60996.651580115285,60294.742711769395,59972.11107197964,59894.2778259485,59912.72707458944,60004.4812449651,60203.35538684436,60511.442677287036,60905.94719062118
28658.09334032812,28478.73359857246,28394.304947736393,28349.411888656476,28275.67631265943,28173.921197723546,28076.55926510838,27997.11471152222,27933.41656812734
10303.46056003074,10317.671530182328,10371.431599872525,10442.552337954465,10503.468344125584,10553.919444857806,10606.516208762223,10666.757663208353,10733.959034162475
11827.255065881443,12085.626096322374,12416.27209454668,12785.68723250306,13151.88768223181,13510.107971667976,13874.600607058852,14250.559065544669,14635.86448738907
29922.096484899266,30203.601129371003,30643.079848632187,31169.250584709538,31693.280223082496,32209.811734417566,32753.94023910925,33339.18585851959,33960.03048896298
2740.5815361055234,2883.1043528860414,3043.4051707079375,3218.799554228646,3404.060321877959,3599.185344543231,3806.3550523051827,4024.2688763496376,4247.17159940453
12185.558955210772,12191.205867923578,12230.328893646421,12282.840499230366,12324.01072705348,12355.904917944115,12391.485754952015,12434.085722542193,12481.703717597251
13178.928482216992,13351.249911279547,13567.64165493793,13801.232673066366,14017.347662753895,14216.077579790946,14414.607831871566,14621.19787858028,14835.957144113676
5732.942415349642,5834.4528658578765,5952.736534659558,6077.921981478579,6197.494751585145,6310.707704962576,6422.75397122758,6535.929366626053,6650.236144274897
26628.010100618343,26236.031970686327,26004.459246279213,25862.16883186217,25725.95122257606,25593.121537054256,25495.064479489978,25441.40425807709,25425.96589504364
19777.800686700455,19892.27745569328,20114.955303889947,20384.355663020993,20623.164712900718,20832.640091826113,21050.424207685068,21291.99401998796,21554.938279365593
12461.954899841328,12600.271709854522,12816.554901502603,13083.572719608128,13367.483750277359,13665.21664847035,13989.132817117026,14343.908351887212,14727.262688696957
3275.8772946596596,3346.736981583758,3435.6181114588458,3533.1582431165366,3627.31407039838,3717.7557524945555,3809.988768800122,3906.420641318105,4006.804579943795
14458.747485279411,14509.848589940031,14656.911444010912,14864.897021654639,15091.306125464856,15332.506491300142,15603.915628411432,15911.392072767248,16252.361172961531
57993.67155452308,57410.43386588797,57157.69598643115,57091.75191247627,57039.04405650393,56990.87812288409,57014.288341188876,57132.58928583065,57332.64277325516
11488.990405366287,11768.315300053644,12087.951996612423,12421.241546643085,12733.265970400565,13023.455951109156,13308.811258890159,13597.61923100261,13889.9865975867
39623.5675788879,39957.694917757784,40474.615331576744,41078.08698697718,41645.313309583355,42171.677756646815,42709.89744860991,43281.30947769602,43879.72579112773
4277.705610582229,4364.032516972098,4479.287047460751,4610.660372897392,4742.998976829942,4875.876741972019,5015.386240984398,5162.890402436389,5317.241315152165
37289.97513498251,37040.45982028991,36972.522130207595,36986.64086670219,36960.42833313533,36894.92013647743,36847.19074773874,36840.22963577509,36869.31329785098
354.5685207856239,389.675323028804,410.52684206108427,422.3671755004093,431.9410493698883,439.3798329986643,442.41671031892173,440.058405661944,432.21178536438777
25333.415250718146,25800.52496144203,26369.363751674337,26995.839763803233,27623.576490733314,28247.796181979294,28890.405821220796,29560.952970612747,30257.184129507947
56543.079321079545,56302.52844194644,56376.11030384364,56644.68138716861,56965.81554096498,57324.8870991496,57768.104517601714,58309.92150835048,58936.925922894436
2076.553756505666,2168.374146834484,2262.349204317476,2354.922437689969,2441.1172860655824,2518.3033599334185,2586.457062939757,2651.172275280062,2714.632879763379
7267.97822141992,7428.489381876946,7605.648559557519,7788.495310755719,7963.084647620902,8128.451984859387,8290.461390450724,8451.771631743824,8612.057015640294
39121.945067755834,39311.671619969355,39717.86957449364,40238.22956843583,40744.727633099916,41233.536940800055,41759.97972796036,42346.07878592613,42985.483266577554
5696.0452301206515,5774.231103852788,5867.859564082455,5967.3630330742835,6060.935919232267,6146.861590151222,6228.787021093398,6308.140349003582,6384.135918152472
18332.256918777446,18416.19864739803,18567.25897737848,18740.950979929497,18882.224171083264,18992.226924013088,19098.00373399015,19210.65737163882,19328.56442842056
51113.151419221256,49478.556375119755,48284.882600592246,47370.25558197523,46555.48947503196,45823.253719525186,45225.16183678105,44770.57547203086,44437.24352728008
19386.379332323315,19705.246736233457,20109.084099177893,20543.282931066125,20936.9143021664,21290.969360626204,21641.344371535346,22004.331597793862,22379.464599394418
2042.9491314026754,2169.5823464226473,2318.0148399848067,2482.2449997032463,2653.782091047557,2831.2737983293537,3017.6641525488453,3214.1802110204585,3420.4095229068485
3986.034473578554,4094.2994223857136,4215.104710319191,4337.937539525095,4449.084397271537,4547.6374880831145,4639.9940161994355,4729.7461436952935,4817.490427865338
11055.472229055296,11187.355780285417,11373.835916102375,11583.367892773285,11776.042867918852,11950.401571733442,12123.54022333711,12302.146695502648,12484.200124433937
26782.71873445456,26431.6786116481,26295.264113291007,26278.663107840344,26268.38299499977,26264.564159656085,26316.38202626968,26440.09258260449,26627.543275167864
2634.9547662534656,2685.2595730187877,2748.6220045819555,2819.1561580056673,2889.9532954698097,2960.140806096969,3031.983494215141,3106.465455438402,3183.687588244935
50769.83332552318,50128.12019178244,49707.8710740505,49409.96213257556,49114.41994267924,48817.1025187821,48566.82159676465,48382.14707598583,48255.820456915666
6491.516211138615,6949.998072393673,7455.674381412378,7989.209271517623,8522.413884964893,9047.519057371837,9573.12294048544,10105.308800138171,10645.460558994688
3452.0606899913964,3520.7622883180647,3603.9445265021454,3693.5343663647636,3779.8868839777215,3862.273759460973,3944.6946128457216,4029.1285224051844,4115.726593249299
69142.27173067995,68721.93625053628,68563.96204121754,68531.69014814706,68455.80709078968,68333.52771792776,68239.75541849947,68205.58218667617,68224.0551431231
2731.9315047378245,2813.6042167228,2882.491587785729,2936.996339380657,2976.8389636012034,3003.416039807045,3018.1804044463493,3020.328391721378,3009.7436290859214
21625.251569423614,22534.621566378017,23577.71493641276,24708.157619330406,25866.7573992933,27038.538654624164,28234.293270056707,29457.95642410495,30705.046250579086
10754.210364137183,11091.042384729652,11466.818442560467,11858.614399956596,12235.846982603065,12596.984526351505,12955.975699710954,13319.793320227307,13688.589186711173
52957.229271497934,52542.63035359048,52392.4321837072,52390.248184451826,52397.39942826273,52404.52498750109,52462.50418298356,52589.138192107115,52774.13844251875
6327.83355462224,6667.155455883987,7023.78719475731,7379.978928988546,7713.336041148081,8021.206057770252,8312.864033172395,8593.894009795245,8866.087288383704
7597.2698915402725,7716.174870917992,7870.885091504288,8041.376401386047,8201.87917775945,8352.296918070535,8505.077983287698,8665.738724789735,8833.858524847448
15687.44147328637,15678.361248644573,15738.538433761398,15831.83705905527,15913.306999082766,15982.892649513498,16061.599568865307,16158.473503323476,16272.334140191248
31410.78039094073,31222.30332160034,31177.1996451369,31198.312130956056,31191.024184823094,31156.35926766281,31138.60542837431,31155.18389125274,31201.81111221671
56420.843626822876,56585.47939979805,57092.31762109081,57799.8338485167,58533.13732784503,59285.32726067736,60129.99724033206,61096.868123782086,62177.37469588925
22371.105573737525,22815.885612259528,23349.689449696787,23920.3075963594,24460.49654187781,24969.613648942333,25480.482889472103,26008.223882854792,26552.090215420754
3276.253891376279,4230.230086347085,5205.496291553902,6200.632627839132,7208.783653638329,8230.514037215864,9272.400418923406,10335.349120517745,11410.315476411295
5975.525252880958,6046.270211348423,6155.21881924539,6284.610410697653,6412.672173891702,6539.707446544534,6675.370650576827,6821.714532708271,6977.134969870869
27224.282957962692,27337.526944359084,27667.434878198183,28118.983462609358,28574.03928634104,29028.972125355747,29533.77130162956,30106.397266900996,30739.556589135886
40621.935553119816,41157.75317902913,41802.96942269531,42467.12987758369,43038.282738845395,43512.24416198191,43938.45288475347,44340.47874671418,44717.53223253671
5488.056601063251,5471.526574037063,5476.190421387169,5486.395329671009,5482.864679001449,5465.7763685412765,5444.437500179611,5422.526148897262,5399.344226005532
40609.33393980349,40143.80916391464,39860.10429438534,39677.527447597706,39497.315505225066,39315.68925771544,39172.62775578993,39083.09561909968,39040.59120861036
33050.57132639407,32893.18467859356,32881.95444580789,32945.05259215308,32997.36064554597,33038.07278881026,33104.207443602565,33209.00569290768,33347.14210403353
22012.634147416677,22287.623933640778,22677.144525399537,23119.71170484429,23536.498109494834,23926.383693848533,24325.738741690668,24749.70640270374,25196.24825117845
4908.6046738247105,5052.129381827097,5214.476574864014,5385.1402303730565,5551.678879414268,5711.382553886879,5867.3168392591515,6021.19834430411,6173.010396943271
12234.130731837678,12256.66352654576,12354.931462130891,12487.720577076972,12603.687819906783,12703.82580080773,12812.759554521921,12940.383856952993,13085.297216493793
2113.3738939451077,2259.6215589582243,2417.4941337052173,2580.82460342262,2741.9850977344668,2898.047492304512,3049.822986556999,3198.22860490903,3343.9171218513047
20583.071411665307,21113.822379247493,21741.858486333826,22420.01308806322,23084.90669342562,23735.211420660093,24401.344350983858,25097.63954017616,25823.46849815976
5294.340631196145,5301.334149817802,5331.364469945932,5371.560182217836,5405.906696022141,5433.513544380877,5460.920259903865,5490.806035284817,5522.435105553559
10406.386309919371,10571.590716294797,10808.886481653824,11095.04089935031,11402.839423992773,11733.333600546574,12101.417045373571,12514.091455215941,12970.686723710125
9519.33105925637,9780.312381102382,10074.031915081088,10379.679727069237,10669.807409653778,10943.752967643977,11214.661867307497,11488.887319882111,11766.297814027022
24642.536887493025,24755.90060034644,24981.664829479843,25271.470721287522,25568.78880055717,25867.24903217433,26184.837923448045,26527.09035044766,26888.99579055489
37094.442640215035,36789.518204141634,36669.819259982745,36645.778758842745,36607.56768092023,36553.7744048815,36532.302042450625,36561.60639317852,36635.726059414614
5430.100448842407,5622.298634617037,5839.101210791633,6062.746367218598,6268.862104347613,6456.77607579221,6637.943321269334,6817.816184558773,6996.679714866896
25514.77512731483,25830.725879010555,26338.216253615923,26951.256132861192,27561.38368236975,28163.471448717773,28802.194378515193,29494.06166243576,30232.48155933719
12794.487315790837,13140.899068761262,13492.544707637398,13830.148002863814,14133.5279407777,14404.973388173623,14656.640545994771,14892.192723170443,15110.464051000226
7999.525757877736,8083.904532873461,8193.581682298029,8315.632052829564,8435.229582009897,8550.15880540932,8665.438624045411,8782.925294004941,8901.217078944172
9501.62452969672,9524.218640772575,9609.18779501492,9725.294848258036,9833.660955211892,9934.08897868768,10043.89203342194,10169.078935010444,10307.342226354946
42879.63740522747,42979.17354791783,43298.3329819976,43737.061758760974,44170.9454051906,44594.28077884807,45058.16113315336,45582.64434299246,46160.973237852144
27683.925626000386,27393.81408716754,27239.5348367709,27160.195978342726,27083.04401251991,27004.803085804208,26954.421678793962,26943.108699886823,26966.95533263307
14730.81881887842,15013.32690006426,15379.68367319725,15790.982080447395,16197.170832936516,16594.391619687056,17002.413778399918,17429.09074495209,17871.627560601362
6792.888841235091,7054.012506337213,7353.121144896464,7673.922810391776,7994.69514863307,8312.510998543685,8635.261037090457,8966.676439995574,9306.093437165815
9172.097064944544,9277.24633417704,9434.13626053721,9615.764141965756,9787.26701110262,9946.32680554035,10106.66286988723,10273.645712898815,10445.44935516587
2122.6671290509826,2158.419469081307,2202.7487210878594,2249.2787886616106,2289.5584496302267,2323.030241372149,2353.1425728675254,2381.2273988661796,2406.8117102820033
658.2912284293867,703.7993473345216,753.9250721049099,806.7278619969594,860.3772227898409,913.9836627214606,967.4481903025952,1020.4264858031237,1072.5672309688568
32676.53474876612,33341.19793218153,34134.310220828054,34993.31174020477,35838.37857500942,36662.342918265116,37495.667965249675,38351.18856462197,39224.83423917005
26669.750483917407,26800.949590676617,27106.6041717381,27532.09336196192,28009.63321804312,28533.130878486267,29129.744177534238,29810.916423240644,30573.904116571808
40145.731592958415,40772.013703246324,41474.881579914225,42174.53425704815,42771.40093903084,43262.80654954243,43695.65724860296,44094.05124232013,44459.87313515779
4010.7856161165,4121.286002628853,4241.480833328053,4363.745184263129,4477.89714441977,4583.455598084378,4685.193282449545,4785.549886241798,4884.86675828462
45893.9271808106,45956.86101792473,46207.46325041138,46558.0311056193,46899.95561852124,47226.21506527219,47578.7447137154,47973.30911958254,48402.4579231347
9698.308115531183,9749.580631574587,9857.576022848445,9998.216355992225,10142.120440570794,10287.273615564893,10445.094535968017,10620.430058137568,10812.282878908645
52067.38147657571,51637.48366752186,51450.72294105606,51381.5222699837,51279.13143373072,51141.9903531845,51036.161908856215,50986.77863018221,50986.14555031519
30554.114058667168,30787.318385122384,31128.894644121738,31515.974039146276,31872.038110661477,32194.66657620553,32516.727612119445,32850.970828357575,33193.35198726015
8771.280877725658,9197.22425749219,9672.599005202925,10185.240459378263,10718.387979368312,11270.084081213636,11846.769557620288,12451.746579093242,13085.233451069362
57723.87060056413,57761.357195814846,58024.1093088424,58391.720273297666,58713.263344707644,58984.47271179069,59270.77801282085,59598.91850225874,59961.58847891203
36494.088847892235,36167.05797054609,36000.71567342731,35917.25264064996,35821.10891008489,35711.447763145225,35630.88296925973,35596.610646752786,35604.28207717109
8523.91206870097,8740.57933447673,9000.884670323603,9290.411373956678,9590.970835289647,9899.449312530389,10220.832139694241,10556.887248837511,10906.407735636165
16799.339731875105,17029.1952168836,17362.06920907258,17751.70213930023,18141.017457507747,18526.197095709074,18930.392075556283,19363.515151252526,19823.97637473234
9497.080070554657,9650.835864147393,9855.196355407308,10085.26255582156,10309.86515958014,10526.259566970019,10745.995700288713,10974.12001640422,11209.95059805379
4100.317998165004,4199.165237433647,4326.469228452721,4466.003431649808,4597.417160516387,4719.499178894151,4840.473074486392,4963.4190202739,5087.4151763353475
15683.776335754192,15850.758154859315,16070.724766839703,16313.335374063705,16539.798063348993,16749.87476605844,16962.252064344797,17185.46837842248,17418.911885186524
68821.2394490441,68018.96977940989,67565.18521719865,67305.04481170452,67051.448053007,66796.97178498308,66615.87822562043,66534.5704400417,66539.61161287816
31312.59257130039,31820.977676162787,32405.336670647295,33016.57116978584,33592.08533957988,34128.70315027209,34653.40992145276,35178.84227742303,35703.73002908604
23019.96120609772,22808.64285868644,22729.638973842593,22729.92248418879,22746.411795570028,22774.16048042091,22835.15590395317,22936.452787397953,23072.417394681557
16499.348203583246,16515.793259109712,16649.60493823991,16850.78717381782,17058.230280876727,17269.724860474114,17510.53253987343,17790.514560648702,18106.777544415094
28965.90964348693,28792.38409649005,28766.109582292105,28833.317813909984,28928.105903249078,29044.72244067473,29205.80356391651,29418.530524789658,29676.551652912447
17879.77765956998,18356.779641295852,18918.682816993227,19519.25274705996,20100.769244870105,20660.32701770733,21221.736495779573,21794.15375651197,22375.098722410945
17234.645180306172,17493.242885775937,17811.46451095901,18149.954856556953,18457.09508316654,18733.76612698861,19006.484823941013,19287.721460576195,19577.573832209117
7025.964426030122,7304.34123212434,7629.842023814121,7987.809666006509,8358.720530626957,8739.481075494581,9136.70771805744,9553.629789541214,9989.91381071838
12716.628805478913,12785.555634208331,12906.292400396485,13047.96713977298,13170.727559457613,13274.816292752479,13379.604210532676,13493.604703990753,13616.070818208678
25119.641049027057,24922.1876848895,24843.834287335587,24829.8905778688,24816.04659641872,24800.193260007458,24808.188439775284,24848.876631719024,24917.48808582301
60055.79198416619,59091.54135029689,58462.93634856438,58036.46407225808,57657.059206631784,57314.67415747294,57063.7954648315,56920.13477692273,56868.50488852947
8332.285063445555,8418.657033834106,8526.323592318498,8637.761464829542,8730.7141418986,8805.05051089014,8871.24787554061,8933.682100076187,8991.66987014031
52990.20451901348,52382.94937402031,52037.59997688195,51832.382316425326,51621.37188741225,51399.90923043527,51228.05211616933,51128.75652611927,51094.051857353064
11339.904898589848,11760.132881077172,12207.459899576696,12661.496822311265,13096.360733782334,13510.723891252675,13916.800352877786,14321.702477815323,14727.472924174015
19932.617909017023,20222.369202206435,20563.202472869427,20924.718115170668,21271.13774993015,21600.54672096822,21927.485732076842,22257.35686523014,22588.311015851417
28143.46006955631,28403.704377251965,28782.547271215954,29211.64071382973,29604.208558955983,29959.623592455857,30318.9431640162,30700.3493303474,31102.01085857427
9322.979706034152,9668.51075100212,10047.071994383736,10438.923648306669,10818.160371025187,11183.378083069989,11546.005154210707,11911.498777123757,12280.063491376959
25107.61492638314,25380.349764098184,25819.22927412774,26363.88722289929,26940.613124383905,27541.515691525983,28191.74765633945,28900.506503119774,29662.53154084523
25147.18709521637,25323.70902454737,25694.425181773247,26172.642685756848,26649.4501348526,27121.312746825635,27633.834719985258,28202.735989620178,28820.09173335321
9450.348593581939,9640.363286072417,9854.58344735474,10077.818894585744,10291.134461251342,10492.861646241488,10690.343863659005,10886.925998506716,11082.139381763574
12868.539708131819,12957.367025205589,13111.055483040407,13288.961329530774,13441.70268142709,13567.126288947893,13685.72089920539,13805.62117345523,13925.19676548806
35973.843253580475,35785.59683495129,35854.130146911004,36069.0040710799,36297.109165012334,36533.24287143802,36830.808578711345,37208.387521619676,37656.47677528239
7503.258637378113,7685.943523064904,7918.672701182413,8182.1030385320055,8451.967359418448,8727.577106902687,9019.081259939416,9329.409330219209,9657.110482517744
8985.36307139349,9023.033746703068,9085.342508550775,9154.1510855376,9208.962738879356,9251.096804136452,9291.239790262909,9333.241016803498,9376.265496600014
17470.651783849386,17844.627037133963,18298.071946870292,18789.475424219763,19265.081105633333,19723.303137589835,20188.81478012125,20672.54707228745,21173.13914168798
29302.867123811764,30097.414715626866,31048.31546285247,32101.99534025578,33191.82205590056,34308.917364435845,35475.11760782314,36699.19344042632,37977.10157430167
16492.807516562465,17391.75670422166,18319.418592685048,19247.38687683166,20138.89854364601,20989.100281356823,21812.27287161624,22617.037036756305,23404.96751539246
6357.00021283089,6437.931163190655,6532.029225797679,6629.9817342958095,6720.644734530587,6803.108604306055,6881.651862503965,6957.929805782144,7031.309942924064
3813.333245169521,3890.381674108169,3978.5225242652164,4067.027217063574,4141.9767883957575,4202.968614702154,4256.493987393133,4305.308801302533,4348.908594000528
11446.097296253234,11445.10791523612,11486.194971052138,11539.430421988505,11568.463009916692,11574.911888953839,11577.071688832602,11581.893932524506,11587.782823734067
36291.85189335983,36136.78036921766,36127.11041178751,36193.65508168077,36250.820824800176,36295.71090741132,36364.394399466124,36471.7861681424,36613.55166108219
14942.384702502779,15086.810825814859,15320.227922851387,15607.189460223775,15904.586942963786,16208.749525870922,16535.185071606236,16889.136037556542,17267.510207219046
21520.672105010508,21767.211311893723,22081.08197458595,22421.955439935893,22737.66883215814,23027.29416962269,23315.204530370596,23612.497065956104,23917.9469722909
22843.946690855548,22460.04937887252,22219.557150158096,22063.98263058668,21924.847530658557,21797.047487039243,21704.075633260498,21653.410889316307,21639.38202254014
28853.940633595445,28262.538722755868,27873.572136720864,27596.51906095785,27324.174478152298,27056.67270811758,26840.19851614109,26690.621463601095,26600.777536048266
9805.575518022866,9859.485296319326,9947.712520905128,10054.138757668356,10157.144437890947,10254.677013681448,10355.973511688338,10466.595674381177,10586.886152218569
10860.617409370745,11070.94454400339,11348.944320002094,11667.854402064178,11994.828537521696,12326.262870956582,12673.538188993212,13040.955899473074,13426.53192949204
52943.905176110726,52971.86917016804,53284.53563290864,53760.51016850432,54250.41763065376,54741.99254787742,55288.50062748516,55907.504093749674,56585.45245685264
2967.9273254030054,3098.4015060205297,3246.6039687386124,3405.02307407296,3563.9891944120845,3721.8054954271,3881.8564046506117,4045.915369733437,4213.746249986894
16035.11684057963,16401.05008737845,16817.548434967666,17256.62970773861,17682.84500758336,18094.217068653274,18506.552146348302,18928.02772896653,19359.291202871424
66185.70312650144,65833.14743702798,65807.2006370067,65950.87519342035,66072.78384626529,66166.46775233684,66311.49331965538,66538.39280900371,66836.19990678651
6797.228828064081,6915.839677589032,7063.886965959974,7228.829714811646,7395.092513737758,7561.193147317592,7732.952285139731,7912.878186976086,8100.394810422237
9264.660799448817,9495.433908796591,9752.85440389854,10016.550136803871,10259.866999495478,10482.607903486925,10698.333235877735,10914.021397618833,11130.339324427066
7814.434135352598,8072.361680711721,8364.322168385408,8670.542588558179,8964.626526388522,9245.042205526766,9523.770650360788,9806.822868096688,10094.288826138049
21721.311274741485,22300.30224198169,22997.914354459896,23753.298919312947,24485.02942679783,25191.42244400218,25911.054920959774,26660.693996019145,27437.882674604134
5112.675476157087,5269.633318709482,5445.316682750946,5629.344030277243,5807.953276617271,5980.099848763017,6151.68335552417,6325.772287910285,6502.634929446477
21304.110428320095,21278.05094859403,21378.308973604482,21549.467114417417,21724.10147810031,21899.74868330785,22104.276791943048,22348.274340133255,22627.93001192057
19514.796553839038,19696.43520495072,19959.88601910121,20266.366040246296,20566.273566751497,20858.152877207893,21164.13403530071,21493.81915969043,21845.558065195914
16570.945074829753,16363.923725976689,16244.786867003591,16178.37985105685,16123.556907772463,16076.429356710118,16050.874566860726,16052.209980153972,16078.288239232674
12892.776850530448,13202.067133537712,13528.91687503149,13848.469519964117,14128.35738722883,14368.40672226226,14585.54175813221,14788.985863282325,14980.403377885677
2182.0823142010195,2325.626301078216,2472.771872700395,2617.465078284856,2753.646783736713,2880.0972848781207,2998.418935146874,3109.6269349697327,3214.4777981966286
11516.266513655068,11720.369052919252,11949.103727028505,12180.290634713003,12386.33728783915,12566.295349625358,12733.066933819386,12893.48860742136,13048.442740216742
21548.068737839836,21954.731385380062,22464.201767395403,23025.05864411886,23570.902186213145,24099.53946703882,24641.00642350913,25208.593861832906,25800.560292730348
37600.58758380757,37527.53426075549,37607.48335585944,37759.03499536164,37883.02746537303,37977.03717737923,38084.1238456469,38222.072922910746,38386.985265052535
25491.611692618942,26109.949696700616,26800.461311217765,27520.006398919297,28212.350727261968,28873.195330150807,29525.37206657955,30178.735385882395,30830.82485493068
13575.11558458355,14056.337630680151,14596.22767815857,15174.79019394363,15765.285905398187,16364.91770050146,16984.01099646179,17627.324822499933,18293.972677776303
2433.001540568794,2526.775542671079,2629.5448865401836,2737.1333753097665,2844.334712155389,2950.3435576720085,3056.911051862791,3164.8669156094484,3274.1620710501184
16579.32181924666,16634.493333096125,16804.09927770027,17050.765820082335,17329.884547845464,17634.262203006172,17976.034502603416,18359.46271242184,18780.62121061024
4944.814117749381,5074.692435972473,5236.209922934589,5414.439356914985,5589.919145900212,5762.043978467333,5939.724494742831,6126.939197211927,6323.5214417315165
6144.665846430141,6180.286533118119,6255.139189924313,6350.48466085408,6442.485553735856,6530.101036188269,6623.080982582016,6725.6408122198445,6837.959946137843
45454.45934513459,45513.681371696985,45829.69970700563,46246.920692957574,46571.70408931761,46807.76456469901,47047.573486669346,47326.468688028326,47636.02991696597
59324.79801043888,58878.10788876168,58696.574723458994,58639.93572469002,58536.44549413247,58387.37554566038,58272.89739066441,58228.71203727499,58247.76925555748
7604.074705934836,7599.382345594183,7641.850024563808,7706.986395028336,7767.063296330264,7819.110798812483,7872.308912074258,7930.430574495894,7992.829113870742
4841.657327839253,4974.886851540681,5120.060799337079,5266.828774685015,5401.225666972137,5522.0430051673175,5635.005034778402,5742.8328158787335,5845.102709622917
17273.66391275472,17125.094393183444,17060.203306784126,17041.628846616888,17023.666771066255,17005.159777085806,17005.53360221111,17032.45715664285,17083.53337337001
3718.314552964821,3719.033534310149,3740.0099625112084,3769.250399729454,3791.3889235704614,3806.4802463210735,3821.856657576427,3840.680167887869,3862.6893264080377
5789.4384081558,5989.377314244297,6220.066799065758,6469.475518382982,6722.117190078045,6975.716794974149,7235.25181876769,7502.796963954774,7777.596618988256
30098.21355284325,30010.789574996823,30067.153091500924,30211.235418557397,30374.482709226428,30551.779289861173,30768.286845358387,31033.120225902487,31341.034308226455
26124.112382145988,26407.584332064947,26797.56981408848,27240.742515701244,27670.01672981273,28080.735088068606,28499.293628444644,28936.586442823325,29389.27790189483
6473.0440486336865,6476.140299873469,6504.937405288971,6546.083310031494,6582.546133116247,6614.116140296881,6648.446165552271,6688.707105926777,6734.256896870366
35992.63055701851,35144.979613578,34534.345767804,34062.03135430604,33613.204281859835,33184.13548664807,32819.43216300032,32533.73760088916,32318.29023916212
22651.841125303054,22568.73995608455,22598.37486746837,22684.355153713863,22756.803568603198,22815.240525086232,22891.428856808147,22998.559151786343,23134.28133114022
37085.343566301985,36892.01172477043,36943.68769965451,37147.82178313893,37392.485115007716,37671.51069603252,38027.79317393881,38476.021905739115,39007.1179706528
20124.97652342108,20704.654320024827,21394.47912154308,22132.338392895792,22839.05211870513,23511.508560645136,24185.019225234104,24873.6561099408,25574.121653396618
11903.805757641534,11909.030623792734,11976.174821975674,12072.325017061283,12157.407622973526,12229.637945919027,12305.470029601307,12391.758524394285,12487.134142245164
17509.134742433864,17344.34084945801,17273.14423081835,17254.251368878817,17237.10203276687,17219.63020533985,17221.93353466444,17251.42176067387,17304.921959517604
10601.60461372349,10713.054558668497,10866.049107065883,11038.854616413168,11205.628128976667,11364.801009518802,11526.531556472883,11694.658966777664,11867.869166692484
8906.7364762957,9209.475793993182,9535.831284260179,9862.61122461352,10160.456605745398,10428.171814760768,10679.834866527975,10923.225421245816,11160.44712326492
32473.538262469236,32273.256255110122,32231.564318365046,32272.125530649228,32300.680653780582,32315.986359499195,32359.64975693056,32448.13229561828,32576.74121907614
41707.278256560385,41326.29685126599,41219.0545416942,41266.99965136038,41327.81794961787,41394.94742916066,41523.73279853288,41733.021214561064,42012.38046332041
8121.85412074665,8269.493384921578,8447.986654506843,8639.117441945376,8819.621746427016,8989.049788078833,9158.421729659105,9332.991063713122,9512.795717351268
60589.23927327416,61525.47140364584,62570.9358993731,63629.220660191204,64597.78183275683,65482.21708239697,66335.7964518101,67177.2870820257,68002.54938961485
50646.645948416226,50741.14412453702,51006.145574348855,51360.580142833285,51702.72100108528,52026.004543403025,52370.17524489376,52750.96812490512,53162.1869441283
10536.047398040786,10620.615052944935,10735.721645831325,10861.409241683852,10973.279933048107,11069.807939015483,11160.738247549301,11250.231000269663,11337.359386241431
49659.77156094749,48839.880156122046,48228.582089994896,47724.938989788396,47208.74752608677,46677.98355165575,46183.647264961335,45745.96713906209,45359.47463619086
7611.18347830553,7718.8858259453555,7833.293692835103,7943.1152028581555,8037.086363042464,8113.566169375376,8175.428546586812,8222.92871602901,8254.911650887965
44343.30058336085,43687.12116365009,43311.69431809213,43072.63613684278,42795.55668063703,42487.45247765865,42234.435448645956,42072.64590281348,41994.40862684298
30098.10361660137,30321.779762110094,30693.63358792137,31148.48212511087,31603.714250268808,32056.5021523222,32542.788079431208,33077.6953356152,33657.73512147377
35607.25770342964,35450.61796830435,35445.52090269567,35527.004381872684,35618.30532319954,35715.33501183691,35847.03443612727,36022.426825157454,36234.572722305835
9317.944010514815,9795.38674234804,10290.226668169731,10786.480828110958,11262.270400024718,11716.13548659367,12158.725632973625,12596.836476885268,13032.711285127518
75946.74943760464,73908.89071930769,72412.67556767895,71219.56844474243,70052.7094087126,68908.08450966999,67897.22273436646,67055.48533471591,66361.09806465685
4369.687970896898,4438.10174604485,4518.821251454977,4603.757306960454,4682.440833665061,4754.0742651380115,4823.353726469058,4893.0149028188225,4963.6906287053125
8157.874710280334,8322.598300624304,8526.749232267748,8754.437451729978,8985.74893685073,9217.56992334297,9456.001262694324,9703.834464211486,9960.629682158768
28501.973091497166,28418.284569547788,28537.950216789926,28799.508042843507,29128.933300090284,29521.984954681062,30007.384214065973,30596.009064693222,31283.276813268345
15615.900289797919,15981.733230111595,16429.796760455018,16926.399666618214,17428.1032679543,17929.705589257097,18446.572073753625,18985.203689913065,19543.42685309941
6343.817853004028,6570.50945105601,6800.122034269327,7020.298187616636,7215.539392059828,7385.249392260275,7537.284445546222,7676.729892369779,7805.609329084943
17601.071433625628,17710.73335996353,17881.07850300104,18081.62693735658,18273.762730937335,18455.700874779104,18643.75276519226,18844.93513382115,19057.789889216256
13304.44660699966,14025.076968370206,14807.006113618854,15620.874643268766,16426.356625723372,17219.8229956902,18019.03859367389,18833.60953755538,19664.547642929392
7651.682846610054,8053.940145868474,8501.615158120858,8977.27406379376,9457.156811440535,9937.157021725616,10425.157698353934,10925.125863769597,11436.519481656256
26166.12984104454,26205.126900039904,26357.544158925135,26569.110768941504,26772.868640260254,26966.333548784416,27177.98512308278,27419.670932678855,27688.67896994059
22031.056657128134,22925.60411309978,23936.26661454034,25014.64384606837,26098.21917037171,27177.666407151974,28273.562104408666,29395.00064108131,30539.48350160453
11064.021590109522,10971.414116185162,10958.268127135661,10986.810152323533,11011.469016929143,11032.69396770849,11071.044480087103,11134.031600922224,11219.377942590207
3598.9704493364966,3789.346736476108,3980.066485128801,4168.561644733429,4352.1654405920435,4530.850361241629,4706.40672292262,4880.23963180438,5053.9667902118135
4525.420775059384,4725.546341785277,4935.753953884665,5150.364679509905,5363.105787010579,5572.256139268743,5779.495296066702,5985.698179835575,6191.3323877834155
1618.1474044871384,1681.0308773441047,1753.4977174893168,1829.8986004665262,1903.96010394097,1974.2104014572683,2042.0915220095558,2108.5484680266613,2173.5639325665893
24514.290049171315,24789.523137047683,25156.02878933547,25555.07176116896,25913.443188998728,26227.858458422794,26529.636548526538,26832.520667257704,27134.655022024486
7795.129945110326,7805.312969417924,7851.526701131678,7915.497605863081,7973.957971686744,8026.630570300704,8084.015497912476,8150.527858080467,8225.388352964195
30079.993280091847,29839.597129445152,29758.203358157338,29765.245166678385,29776.338648282217,29788.16052950315,29834.716375395063,29928.78708062876,30065.509456264735
9966.330878755627,10183.290065670317,10459.730028220683,10768.620913513683,11075.428920023756,11377.074876831426,11686.74209045414,12009.544219457992,12343.49975663098
41803.15273816227,41416.64430806399,41308.24098060232,41354.46206560393,41408.26017834505,41463.741061707165,41579.33709668746,41775.67366609806,42043.16405252834
38708.574880373046,38243.62611800621,37981.11881103135,37814.40145842301,37613.67768774508,37380.99466983763,37176.75134670357,37024.48102055044,36918.57646665211
22537.33880302069,22297.596496088205,22151.12614489664,22053.655522920522,21952.786499853602,21847.603359790814,21760.420211624525,21699.394389375597,21661.177811540543
29505.26452912389,29399.851871596326,29407.611734268197,29468.324613538673,29507.407368563832,29522.17482516388,29543.750602285712,29584.691096388106,29641.153991328218
22947.18614121036,22694.928572926958,22579.814186851134,22544.04614129452,22520.00201811707,22518.09129476221,22571.25074558,22676.629285979056,22821.40013106268
93378.55916412885,90991.4033030434,89171.31926515374,87589.37217886698,85871.30937730025,84030.70262693235,82237.46909216583,80549.64117985842,78944.3876335547
12250.107876920916,12661.359132009942,13122.054270053779,13607.408643615274,14085.672602250945,14553.987253576573,15025.541335333688,15507.346198813611,16000.164138273922
10505.7706014593,10879.293094660494,11324.052096020643,11804.019959963349,12270.070534653869,12720.124635370523,13176.044169392844,13645.853761525184,14126.75628236506
1460.8143025571567,1588.0185620377686,1719.7078891725769,1852.1285252880182,1980.201449689858,2103.3656789115857,2224.046810000973,2343.9302559500834,2463.8248927583377
7897.104159634056,8190.3324757431055,8532.076609473392,8906.352247683832,9291.722503564413,9687.272488617999,10103.126442321554,10544.512333111657,11011.826733905858
339.8606463149008,524.5890321414776,718.3980742688833,920.5847824380982,1129.5421517080351,1344.6546438695223,1566.2230799778727,1793.3910658320779,2025.6491444426176
30249.440851420477,29967.308624748566,29855.80075396422,29831.201252262334,29791.957944111386,29737.762158418445,29713.539401242448,29735.86235927981,29798.83428855689
15427.180767293823,15509.823545290676,15683.175665751656,15900.454258967964,16102.674233999518,16290.009502366733,16490.168981671563,16714.54257794791,16961.324221115618
47668.51118887009,47243.98944258463,47185.646031236334,47386.218282598886,47719.714235470376,48165.4016371224,48753.38504131048,49491.762092012796,50374.51241326234
7807.609592400014,7973.692912016849,8178.699912958103,8404.256993830411,8627.344683596844,8845.123126638218,9065.561652337869,9291.910387429098,9522.890708474299
15004.767347918705,15223.379882147408,15474.897313967895,15732.781627612481,15965.046104238118,16172.23814243417,16370.197969879286,16565.152884442297,16755.926908831567
28722.529344131304,29538.73980973881,30432.935957438804,31348.208748012887,32209.850463691924,33016.60737387489,33805.12084452085,34593.50015246355,35382.192730168754
19424.7037632646,20022.706667192164,20676.003998233824,21344.104777030017,21974.279773370527,22563.331870063656,23133.939727083452,23696.598283303254,24250.15129818967
46340.60624264794,46057.51208039496,46001.00040127497,46058.48456395835,46091.380354797584,46098.573007246974,46142.15556222134,46246.79316518825,46405.90433160883
3418.5378846120057,3592.7377356280863,3792.2086741030284,4005.3446097241695,4217.333992556797,4423.764576142129,4627.32607909267,4829.174253428636,5028.9173061750835
5774.903396640862,5956.436487463196,6166.881433835799,6391.769283747491,6611.881811278513,6826.321384198936,7043.873475546841,7268.790805707972,7501.110433372508
46936.16807677444,47297.81475394385,47903.912028009225,48613.75105099483,49250.471306251304,49812.4244131515,50380.69373198562,50988.141505741514,51627.923458026955
3984.693602581834,4041.274377039768,4115.440768683365,4198.132332783955,4278.224151991691,4353.999988779778,4428.865343409034,4504.1652575192575,4579.246565387749
1194.0934019249203,1279.4056588126314,1372.4667712185133,1469.7100144609226,1566.0387263155342,1660.3842803467762,1754.3469283011577,1848.9034443873022,1944.1728615309053
16599.613564115924,16849.75534013709,17199.256455787923,17606.41857325874,18017.971950807907,18429.871269526586,18862.88753426417,19324.552006517675,19811.438478304863
48698.503784899796,48488.87236941811,48528.19461999689,48700.05413379563,48861.071091133,49007.85437902372,49201.96279798952,49467.37897225234,49796.277742076956
76682.14970121393,77127.95227583717,77924.34286559987,78798.91760068884,79416.4068966941,79769.28026399005,80002.37953579178,80170.13615785181,80255.32687308354
30088.850682855747,31338.34830078424,32669.82218062261,34032.4097177596,35359.05645153388,36641.6279317321,37904.76634630653,39159.358207170495,40402.22861721424
13277.84447626963,13646.25560685117,14028.282078398144,14401.645530563785,14737.281371509414,15034.30113179133,15307.000081641761,15563.549365775549,15805.086752173347
5806.024909216958,5956.871923786352,6120.773555280403,6284.4610642987045,6430.951729630296,6560.870176550206,6683.805985944863,6804.958722045366,6925.407415295184
5220.920566004028,5419.124771927466,5627.910336823578,5838.644428754937,6040.353371917494,6232.188437612486,6418.936592862088,6602.914258140737,6784.153476040233
15938.095978384457,16155.74615446426,16495.075965209675,16911.31539938035,17346.788025295788,17799.224073444373,18293.380368111317,18839.444560595082,19435.12784038297
4544.147743780345,4627.670254646336,4725.750982981164,4830.776307466635,4934.05030912631,5033.76893481507,5131.768833760941,5228.310517502529,5322.304083301895
21574.097182057732,21390.03050095482,21400.635602397,21524.877730512493,21665.51408463623,21819.901727821452,22027.37970732132,22300.62046083562,22632.239373760316
18836.255429428104,19196.34462899398,19618.91401835671,20060.142760983217,20464.025650182128,20832.048854063163,21192.523269625002,21556.91046690055,21924.228231927613
5626.84079152612,5673.9986021565555,5751.272396709961,5844.320744433523,5934.482246984767,6021.791473216874,6115.182241823554,6218.206537511988,6330.018430070993
53375.05743223092,53373.271344163724,53576.658252952504,53843.282351294605,53993.9115957283,54032.59212778004,54047.617976077156,54075.790597448315,54111.69172857831
32356.81367663629,32645.035383020953,33128.89952064423,33710.351034919506,34265.29749912103,34792.57295367021,35349.31126101376,35958.745164220214,36616.13538228932
17263.085401379,17205.33796440301,17232.968653457207,17297.579855421405,17340.474423889194,17365.14928458157,17400.17301818493,17453.634461806723,17522.01170124407
26122.959164115233,26271.628331989137,26563.703386585777,26935.669289616628,27307.5657549523,27676.411325843703,28076.441586451027,28521.725614374733,29008.65952609386
10807.503763252864,10879.328128670091,11018.99294189498,11192.164950706852,11355.596470446411,11508.589305995056,11670.213627362598,11847.522170588505,12038.151561683975
7351.070270518054,7577.153778944164,7813.1031694190915,8048.635701197902,8272.0662713421,8482.283097345491,8683.531677890753,8877.286803390116,9062.91661324805
23989.820220855763,24767.31061381271,25587.245274284163,26401.064326320662,27145.975635508858,27818.86347007698,28451.069579807885,29058.29420969854,29639.7978323983
30211.76644343856,29689.42506863686,29314.869381762623,29024.87266512134,28744.45799073689,28470.628436634728,28232.302837435927,28039.468972378985,27886.635853329353
15944.333432235175,16322.456216202761,16773.86054678903,17262.49892672363,17741.993424979497,18209.657452156884,18685.478204932057,19178.761838227892,19688.885791277156
16055.931613327752,16367.538447413424,16800.647565395066,17315.52286442257,17861.30278349552,18433.16671799415,19050.158369450604,19720.129750684373,20440.629295329716
2206.9651809496854,2257.2062577981847,2325.2838425294613,2405.176596051633,2489.6977150059993,2577.1730159420295,2668.9719686341077,2765.3610025775315,2865.581877676766
1058.347906727896,1070.5166327596032,1077.2240323810927,1076.3832392268748,1065.9570362006707,1046.2107362188792,1018.3814250585533,983.3179016884365,941.7408445346193
7464.120597072749,7567.460521245823,7682.912927364183,7799.078165555373,7900.944046174535,7987.750282871314,8066.135019943832,8139.215658762497,8206.627797655005
19401.67196269762,20031.351786263822,20761.10522154638,21549.94258766449,22344.985315456084,23137.56275024622,23943.420257060046,24768.641190391394,25609.64504212281
15283.785248711325,15527.99169105695,15857.315647460237,16228.287591873885,16584.54688972427,16925.149820953593,17276.299805710736,17649.012265075737,18041.33872510835
1632.4669605073996,1633.2007351432787,1651.0729727754347,1681.212224985405,1718.4129096787624,1761.0026119066326,1809.1997199744676,1862.4457995852183,1919.398498343338
7149.96469368227,7415.407254343963,7705.302341452294,8003.610304468143,8289.632014464822,8562.131053476009,8830.388281003741,9099.105680579007,9368.560988600182
26927.372382686008,26641.666706060267,26425.89335416355,26239.72003059577,26033.97381472253,25809.06859690569,25588.446782422434,25382.739287500757,25191.23488846269
11227.545964363471,11433.098156045155,11687.500994419146,11967.062417029665,12241.473469404917,12508.616886323598,12780.732450630912,13064.067941039488,13358.932810216676
6160.160236031573,6409.238558178293,6697.937851174012,7014.618891829923,7343.966879915797,7682.919240893598,8035.904600247092,8404.994677127395,8790.052431592087
14636.707858465532,14683.167268284984,14804.131872875823,14959.514955492421,15101.28928530109,15231.630549610723,15372.941073629505,15531.526505220794,15702.271695995056
3111.6998547139706,3198.52678926623,3292.164011131571,3387.489776692957,3477.8948067550737,3562.552792787985,3643.820092880294,3722.5887276110125,3798.401800950909
54398.8717316343,54344.27567347895,54552.01416507816,54903.67845177491,55256.92098487944,55602.48988359945,55993.87733447306,56449.708880027865,56959.00804884202
10086.065833227407,10174.964814808454,10297.520777905955,10435.048280553738,10566.34612470265,10690.078053128751,10814.23563716093,10941.710991235726,11072.31139401027
40240.20886614719,39600.90912389513,39147.66575951272,38800.49469853446,38464.35715311761,38136.49309780308,37855.32887455438,37634.393607167294,37466.90695639118
15920.460251904844,16452.298080858192,17010.31103385691,17562.446045912584,18067.418794841356,18524.592162836627,18954.79675451585,19369.55651892682,19771.177654370385
9475.12229373773,9650.355598508755,9890.827143205473,10169.969206250293,10453.96555664322,10740.321729673818,11042.454838624626,11365.76554499462,11708.677915901515
36386.22623192846,36058.572404408325,35886.72297446703,35776.08812330262,35613.78476658629,35406.06012054323,35210.75238385221,35050.33671573811,34920.774051432956
4260.0370891964085,4333.8785920643995,4425.03456523565,4526.997789061105,4630.548106149939,4735.366560141808,4845.712936688067,4963.403319483807,5088.024955831437
6217.300899688555,6361.451122595707,6556.376530925807,6787.6440743649055,7036.925741481158,7301.028147446669,7584.888035268246,7890.182736570497,8215.762279520677
6638.831381733907,6772.240270269626,6927.258285799859,7092.771975486367,7254.214237968209,7410.551396794542,7567.922577489753,7729.241525220644,7894.138901469515
32689.95712858734,32114.744296791512,31758.571286687642,31525.57288917961,31301.74441172288,31084.79099722504,30921.39155691126,30827.628771312702,30795.687075393285
3599.7184493754335,3679.0438470966405,3783.4278743113186,3903.6537120152866,4028.7174332861878,4157.082296271525,4292.087073125688,4434.830589270148,4584.432690273448
9777.235095466547,9869.446357179953,10001.122807735219,10149.658887053238,10286.154425756016,10410.62456317048,10537.108929192025,10672.165028272279,10815.56463381388
76329.31760922539,75218.13230612934,74471.26454601096,73900.8892488516,73281.04611256674,72608.936663787,71982.43428228158,71439.4885584111,70968.89084375888
4261.793013841781,4336.168103728136,4418.791266860883,4502.708437525639,4578.974220622484,4646.892377617735,4709.6879168762625,4768.179778447649,4821.4005739199365
78594.59277121304,77940.52717919971,77684.92981460971,77658.81833012172,77665.46327624885,77689.92804808896,77801.48109806882,78022.71520889414,78336.47202086527
18628.001388337907,18696.955686812817,18858.911343454598,19076.661524509687,19303.951447111158,19538.308430731468,19798.573853935322,20092.59901375283,20418.254041046388
25242.58232330857,26159.79386182658,27215.532612260464,28353.483722328216,29498.871548747313,30642.102551568998,31808.75270269327,33008.99227148371,34237.91551232758
6754.555632840283,6838.0344079931165,6940.8641776817985,7050.298343593377,7149.710675642338,7239.1363740326515,7326.767795423946,7416.450173029518,7508.102242556064
50558.27691294087,49545.72757912884,48880.29798757928,48386.87498011217,47857.25233643187,47297.22856883662,46802.6843323765,46406.99993191238,46097.98766539892
32820.25930093183,32980.976166465334,33322.257322084464,33765.06729768898,34210.10447805579,34652.36920891584,35134.868286402714,35672.99483492398,36260.346951033214
13221.819109375774,13638.900866809448,14112.17649736013,14614.534971855173,15112.275752219683,15600.715728473506,16091.543872507555,16590.17067187803,17095.819099358407
465.35423798393884,534.4538855164639,609.4779034680504,688.4178067142836,768.4777502303725,848.1459459947378,927.1656127341429,1005.6072851615335,1083.6866029001096
31070.15246388141,31176.59290658398,31396.994252503624,31674.72501996963,31937.473301438855,32183.208977045324,32443.784956168685,32732.747737029553,33047.155355513976
10940.840928004347,11167.890985061737,11439.080118270727,11731.581586312152,12015.94847644912,12290.230705519081,12566.804472835664,12851.16902842377,13142.392047331256
18673.234364683263,19026.997056667733,19495.037337971768,20033.83930465027,20587.9849101408,21157.315361472047,21766.22827398854,22421.104557578987,23117.50673721991
12331.794726484988,12285.459281864565,12314.000441260729,12380.57683931722,12439.945784297337,12492.345407267221,12558.578612960251,12646.698981111796,12754.700870557703
12279.244014709839,12303.069353158393,12396.267147525934,12530.894010257505,12673.486286363133,12821.669762698099,12987.777245974396,13176.057891372264,13384.002396661284
18271.211432360175,18580.878822094957,18980.05747667202,19431.445258954125,19887.713195523276,20346.54779242344,20828.72743462509,21344.11164310833,21892.433734755905
27820.3781158406,27491.202321908848,27293.496559167306,27162.408202601797,27018.18957232913,26860.541168224172,26724.808900335047,26624.921464407937,26557.110056332716
24969.81105229923,25064.799236118633,25260.7322141685,25486.13419369351,25651.676655774532,25759.571959642344,25855.034072520295,25959.104919172107,26071.305452895238
30098.84045237739,30426.119514978964,30933.802534819508,31541.49300081261,32147.464239360073,32747.561401868224,33385.223417724395,34078.29430030053,34822.71101714086
24774.94477343929,25499.403701279687,26299.88342566387,27117.032593604366,27876.51382367012,28575.920722949577,29249.29833632845,29912.470124611355,30567.090975904386
3740.452470442012,3835.0012050309783,3952.8964710779605,4080.059745453177,4198.342792170508,4306.02393986065,4409.80145736774,4511.645279516653,4609.486956552553
33885.94091979599,33265.08230566929,32846.10831446923,32535.757607749263,32224.403973694254,31911.151714598585,31642.24015484599,31433.748517769065,31278.3463392347
2249.1196047618155,2326.0341611970593,2420.5649140106075,2527.8406941270255,2641.8396664270863,2760.845973961028,2885.668808517364,3016.5633159061354,3153.2012009163936
37518.37498180113,37116.34458349378,36911.076530633334,36822.15738793242,36752.18458724458,36697.179248723434,36696.0406712888,36763.15972202207,36892.08231978302
10248.168644901281,10433.039894242951,10640.498099958208,10855.11593818329,11057.008649604451,11245.589572903742,11430.04963819415,11615.367815903004,11802.210161076258
36508.882208994546,36910.56552820658,37417.86738443677,37952.035880135714,38414.72801716749,38808.086208894325,39181.73415003293,39556.67102087823,39930.411469676816
5326.59600466591,5511.179608724425,5697.412158470963,5876.887445555041,6038.756462496609,6183.074165889853,6316.343939827895,6442.768061722178,6564.230352203936
13396.940597576853,13931.143226439712,14538.121337806677,15185.533606953994,15831.675228227186,16473.61555139198,17128.83835958142,17804.438845295554,18499.547078932275
11470.490463628108,11678.328358335742,11932.39637156513,12213.771099647016,12498.536616129628,12784.070064070282,13079.023799447912,13387.283388765647,13708.072755262294
46785.25632123898,45818.97748954091,45118.54312069389,44567.77338202181,44029.24310247861,43500.247132434255,43036.84434271761,42658.52131491381,42355.7615394277
8742.320450283358,8842.425413370864,8967.2350945999,9098.03427481656,9212.235641823992,9308.888813176975,9397.515030378665,9482.11749473675,9562.255150917128
41581.80286584066,40861.650240117095,40311.140067929344,39849.16836273145,39378.21987420366,38897.356495583255,38448.354662397505,38047.30856564184,37688.92984576783
1617.462696349205,1712.5120622479317,1808.1416245635373,1901.97262823532,1991.7871483404556,2076.1862534869965,2154.7068166695094,2226.5941089871662,2292.1515048259334
37317.20365270071,36941.16473382465,36771.17602835302,36728.36832191293,36719.21703883667,36733.98951225143,36802.26529730574,36932.952523383996,37117.22269401097
13994.187055340508,14156.215981271602,14376.292092673868,14627.50068634062,14877.05676085705,15122.495628807957,15376.220395517215,15642.57610849041,15919.066684158668
48053.37935283978,47803.55280806595,47817.963228784996,47975.17094213105,48126.492992929045,48267.16765525735,48459.02001153893,48725.29082492666,49057.14665414593
12724.364458387301,12682.25789808118,12691.750417637568,12727.706087453344,12759.276800996666,12785.282020181323,12818.674349484489,12864.88590002148,12922.624801743383
7601.483964882059,7827.0245724588585,8103.465403063125,8406.683898946865,8704.220791805215,8994.83111186236,9293.336265235192,9606.104236865684,9932.097637898049
48469.256408017325,48094.95470403647,47987.623271892786,48004.10439115412,47969.396626713875,47884.54801177615,47829.66581039047,47835.51432290189,47893.587813643695
44995.78636798136,44864.28254892372,44968.91956745072,45205.32653386575,45446.136620098965,45681.18438993709,45956.04488280428,46286.30877561813,46661.91443502674
88119.11498654267,86333.62362282614,84923.84017361444,83730.19257391639,82563.65594811541,81415.59274706077,80357.4743740157,79413.06287009716,78566.66712926287
10634.122313097208,10611.287626793372,10634.943813177411,10685.421802234256,10737.000800617023,10786.9879548759,10844.865876322827,10913.988001125044,10992.341168817076
20835.682589397355,21339.387854130626,21969.361243457377,22666.254979562378,23352.467837551343,24024.621166330304,24716.739656037793,25443.412221059767,26202.54558180458
23835.783299909708,24155.44878881281,24570.754209579518,25035.61195492349,25490.444751270046,25933.339950128786,26390.897710787096,26874.4044314043,27381.457554406366
23619.104855697646,23936.982991449895,24351.940474871964,24821.04985930061,25289.693822169054,25755.129900515945,26242.235964240488,26762.228461117968,27312.733641103874
10605.169837889665,10677.019514723497,10797.334385747306,10937.133407739635,11059.810785158961,11165.631064355357,11272.240406372337,11387.159005290923,11509.375763466895
11056.664473854262,11133.392931758573,11231.117251315882,11329.018290930098,11401.53227520785,11447.272557687673,11477.235277200469,11496.922539852956,11506.728965289865
5948.680034443555,6007.23369220282,6096.248244099362,6204.3048838984205,6318.243012363136,6435.79313567941,6560.468785000215,6693.458989023394,6834.013586885605
23645.728167918893,23549.607169964653,23567.914661404106,23654.23028289035,23751.934853561826,23857.032676194787,23990.551350978265,24160.23684467619,24362.092030427466
583.7542408477601,671.1727036171485,759.3546817433484,848.2403170235006,937.3018049721377,1025.4788210116646,1112.317216229834,1197.5859242678255,1280.949565571125
39552.08199152931,40292.41670023148,41070.10439504431,41825.62807155087,42489.229458831316,43067.75490387968,43602.78611067901,44111.09777236775,44591.91513337212
3910.9850367083127,4149.721126295565,4410.197238190032,4684.7483930244325,4962.76870402253,5242.671877436535,5528.200925345831,5821.025908482402,6120.851874858827
-9108.687214721233,-8879.872881448864,-8704.023909153704,-8563.581991506922,-8436.916690978529,-8326.205682038122,-8244.295411117051,-8198.001801171822,-8188.392301417087
4980.618421567923,5130.862986311215,5312.296854454532,5513.196213880818,5718.821020562081,5927.306177545251,6144.006642935969,6371.582941830454,6610.114569148376
4147.125191804302,4324.73535699997,4537.7602162130715,4777.0838152432925,5031.880999303249,5299.065673579276,5580.196637270182,5875.6096469548,6184.445137535251
10385.912792187552,10517.41297244478,10699.259410955956,10904.27713968155,11099.56394076764,11281.51970335487,11461.523194679286,11644.317423242686,11828.673054223817
5773.42128186323,5942.822013657458,6127.133686905661,6315.703540571341,6493.46360729684,6659.297517547872,6819.649455801336,6977.75107176836,7133.443979459615
4570.4957511468465,4755.4044355298765,4964.466885638348,5186.952607798024,5408.950145072031,5629.01105606827,5852.829178878484,6083.218402479158,6320.402177620646
7677.04535304926,7758.892790732024,7872.522819550595,7998.775727107468,8114.36857857068,8218.806264846899,8322.654779544575,8430.513330712307,8542.037871558696
12838.451353986115,12817.442342771947,12874.42942396757,12973.359123908022,13070.126379067931,13163.67208959765,13273.044598971814,13405.970933254208,13560.764463408095
10571.04515725486,10862.149969264176,11196.461315033383,11547.714079255747,11881.910976628258,12198.050565719854,12511.541708114464,12828.98380784233,13149.78054974904
4771.433867571839,4871.540153330785,5001.890036429344,5149.38405927744,5297.033138088281,5444.310537631905,5598.88212219369,5764.200552091129,5940.107190805152
2842.3407095482403,2931.544667438272,3044.0036226525476,3168.890456991941,3292.9382761916618,3416.1946847677987,3544.432400993473,3677.4098909100276,3812.3439510830394
76233.62547057332,74818.52654640817,73870.65332169869,73169.18431519553,72452.0511196461,71715.20771966293,71067.30895819576,70545.79742099457,70132.64075949672
12589.658029707056,12764.648369849308,13005.17586622392,13283.213982990012,13562.072376678329,13838.845186385199,14128.316828763962,14437.1723899924,14764.472157423264
86295.45905650033,84509.59880677988,83219.6593153422,82204.4937112733,81207.33662311193,80210.92525975227,79304.34580948073,78514.08464404775,77816.49903395306
20639.39342933714,20704.993922672475,20872.49155647971,21087.40567436721,21281.86071809909,21455.19708409008,21638.2374244296,21843.88731998398,22069.91932359285
38453.776742915084,38432.044685627945,38580.61412825107,38812.44560579057,39018.36651727452,39196.948555049465,39397.78810275968,39641.80954726223,39925.09588502634
15625.211146063772,16063.568041368118,16626.823530216236,17265.980405476606,17918.787495989636,18579.443906099572,19271.405443225674,20003.861890010954,20773.396488574966
18370.467335614245,18613.93358455643,18982.965246925156,19423.044091557727,19865.377229744405,20308.37743203562,20783.039611016153,21302.13263708678,21863.243140665327
15813.2172552002,15975.31638621898,16217.881719014516,16504.339867298488,16788.386536624206,17068.229615437845,17363.967303743382,17684.393802757877,18028.199712538193
17477.884093137058,18056.011684072888,18723.251215391465,19441.02958297477,20158.134034767423,20870.811308119057,21600.45328555509,22356.678251625606,23138.224348362735
2040.7263458225063,2159.1805531170066,2287.291969593074,2419.561066058109,2549.2999438012334,2674.925089545274,2798.4439529164197,2921.6945816355833,3046.0445897225127
87215.53417507494,86973.81285793388,86981.50624565236,87100.15164959387,87159.56572910491,87149.86544928065,87137.32111413137,87146.97877088354,87167.42096895895
18852.272081134164,19186.554619826213,19628.018314285935,20129.541950489733,20631.76588631318,21130.54356454747,21649.573870441956,22198.609458670835,22775.08986581721
12428.045521463197,12556.254485002362,12729.108539663033,12922.982134876946,13108.21523416606,13284.542909454154,13465.811085329195,13657.7863611487,13859.39809923357
2211.2967546737636,2297.720020884204,2391.589977808209,2488.2023502839625,2581.977709393538,2671.8210272706806,2759.645174222745,2846.654058409851,2934.1536903521155
2882.2918187347627,3115.9744197121627,3366.550965429016,3626.6509011175076,3886.5571108326053,4142.807316485781,4397.126024980477,4651.032110712003,4905.203949482026
39171.25302874081,39647.075055471,40226.41640954269,40829.949879373184,41358.90268031841,41817.66354533817,42258.45037347339,42702.78999777256,43148.261399812225
28198.39904863238,28197.94038941989,28280.869499395332,28399.897706861153,28496.500123725815,28570.206355835588,28647.992721111732,28741.45798342191,28848.809616898034
13176.221301041805,13698.868811424672,14301.717576085508,14953.35923576448,15612.186268156129,16274.073369414633,16955.46680299211,17663.89069528236,18398.396045371126
3539.8524829404837,3656.5473554322016,3787.1044560949053,3921.984723728843,4048.9799431310244,4167.651882678266,4283.015991805241,4395.64188623368,4503.579053725969
2261.220008345686,2273.8848335051935,2301.238399600072,2334.824189309323,2365.609637040994,2392.8786513216214,2420.0239270830834,2448.404104808423,2477.822648188254
34130.2520065787,34720.31082241149,35443.147532206625,36211.73031371543,36914.06134932026,37547.378474383164,38162.65462374604,38781.98300870305,39401.96826390703
1655.3395035986148,1724.2615968262705,1803.0679995163566,1886.7120366170889,1968.5374952173959,2046.6467644435668,2122.123101501906,2195.084812737937,2264.5136043225652
12791.739223691022,13077.977632101438,13418.920942541765,13789.422709817673,14157.682315440403,14519.20056763707,14885.964002958268,15267.049232350271,15664.915077385576
37337.5649734627,37353.67237014903,37603.680076276614,37982.0229581846,38357.446685190764,38728.277480289136,39153.54428724287,39657.008859946276,40232.91267644136
642.5749824611989,675.9918871082346,708.9026664305844,740.9984957745557,772.2586806254822,801.9658619798622,829.4172975738409,853.8849029768402,875.2976804391448
38581.84215910961,38554.391782578765,38741.64915821511,39054.63270670377,39383.7669825006,39723.471053835136,40117.68016046851,40583.55476655943,41114.708773421866
25517.11537084936,25731.33718630179,26000.403795347273,26289.764767350167,26558.779972625834,26807.491154369283,27054.809086573066,27308.062492236237,27565.299423475968
3522.2202324585037,3730.670270989187,3954.1261430165346,4186.166096574303,4419.210433377712,4650.671457175296,4881.510430441962,5112.30793718959,5343.464429162446
20732.473421110404,21918.0350207267,23191.421653038873,24494.460897759058,25751.92735194986,26955.899640424774,28136.894266764157,29311.37237899351,30480.952421132075
8813.433987986617,8817.223842794841,8877.654101181999,8969.086512072647,9059.708991930578,9149.742753357164,9254.214806259453,9379.278936954857,9523.95031725211
8354.648919185696,8418.110388563904,8506.594083831154,8601.637903445142,8679.552763829683,8740.473207000608,8796.146712197016,8851.917705082298,8907.45457097667
30166.668337112955,30090.11939897529,30167.200079752074,30322.58778204554,30463.889414703946,30588.06777213397,30733.703278192308,30915.44710526683,31128.014478472996
17761.206920268236,17681.660681289482,17692.440058084565,17748.473184642487,17793.915494846977,17829.122465321496,17880.73443708591,17961.0512423193,18068.1234085874
40289.36087011701,39598.96508280642,39163.27752839572,38844.73558483144,38479.541367673875,38075.751181698804,37712.072508243946,37414.68957670191,37174.169430477436
9401.926913443529,9419.537443783802,9503.248928164161,9629.935440342453,9771.388772255299,9923.940558221182,10095.994428283351,10290.188320734218,10504.146528464282
27159.749252187856,27364.958478046494,27678.245451127106,28040.271986753432,28374.72432514756,28680.63208890551,28993.271536387816,29327.74749063084,29681.278303064842
28591.445450451585,29276.131799527448,30029.485897380942,30783.882213358334,31455.12988043032,32037.80064824607,32567.860432145204,33063.31943178732,33524.81248706324
36649.53714959119,36792.326883421774,37051.95962710608,37349.816595642646,37589.27174667764,37772.172175778906,37945.780762379996,38129.39136574495,38319.79516664189
13844.432533901403,13931.08211206575,14053.01875555142,14180.13435303968,14276.360212028787,14344.357741214122,14403.984206178713,14463.160991326089,14521.112987134138
22125.470576122483,21899.51763956008,21787.346821138122,21740.02042589933,21698.586446556284,21660.1540658592,21647.845277421937,21670.401438316738,21724.199171534892
4132.756289692138,4181.485091608934,4246.53272557525,4316.321248976805,4376.357722843269,4426.666268435644,4474.206946501433,4521.9070437496885,4569.316965833876
61527.58416034497,60442.20519447582,59725.81927417943,59210.06259588518,58697.76912732512,58191.73164652292,57774.93345096718,57467.55262104032,57250.509296851626
11172.072348363099,11696.322594145977,12277.724523994028,12891.214619902245,13502.72926240674,14108.538028146764,14721.865941452692,15348.84433759148,15988.655889062176
8452.552450094046,8396.527763078357,8374.363867741346,8368.58040309765,8358.696606475705,8343.953678284624,8332.538761860465,8327.471038958829,8327.568692820907
17727.13544807818,18042.285208236368,18486.333926137322,19002.268059185695,19516.799513903778,20026.354119810498,20561.653474366012,21134.656753809406,21741.564620830282
16682.99965900826,17304.12288076519,18028.498624323205,18813.134458726316,19600.78269112494,20386.263700877047,21192.542695990218,22029.878459422438,22896.334448844093
5617.289085630986,5783.695752183828,5963.355751337762,6145.166545421884,6315.909826653264,6474.03002912248,6624.735087047746,6771.558682340864,6915.9341113195305
70165.2140585091,68555.52619147314,67318.53806107288,66301.02693610529,65321.990374583205,64373.89187004143,63526.040104789434,62802.12318210752,62188.540345108195
36707.466219347894,36854.93986101103,37227.29169757935,37725.35212647386,38227.14634218304,38728.264727505484,39279.56080288496,39899.68635845155,40582.72283699037
3592.2714253002596,3846.9982143008474,4119.532016994173,4403.450035212213,4690.051550081826,4978.23697778415,5271.9145734813765,5573.498485518557,5884.157144205808
22034.359978397304,22518.86669666288,23084.68932742419,23685.79542347097,24264.15983280201,24815.40044496812,25362.88281300505,25917.38439354837,26477.513969286298
25100.731441792315,25201.289985124517,25452.731105944727,25765.21227653126,26025.84584966733,26238.387087268908,26459.096950741085,26710.034178987793,26987.210404923466
14944.658359130312,15283.997289692035,15697.38486566571,16152.84212103473,16609.582952813784,17063.738900108936,17530.67574826055,18016.75418438274,18519.856135820915
84758.78132209995,83186.92493248548,82015.7366252892,81070.89647147879,80144.60490110198,79225.42608209595,78390.49128529817,77666.2212877656,77037.366817625
54288.18036239076,53859.141128087045,53691.95303340099,53660.87711389307,53617.70018396926,53559.37266174031,53548.534167857,53608.236975575186,53729.76025860052
50717.86315567435,50180.447974545954,49826.14168514471,49565.218759746356,49287.01484573029,48990.61777573137,48725.536628589114,48512.03989389078,48345.119414554436
10289.290238123613,10461.365010497262,10658.747303018285,10863.360406581565,11053.311545907796,11227.974172266693,11396.904834655486,11563.395056787282,11726.045889962304
27987.398082488944,28812.028266231562,29710.71391072895,30635.826002797654,31526.614551386636,32378.691054574407,33218.047018849466,34057.838187173074,34898.05137885527
4873.749811047785,4962.144528225067,5074.562538436391,5198.679758955386,5319.477107361744,5434.863145980765,5549.4580797918115,5664.6871389686785,5779.218047912381
9148.559472618781,9373.773385192304,9641.78519630903,9935.533284866633,10232.846790761321,10531.89180186337,10841.291746908066,11164.16987691959,11498.831378384191
5696.981973219144,5975.154121893407,6282.869497534871,6600.9900496773,6904.15833515216,7191.698191069274,7476.048073957242,7763.5922449936925,8055.143282216341
88351.17709237189,85901.37375337747,83953.42062038077,82296.15536939407,80683.98024906577,79108.42292050105,77663.16947985727,76378.08520053637,75232.91481025549
14488.609315491172,14448.328863823683,14461.223715882006,14499.11714469847,14526.46007747101,14543.705962544624,14568.008290512253,14606.790291040112,14659.116081367414
26484.894182970525,26671.902997415156,26959.598734542036,27287.88124901615,27581.453391581126,27840.72369636473,28102.356468042697,28382.64082798988,28680.36244882747
41956.85521766126,41315.44834506818,40849.780060528115,40471.88982280923,40075.02371518237,39657.85775030612,39266.20182946129,38917.71895056656,38606.87755880876
17207.616942448105,17159.08525520402,17181.658933762534,17239.294274843636,17287.881547011046,17327.080584241565,17377.187633097084,17447.271997395408,17536.63719859038
1083.2748789776465,1140.7450824485427,1197.5671887460126,1251.3942580510059,1300.408993534793,1343.6862123726298,1381.2420247638001,1413.1667217365464,1439.7156063879868
30359.990559609236,30527.56764223801,30794.459599529848,31098.609522979983,31361.04736303838,31582.60676122659,31802.58523294711,32038.982049589406,32291.3224240657
18527.315284169574,18548.81098232308,18670.391328579244,18851.85495325145,19043.335543277502,19242.710702484634,19470.59837146592,19735.208388224768,20033.97791693463
16737.77305675998,17054.664411941358,17447.103282428092,17882.673389405612,18320.73746692296,18758.04689414822,19210.699236570093,19686.115015435644,20183.455069550946
22573.50409484159,22741.962710194275,23104.321974669045,23602.878344647856,24166.896995644955,24788.30590730713,25489.411303442226,26276.688597843513,27143.1652305173
35461.73113689874,34844.37989936624,34422.72497715477,34104.04786885373,33779.72326313838,33448.25029151436,33154.79773747228,32915.61219764987,32725.53085724954
3222.305694076056,3282.9453971362796,3347.3134348215544,3408.563420494651,3458.704538626787,3495.9018017135163,3521.8623460270887,3537.499298074548,3543.114484502416
35841.89304845728,35441.0886097044,35214.84057417751,35083.39657476545,34955.13834289655,34831.65604457634,34752.852876160105,34731.592655870634,34762.21235345693
2141.1394050922995,2343.790693898984,2548.6092724237774,2751.8628331961227,2948.6489319887037,3136.5405315435287,3315.1538642453306,3484.8254994039335,3646.2579371049424
67593.76450791543,66890.90240225071,66464.96421692283,66176.09372611613,65861.29758731839,65515.01218731934,65201.99213663684,64943.71319692799,64727.39977297479
77258.16016629469,75989.18761585501,75141.44777770089,74531.95857299486,73941.93341144992,73362.92891427805,72882.40530212922,72533.20554831284,72300.43225473777
6623.275948260771,6951.997600068314,7316.583280402308,7700.4513375993365,8081.877853440228,8457.863301598727,8836.60507493849,9222.775937033295,9617.286572067256
17192.0249976345,17322.68793765877,17532.922102013432,17774.56262663208,17987.478081520832,18170.384777972195,18353.404520745273,18551.515564902646,18764.15123080835
5361.521846924909,5601.074876789951,5863.66434467608,6134.00777151532,6392.236910835694,6636.802369281317,6876.63626001441,7116.79781410845,7358.446938987582
9377.99660827,10007.024132007793,10680.79658824797,11377.778223814226,12068.081140622762,12748.055831247062,13430.023700007334,14120.079525845427,14817.849234923562
21530.202682235125,21347.49885982824,21255.08380348416,21207.971733812396,21150.477989775576,21082.483992524318,21029.367794269023,21001.602989641837,20996.965223281997
13398.905303948206,13621.820888758695,13949.086453866037,14337.553345982984,14731.327693360608,15129.973954449375,15559.737942363234,16031.391427014643,16543.159846815342
35774.5731289726,36454.30167033973,37266.26539172638,38134.722395746736,38965.08534925153,39756.14163170597,40552.15987485109,41370.78470228192,42207.840713581834
21492.627606017664,21211.111696798864,21057.11429984014,20980.030495128947,20919.012591481693,20871.43618615878,20861.18721814812,20896.787175679838,20974.025721509017
69769.05734322433,68884.35842141461,68334.3776861949,67990.53881994732,67699.27854141967,67447.88584294416,67288.94998232725,67239.61825322766,67285.93689978983
81790.65075953648,81292.16753829249,81164.25866775888,81203.384004029,81158.41380421909,81027.40154582378,80922.61645929463,80888.14143291338,80911.09199812164
9596.263558278353,9959.526360384429,10383.340485971084,10847.961212679844,11328.005295365987,11819.814819316394,12331.964073784931,12867.912987141983,13426.278627145268
10244.896633162263,10461.804510066942,10701.083086785897,10944.44872258549,11168.07010403768,11372.066635783936,11568.64994273772,11763.788292073876,11957.72267158294
15838.256516642148,16434.366796028353,17085.231823694783,17758.925363686114,18413.037468790484,19045.64498506961,19676.789425745363,20317.165698317123,20967.986254123985
21595.72941928646,21563.393179798877,21637.548692062886,21773.3554315818,21915.32384961529,22061.071028884056,22233.304955170475,22441.01584211427,22681.17134654472
46755.54550993419,46761.93209663278,46940.137028415746,47210.500055689394,47485.546048678894,47758.57151668038,48058.47218657346,48390.80864768625,48744.204784776535
29601.577312427333,29131.435156107014,28814.76198353211,28584.397526909885,28361.62530813319,28143.809599775548,27962.04458696743,27826.889100870478,27732.43328358534
5612.010251582082,5851.942692742098,6129.88758619116,6431.059048840791,6735.731736762999,7040.305419471678,7350.9923496509355,7670.408594622928,7997.65637948687
5899.746862907222,5999.8795146809525,6114.0016509736915,6230.70694199122,6335.703182783896,6428.22939862603,6514.41723412318,6597.131940387394,6676.106983177138
25008.176224822786,24845.626492373143,24840.80426860356,24935.006100734085,25058.213845709965,25204.75163288134,25399.328606488452,25651.22166915219,25957.964217706627
27080.479758833575,27485.68351899323,28011.042056410704,28590.367849886876,29142.178220595106,29662.581888472243,30185.823484344215,30725.49747221858,31277.39688658027
15565.807419594486,15387.017083737317,15331.672742863935,15358.603737118512,15421.794958631357,15513.840321893631,15645.155081550092,15816.847471176592,16022.62798842649
1249.0328293608452,1328.5174674903822,1424.4765468350174,1532.491815534924,1647.557792964261,1766.824283987457,1889.2593809937027,2013.7728429154727,2139.271526586256
1223.9979255129533,1262.9177002160122,1319.3670301014872,1387.686259857751,1460.3289019011172,1533.5068013342398,1606.5592843625523,1678.7871186294624,1749.4720569030762
22010.396563531805,22273.705778865286,22664.646095435895,23131.99643545878,23612.679694652164,24101.492228670784,24622.250963386414,25184.691640446294,25785.96365363798
4170.258975034797,4284.645476653362,4416.13136928317,4556.097822820014,4693.499379319162,4827.113727254526,4961.373410659428,5098.667925013415,5239.471725504084
18566.90304860483,18751.41774311361,18996.22157678574,19257.13713006022,19478.319178116897,19661.05691489759,19833.91144083009,20009.74175599318,20188.005819765345
35959.81474140142,36086.89954901321,36422.10363560092,36842.82430029426,37194.641129318305,37481.98520205575,37781.12051951102,38122.05876973347,38499.22461701036
2390.4198496667277,2485.8289049145737,2601.6332188009574,2729.4041756689417,2858.118403054732,2985.7035340669036,3115.2164629285803,3247.5416296976746,3381.6953750013113
1854.2620210522914,1904.1762977198537,1962.4362437256736,2023.388691935541,2079.9922904929535,2131.1406633102715,2179.137648428181,2224.9843583411903,2268.2797106980975
22533.800642355964,23201.094923474262,23962.430443432124,24770.442857165315,25562.803146042148,26338.507640532443,27129.53489171659,27953.150495236823,28805.20180267625
22381.08613606779,22258.153883464394,22304.829062233708,22458.7558656037,22645.315801393346,22859.608013033518,23129.293675317862,23463.929664454947,23857.847462915623
35816.02264804724,36536.294806197635,37434.57698166143,38416.71420926362,39361.43851767755,40260.23079187088,41161.32332896157,42084.959888255,43026.657302481246
24630.30813907978,24703.766723806835,24871.995944081846,25081.934678651807,25267.169229084157,25427.48274042762,25593.84140690887,25779.09713555365,25980.900254883018
5282.248313951927,5366.557616294818,5483.509130002472,5620.039950761881,5759.94841711441,5901.284184589117,6049.4953256810895,6206.69447666618,6371.947573989648
11955.310246930383,11997.56393998488,12095.756160584151,12215.878525702805,12319.996352599455,12410.38402634303,12505.64470796303,12613.78211644101,12734.186652539023
11633.39596464069,11830.018992842452,12080.56480210199,12360.20641765049,12637.220683537733,12909.72758130899,13191.232858798578,13487.88832627607,13799.007630067324
9375.141021206544,9753.13218708273,10177.716087930077,10627.411775307086,11074.365500530905,11515.68556341695,11962.286015764945,12419.563258070975,12887.52498378514
13056.646646303097,13276.71492766032,13548.588659730329,13841.260407315362,14115.656573754366,14370.765954184079,14624.37277947354,14884.07253159538,15148.719840677482
31018.073708969707,30907.405029714464,30937.61210150975,31051.568136723698,31176.1872984838,31308.355555749,31478.344215131885,31698.10887415058,31963.73291277867
10208.857535411995,10421.321618996666,10684.1441283596,10973.008545486558,11256.952240781717,11534.265735031846,11818.486054390914,12116.180783952252,12427.16255287275
23425.84447207709,23158.905828456333,23035.88687745548,22996.11868865459,22960.803490527647,22930.67212938976,22942.929227097087,23005.93885064536,23111.081302096998
28430.59008839117,28692.359064255597,29091.484244196756,29555.362726984436,29992.961554799866,30400.20307854719,30814.85824553271,31252.368994350796,31708.941643694292
18055.347089625255,18858.649344693782,19787.376514710217,20799.827537678782,21838.945828876178,22900.102661476394,24007.706451593756,25173.37335103691,26396.218513343847
4969.807900090746,5093.661615441389,5233.728967803357,5379.094698043575,5515.36998311502,5641.6378547188115,5764.067076296022,5885.928465160708,6007.603977081841
37435.81346087857,37016.06582627522,36807.66675544856,36722.247565877486,36654.177257245196,36597.33017254552,36592.07166403089,36653.59580633524,36774.28577530254
56983.25607046058,56417.36103342241,56127.04084837421,55974.56309828138,55791.78689819026,55575.62950402791,55398.131754835085,55286.64730078688,55231.488423572795
8529.803060856375,8758.92540521104,9040.467139943563,9352.260103471408,9665.749771974579,9978.05329107864,10299.658016428188,10634.289700774938,10979.522022362838
21257.165281361795,21132.728691982764,21097.103000982956,21104.427307217222,21099.361896765917,21082.42717185915,21079.004363812553,21098.349764538627,21137.194184603683
29868.66162131492,30725.781785034458,31698.952370871782,32712.350879555084,33663.79836952277,34552.54686286603,35429.32350878885,36317.56876255648,37216.079407871664
14034.935920125428,14142.690003977348,14311.41904953004,14509.930012271641,14698.582376206661,14876.985340347333,15063.581725513895,15266.243730969956,15483.606490339253
32265.104509128105,32029.6485404666,31904.721424875825,31826.73686544774,31717.349659157655,31576.76834434454,31441.578066027854,31327.97691884466,31233.73412101452
9108.282818033382,9298.453170429124,9549.366685363058,9835.178894175953,10122.987030901282,10410.174273487584,10709.597069233907,11026.215243790251,11358.036338224787
1316.7197309943467,1346.8233368412468,1384.5313579173755,1427.2309541959082,1471.811167899032,1517.396010587284,1564.4696577314708,1613.3184729377806,1663.9777851043414
9103.937047242458,9383.108909245722,9708.319815651099,10054.575422973337,10388.6991466811,10708.791832348365,11029.789909538373,11358.912811970598,11695.990555033848
6916.586224536043,7236.183058016434,7582.110627798573,7942.739354643875,8303.49154170971,8663.256174482476,9028.85713876592,9404.206557748514,9790.317932832875
9213.175684733938,9402.442870756371,9656.97567182512,9952.491613771615,10258.194629602665,10571.769132062003,10905.111133027205,11262.800986511804,11643.713783260064
52013.19465131342,51108.24859344209,50554.48845206979,50181.5147206662,49787.811498623145,49378.84692659319,49048.03996259817,48828.56730299864,48709.51989841748
16810.841723755042,17232.673815249545,17760.503368187543,18345.071559563472,18922.644749258543,19490.256345621645,20075.678082154667,20691.33787198492,21335.518659297126
5874.8284236234285,6270.941433687227,6722.872748834651,7212.755587667144,7717.996004199735,8229.22470102121,8746.895264121647,9270.499822061627,9797.89867996988
31375.63359577541,32249.793799112595,33237.15368229703,34264.33094704501,35235.05782220144,36144.49851270012,37035.46628472179,37928.29039204197,38822.18687902186
262.55318650393764,269.9496290820361,279.8950224955912,291.2914425879188,303.27212517747466,315.1981083146155,327.0138049128445,338.1864322486359,347.7832701586992
31373.487088283153,31740.870383261117,32269.82760309698,32888.53421032687,33509.42292328966,34122.3240003456,34756.506293001745,35423.652214190624,36119.16344834006
14599.251326943706,14494.586007009475,14447.603206653213,14426.682603942394,14393.848858349653,14348.714437012073,14307.999275373115,14278.280558257438,14257.84863057732
9197.979301640657,9494.232427941979,9863.102208215607,10277.690172652367,10702.8927047056,11135.141467647718,11587.873180568897,12067.001787950292,12571.532733572683
95098.60831083801,93802.54134545873,92924.53271735205,92253.48934469941,91532.77031681674,90761.06790155056,90051.56830322868,89447.94663606264,88936.00556727295
17731.702247043246,17713.0771607124,17778.021774710247,17880.047680044805,17961.341149326563,18022.367314948973,18090.427854270478,18176.7452365649,18279.39037923839
5519.733947676908,5654.328296550104,5809.088693433849,5973.405527584485,6133.963783917405,6289.171507668512,6443.717253041952,6599.527756183055,6755.92647333818
11215.946057644249,11188.5692974117,11259.470891487512,11395.749624276066,11557.881681471279,11742.05621768272,11961.449116067684,12220.079364750192,12514.293216571008
12611.611695091515,13062.443942819398,13625.367391780172,14258.900902443505,14906.947139024656,15565.42212294828,16257.419813270611,16992.018953368162,17765.90376281974
14159.976697070584,14159.933333440578,14233.369041889868,14347.966191075233,14464.344138585047,14582.965777966427,14720.693135839509,14881.087166242038,15060.028805615306
60906.556280815006,59456.78156312377,58346.733531760336,57449.739270310034,56609.15077867258,55809.14195150235,55103.49631698436,54504.50140423377,53993.767882008164
30098.083312170227,30254.379508492497,30539.717121838836,30872.4073395647,31150.384382435615,31374.28536747965,31592.55745812652,31825.30855333812,32068.89155715822
47003.23107179712,46325.80507927715,45905.140422748584,45620.834068193675,45329.37307665955,45028.97787084549,44781.84135345268,44612.48284230837,44514.6439772145
1742.209592317115,1816.661570619417,1903.8264515288986,1999.0220644647134,2095.4385502411737,2192.367598411601,2292.6790664767605,2397.6665925394996,2507.0235214337863
8050.975508492394,8319.694286518079,8636.327707647355,8979.670719962875,9323.144961490301,9663.212232720125,10009.229593016398,10365.718593840456,10732.403464182442
2931.111311303901,3009.327706649413,3096.3047739407966,3186.549531449603,3272.9399501413855,3355.933465642696,3439.5248353832503,3525.8161086476725,3615.272707234709
70017.01048791688,69359.90648244087,68931.5973071787,68614.73496261462,68264.28829931593,67876.6207045044,67513.97743555362,67202.28582444601,66934.9080749503
63683.562480800465,62444.39005465235,61639.486660572235,61038.291261294005,60365.16795674311,59631.93930832397,58968.84369019766,58420.505978819456,57971.26738894069
51925.71641290784,51708.86497948787,51702.09657114964,51807.256358080194,51903.05970964313,51985.15584837148,52104.19743233496,52280.30307905896,52506.61699837544
10838.147978741863,11302.467912139731,11836.700768917251,12419.620228332838,13023.340936151653,13642.676783592431,14285.82171057749,14956.735024678117,15655.269338172206
12333.796666645701,12450.759758119457,12619.146100930851,12813.8958424733,13003.048757075789,13185.109710206698,13373.705237524151,13574.578822863039,13786.351080431847
42281.17266999345,41780.96870627375,41532.12462145112,41399.722867224926,41220.1885010936,40995.77562603116,40801.23142424771,40663.877101305385,40574.861114327374
28094.275075820424,27664.506798005008,27362.006538938105,27131.267899141676,26905.304469916206,26681.661988123855,26487.040967304514,26331.015672481994,26208.933508481954
1603.957198775662,1658.7799821363758,1724.208612423227,1794.7914172589462,1863.771394714053,1930.3469820832838,1996.9340348081964,2064.548622165333,2132.979923151184
6426.872726541797,6592.043117567699,6793.458362933285,7014.47864648066,7234.081874105118,7450.790920836388,7673.306752093577,7905.069278563013,8145.016455001388
60948.59202468575,60001.40353835186,59337.793255937926,58810.75567961201,58242.0687860787,57629.249840073535,57047.7611485385,56524.57450111299,56046.658041356466
7282.182230542504,7397.511429025063,7524.833085843318,7649.571905402224,7752.8474175742995,7834.2369065967,7902.874265185561,7963.249447990318,8015.4467811002305
37945.47837198604,37869.14104135503,37990.01680469129,38206.24649292631,38391.57398014302,38544.75487560411,38722.040322298904,38945.06181768031,39207.03919496259
8169.575086418464,8627.350349822887,9151.778124905642,9724.200168184652,10320.436754917153,10934.940828442708,11573.449686811178,12238.407507426942,12929.321914222646
5159.713847232406,5279.619878972338,5416.317829046194,5559.319835984923,5695.274577656399,5822.4800281798625,5945.501169943889,6066.531529471036,6185.452393635365
3587.1426500159882,3699.3342142357897,3831.5656762109625,3976.134030499791,4123.743571112343,4273.065855372952,4427.266241913546,4587.713881739572,4754.150089453192
47694.094925089965,47571.67834293537,47790.78601839277,48220.656222879006,48702.53252772957,49222.25346847652,49832.91213400463,50549.842743737725,51357.455485395876
10221.97953176981,10365.44073851471,10585.003522297979,10857.281284768835,11153.966367439634,11470.18948049459,11813.170140076174,12184.879507863,12582.461718356935
13538.012963984911,13812.605309230707,14129.588608346743,14465.690748198134,14788.421800250619,15097.633171762289,15409.388415834386,15731.130716159601,16062.40257103115
644.029916032951,728.15771076872,813.0091215783953,899.3389930147189,986.6996804588051,1075.4347400430809,1165.972491343211,1257.5357914698777,1349.7996040688115
6312.388976042094,6669.198018136339,7069.712668327504,7491.68495857933,7905.208653630952,8305.420345873501,8701.855303462902,9097.912156214996,9490.94699958486
68544.93155904821,68923.2100020222,69595.91278968593,70405.96534633616,71154.64866316004,71838.76569849964,72548.84484256415,73322.8044331752,74152.74356197694
17175.45561363539,16917.946843008336,16804.666344437668,16782.357720544267,16791.329987118464,16825.232334440276,16901.757315711333,17025.04474722451,17188.912769987262
14283.25745622023,14519.716370025202,14797.37882753096,15092.93435187486,15376.192353017293,15645.62416114202,15914.107419145726,16187.231667105032,16464.24777305585
3172.42609956148,3343.5755408522077,3520.9978877080293,3697.9123582503157,3865.6057679179917,4023.0483894109943,4174.074679753671,4320.730365626288,4463.304632512601
6510.367087772107,6736.889543399284,6973.698722263722,7209.5783323309915,7432.110986100493,7639.220350024489,7834.2355009455805,8017.483107845055,8187.186876151309
13568.903198729002,14087.36563036017,14714.745754347967,15428.478480818103,16198.915678730335,17020.018618598755,17899.412644103228,18840.000175925765,19839.9153379007
10553.898998154225,10669.410096358795,10815.500578647725,10974.698156188233,11125.17064818775,11266.418075125277,11408.49202296344,11555.98145325326,11708.569842594095
6409.0678510116895,6535.714502905855,6682.97266362967,6838.155147117173,6984.961716021376,7122.576041775836,7258.191465350872,7395.245761265533,7533.701876877397
7330.424977889004,7445.39530462586,7600.642492340628,7781.737501392208,7971.199519782953,8167.0741660803415,8375.967412019143,8602.08062521616,8844.784681777628
57712.078088024326,57440.13104499691,57402.76720039654,57483.55834593105,57538.921375550744,57565.533001202595,57625.47742313307,57743.62819751909,57912.822836612766
60185.21356963415,60190.64690371587,60495.58749952822,60956.78698860153,61398.37367680679,61806.797501446636,62246.06999909224,62738.396807528115,63269.91180234829
36469.30472750573,37527.17219607749,38723.89800070547,39994.78007334195,41256.97231802055,42502.366643708854,43762.23181370191,45049.61737278867,46359.80506663906
28234.66527766952,28489.013616408047,28876.374752836986,29343.17653047027,29822.270720243054,30307.973422224666,30825.219792836255,31383.820114025097,31979.82974149252
6111.878558388393,6313.510855124763,6533.100602111675,6757.5765698008245,6969.77319716276,7168.547612627058,7361.526530529393,7552.692527338359,7742.429261506763
33288.64364917347,33264.89345566363,33373.56017619455,33546.2658831904,33701.00664048597,33838.826996259624,33997.92344026364,34192.27921291467,34417.3395349352
57291.41589222819,57312.59367775185,57645.60208670349,58143.01914109673,58621.85216719865,59075.46437893096,59577.60783434578,60155.227477843386,60798.35232809471
71591.77655311607,70025.3312499838,68808.91561909467,67782.99939707761,66758.82969729412,65728.60271821386,64764.608795126755,63891.49742962016,63094.93872329131
6229.6456875794365,6266.335567354374,6354.0187197565165,6475.131007327581,6608.042944544634,6749.635803301229,6906.231766437766,7080.111210356238,7269.562478694425
18036.909011831478,17906.825907338873,17900.354108544805,17966.97872976385,18047.8286366816,18141.323872983772,18271.31548986903,18445.588468781152,18659.815665232913
1487.3272931801932,1532.4990395091063,1579.67037803913,1625.6785839522836,1666.9719073758624,1703.518516899228,1737.3078398209218,1769.1772471265738,1799.0586430790036
50934.104789955774,51068.234686807096,51414.68684771209,51859.860395508,52262.750520402944,52618.075125475625,52985.06308455752,53387.372534323724,53817.285749161325
1243.0731240217747,1307.8099712673454,1363.4498333441265,1411.4397366531682,1454.474083405443,1492.9821587544177,1526.6293483803493,1555.2576080992935,1579.221051636162
35732.16235525631,36183.88433551811,36797.824117184355,37490.39625751277,38152.25316328654,38783.40122570591,39436.82394813662,40135.62000714609,40876.64582235689
6975.840666039228,7339.048565970247,7749.032167233239,8188.346341296874,8634.07138239905,9082.94304165573,9542.827270172424,10017.177191020204,10505.400235778558
13648.637985510248,13988.350021149361,14373.005747813626,14779.090717736588,15175.087642336766,15559.14263481039,15944.989192230656,16339.161249524393,16740.977359680284
6254.246006172777,6269.611027024503,6313.261866437696,6374.198711886987,6442.9736636935595,6516.125152594601,6592.888863746304,6671.180373283906,6748.810296737965
15274.461547068771,15384.090366159015,15567.026406143486,15791.551653832124,16018.219831489962,16242.431404311583,16476.993025199914,16726.77603910501,16989.602581602125
3008.693444007152,3168.653466228278,3353.659775236373,3556.4415950357134,3768.5532197796506,3987.3616317900514,4213.808766422526,4447.90720214968,4689.1048976101765
11945.774984698754,12393.325501728974,12926.538836051643,13514.530364081835,14115.423324201507,14725.975070583301,15363.698180308214,16036.443841566313,16743.01377410061
45528.02263611288,45177.51014870414,45026.242304540945,44974.74100724324,44901.880858050434,44803.85340617967,44730.750020408006,44702.77541956331,44713.11033313885
19708.99557566424,19521.77103680144,19437.475892190632,19404.029449439036,19357.727805835042,19298.694068595796,19255.935146478147,19241.018664209183,19251.293056646122
4854.041998055178,5162.8665965574055,5499.529691285717,5849.009960980732,6191.651647600751,6523.146235246419,6851.258281229081,7182.019858791123,7516.508469819831
58014.696663189,58506.990051659945,59236.467044914425,60099.23097378161,60964.91734892749,61818.338458150196,62701.940736916134,63629.875270711025,64589.9409284981
69141.96219077747,68777.79407263122,68773.2379747113,68948.15560728636,69081.00985918193,69169.57070347083,69311.90050982169,69545.95832941735,69860.27775714149
42239.123767571444,41886.61629451589,41828.77164181538,41936.512328381505,42054.30176168425,42175.24069807612,42360.42324785778,42630.585612737465,42973.75167300076
31543.17320691727,31514.714064160617,31624.141946109263,31792.41752620329,31919.531435292196,32006.64658573604,32101.694620028324,32224.916367457292,32373.414420678397
4969.284022710609,5197.484949432337,5461.983790217891,5747.940886911152,6035.407764295885,6321.439830384907,6612.873140940732,6912.15262410461,7217.834766554937
9809.91425730268,10236.939461948014,10692.509860506549,11159.818993930603,11616.985577817786,12061.984311070095,12504.072453247696,12948.511479334704,13396.155880169274
11538.404577248815,11492.00797942395,11554.452616863146,11681.56033182599,11819.245032550038,11966.613580546487,12146.486515566487,12366.223110258792,12621.59511987321
7856.313104405375,7922.7464025847885,8028.487905252602,8154.663924153328,8277.675676855742,8396.370954786504,8520.510691770118,8654.06104065822,8795.987743270636
4190.626119181395,4418.280329498845,4664.994167992573,4923.375726300397,5182.61333065404,5441.750578302186,5705.907285222732,5978.101477898516,6258.2338658561075
2190.5133313760793,2441.869624674395,2720.1168800587197,3018.9190433689246,3327.750884162706,3640.880433204952,3960.3533241874184,4290.518109954909,4633.642793674252
3190.03478815185,3274.5875768723026,3370.39480237699,3466.875093312998,3550.5767767259604,3620.8975626126316,3684.0781184388643,3742.970932751997,3797.434658436869
30305.1479787074,30664.982228426037,31104.774527608122,31573.270782142798,32006.554380412563,32401.720419482244,32786.36876196204,33172.99534562482,33560.13779396206
31555.69971022669,31426.120855366815,31439.361275644074,31522.50175111355,31585.112551440692,31626.138577209815,31685.780139083327,31779.913665679975,31904.001066692737
5791.797859028089,5849.246516365101,5945.950337268884,6065.320136108939,6186.803785317352,6309.8620523454665,6443.30103871198,6590.076719698459,6748.974311075206
2949.2637388190415,3157.7926906777416,3389.7435580970055,3638.8882017390306,3897.0673960134,4161.595117450281,4433.551858284229,4713.3862927249465,5001.080233961716
37511.79833973685,37559.09754173459,37718.62730110659,37924.85374973174,38095.90861503831,38232.233272238824,38373.19418068104,38536.07827249651,38718.891369512676
12299.712076788726,12330.718194495326,12435.69714865484,12576.717009689059,12707.18500729626,12825.594836744425,12952.455085141679,13097.006892016796,13258.127325873076
3173.281075262864,3277.5596535605996,3409.4238898455674,3558.6505705770587,3711.3109609918984,3866.7630306070423,4031.0613264273984,4206.720134868118,4393.399930304218
63545.606200441165,63057.93773957545,62937.133523045566,62990.65894574458,62984.373182900075,62919.50711286221,62902.136775706575,62972.121248396055,63117.449541959715
33161.655629106805,32800.52640281407,32645.520472237513,32607.97340996364,32581.812226519425,32561.21929258997,32586.132239907267,32669.97586863358,32804.36871897203
3112.691753344015,3357.7101930922986,3622.8675561323994,3898.9875566176993,4173.4024850915985,4443.316575696889,4712.2494816059425,4982.379578468439,5254.254883547853
26808.622924586056,26587.213191060084,26466.521800075283,26395.223206461254,26309.4673544134,26208.669848608726,26121.54880564402,26060.112168407286,26021.845580737117
49838.46099818592,50394.00158450901,51099.411077841636,51864.98939182882,52577.68123004265,53231.70593751008,53874.825659917304,54528.27592990876,55188.247447543064
9369.497960283927,9716.257001867958,10083.127961363949,10453.39691431079,10804.3487035639,11135.748998562247,11459.492002404779,11782.061735173058,12104.474127311378
26019.723113968073,25711.492804829286,25517.412865245475,25384.6239759729,25249.922035342897,25110.632897865296,24990.20992090935,24894.605603244952,24818.17603367042
53169.38700361433,53652.66779636934,54280.45067104351,54946.0745740904,55514.89606731682,55983.497407204246,56411.889220996134,56825.0590783434,57216.46127202296
27035.770224007443,27108.53976120973,27322.314399317405,27610.67879241665,27890.6781668905,28159.67487659044,28453.387329507907,28786.398375853216,29155.079794858946
13561.219456599052,13735.723210364275,13990.564495859637,14290.321755825045,14592.510115443065,14895.00538872545,15214.715658573012,15556.536558057613,15915.54056854525
65138.70199447905,64235.79518461026,63700.54343627024,63405.81222824215,63204.074701443744,63072.42824026792,63046.363022562124,63131.48128561109,63307.25426563377
1029.0131803037068,1092.639502718309,1157.9467255715856,1222.6848586546878,1283.5500369075658,1339.4091040006833,1391.5555388609841,1441.9409197975594,1491.3277569066668
68915.43109018628,67619.51083970549,66640.97674226356,65856.26239643246,65118.59478178462,64419.00473989888,63810.232182769636,63309.03895880265,62902.540454729
10243.374469058492,10273.856907347981,10360.249336976434,10477.706307906652,10597.763189556485,10717.45868834473,10846.407438584265,10990.809525361035,11153.824747776054
20700.12819377012,21315.086720063206,21977.49888653197,22647.559796153608,23276.11264882889,23860.224872416937,24421.30755039873,24970.230491079958,25507.582643405807
45979.84551273063,45580.82699703502,45411.64239994522,45379.22448744322,45371.23291280076,45381.23930460799,45452.246462908355,45600.08369359461,45816.994050474896
6318.292220654526,6394.537131669796,6504.486425294814,6632.277863633667,6758.03638631637,6880.412883760173,7007.293735795152,7142.2646900047575,7285.676048082225
2422.660565445167,2533.1669269894624,2644.454695199587,2753.2860004608365,2856.0318997741215,2951.2350271294713,3039.6492170157685,3121.7407786335752,3197.254220447285
6314.067255817552,6517.260578640042,6729.119904074976,6939.820488148505,7137.883321935128,7322.927756087765,7500.622365933928,7673.882941769969,7843.677146612699
47924.755498632185,46848.582056734645,46116.62408957464,45582.311599119574,45074.99492095118,44589.91762012166,44194.21009922393,43909.72709073733,43723.38698359285
14812.257955515512,15228.367482838286,15747.360420586992,16340.745353261165,16972.481378519984,17636.905044050785,18344.844929782077,19100.422863848846,19901.280571418905
-35005.31442379673,-31149.21154696305,-27607.086294687528,-24257.344334017806,-20984.21393553595,-17776.892420540702,-14658.857127550074,-11625.66230153263,-8655.134911700578
7344.630252104305,7487.631591750425,7658.983686963252,7841.943958512991,8014.847166648956,8177.054900686269,8338.8260682116,8505.19763879398,8676.291938494154
10659.546218830104,10883.54671760878,11153.724827761365,11450.091690158544,11745.881564336305,12039.918514287541,12343.978977551005,12663.591315731173,12998.345622870725
11723.062729181904,11847.715918979226,12018.959466226996,12215.34117585966,12409.657071783124,12600.030682064833,12797.376094593235,13006.461206288273,13226.367412471544
5644.456450506423,5706.392937915752,5801.087698966909,5911.837171566926,6017.259114332075,6116.279766357941,6217.741183357703,6325.186341701162,6437.643933971555
55833.209864589655,55836.30031758327,56073.24323629439,56427.01447286552,56752.246155487555,57043.95200425789,57363.868774589624,57736.78351822379,58155.221291560396
9936.731328336982,10261.399007003272,10607.00728065604,10954.130601912666,11279.573326665235,11581.297287547559,11869.323043110904,12149.168276433207,12422.129475738455
15926.222393668682,16199.934306594228,16555.9145633273,16955.07198250343,17347.304732719625,17730.71910513351,18127.67232033275,18548.1808061674,18991.31994956692
8816.059429829214,9023.059329434727,9248.897224246251,9479.497935247859,9697.040419031035,9899.89202219763,10095.186725205936,10286.526205533775,10473.957478994213
20466.178549325257,20462.673557299342,20581.130169920725,20766.404686898226,20952.039023971265,21136.23740963041,21347.38555055853,21596.588112851303,21880.77913613983
7451.952794614341,7775.262746613275,8147.977766346525,8552.390411517867,8965.351552498572,9384.387071186417,9818.59359659816,10272.47273862479,10745.964181891024
20669.31393215837,21138.87669762725,21749.37551792459,22441.614689340255,23137.94863354574,23836.59272971186,24573.58665881505,25364.813985434554,26208.593936038007
15661.377310677357,15616.073713233673,15644.47993078247,15710.65564039377,15769.779580002245,15819.182882479316,15876.259116963112,15947.779396105938,16032.947425621012
8189.4698332974895,8272.247479103244,8383.848512018061,8503.780276643563,8606.565487242506,8691.594294186638,8770.431008621648,8848.535696106175,8926.152714425607
5885.585310558063,6540.989114536533,7237.021123324866,7950.327720312978,8653.426260253693,9335.457185367239,9998.941779789524,10646.808412763081,11280.704160951711
16985.942330247075,17157.705628152795,17391.082938493004,17647.55434033985,17877.831614556257,18081.842976263113,18283.425072122795,18493.261303693762,18710.53362019753
19948.076794988865,20001.90705349736,20187.754836413278,20450.298690236734,20720.926517999207,20995.94081021559,21302.54743667947,21651.137566789774,22038.143720632346
28536.374965516716,28762.733692897422,29112.249232318936,29530.16566332236,29946.665873167116,30358.521959779777,30795.232749653387,31269.092235958862,31776.740629326847
10450.528634121023,10712.330704750422,11004.46429284144,11304.08297213438,11581.848877732884,11837.358208023112,12085.308611364417,12332.903553005226,12580.004194118226
11687.731310290883,11692.311016780528,11762.246809145543,11870.944720631504,11985.371136356536,12103.169767948833,12237.100847235733,12392.365080157733,12567.39210888496
12198.928693492233,12455.363830085813,12736.26393979296,13021.98484532894,13286.717627522512,13530.528948825002,13766.661231846618,14001.933740063634,14236.893600348549
30654.206449124846,30622.08596342068,30732.606671553836,30900.460253378285,31018.365483726393,31088.774288642075,31164.03801906657,31265.136581810784,31387.542780491134
5142.385765396626,5296.936590560937,5475.205056028317,5662.7289354826735,5841.160824594653,6007.806375905871,6168.57947022527,6325.958865942939,6479.124445928203
61217.42053051925,60730.11738304631,60481.42665909012,60330.73727521817,60104.41567188924,59804.39557579726,59512.988318718686,59264.82947351301,59054.778437972025
38306.235486547994,38038.60938790287,37958.78655637938,37975.19768280735,37981.30196936632,37975.12188451571,38001.05045193859,38073.99831112253,38186.49468392085
17864.03728144242,18391.68733706241,18980.038114548064,19583.70500802246,20141.252848023367,20650.321843166614,21139.078617774954,21621.88358923791,22099.7824195383
8111.658906723655,8319.262270969235,8572.993293651332,8850.387035619877,9123.309841190217,9389.175430061372,9658.591412209744,9936.610143684784,10223.42099631513
39513.956394475164,39510.058331860724,39695.533529834574,39990.585401500015,40295.796154606935,40606.75594018033,40964.46391270803,41385.05144955166,41862.74586756286
26323.62773549001,26499.21821025802,26759.022512513213,27060.193875724643,27347.63781393397,27618.05966111601,27893.778020243706,28184.349196726318,28487.64506127305
4962.599009516717,5108.474290423964,5275.230231910482,5451.931977196527,5624.522394087217,5791.377464208507,5957.520736235555,6125.087318951733,6293.684261493563
38694.73449461848,37849.868429289745,37279.911986491636,36875.61159048922,36509.605814113514,36175.48329426156,35920.03888940575,35757.81301674817,35677.87303406513
23629.011636656036,23488.238521718285,23459.320488627807,23482.609127125357,23483.72837871772,23463.8996659083,23458.790466468177,23483.12499486364,23534.402495723298
4471.126098179819,4585.892653082954,4709.938683118307,4833.334647342233,4943.195805296842,5039.81176997356,5131.278705145147,5221.342864338982,5309.590323666542
31387.178725030186,30869.373979053562,30489.340667233937,30186.927125708404,29890.443844183555,29597.463839600143,29336.765055276068,29118.846118419453,28938.857168837952
10295.348599427882,10710.552383337774,11205.623844243206,11743.947552610683,12276.345285540172,12800.749084794521,13339.255808629676,13901.203175143319,14485.349069078553
17429.58090134021,17212.493096732385,17090.55138295879,17020.766555219318,16951.266555666567,16880.987070553176,16832.06669346336,16813.168138936406,16821.72239894578
73031.79766968387,71258.85549413707,70015.16080716946,69081.23544008873,68196.99738954748,67353.49669134499,66654.04660782652,66131.85961738607,65766.28413291866
16521.326361637028,16264.686500425323,16086.109168091989,15945.774733656477,15795.424677481513,15634.052108269394,15481.976237824218,15347.175616695695,15227.403714278726
2534.613566438083,2609.9727071227935,2692.5595042530836,2778.1175821668267,2861.1388335184256,2940.1204720890755,3016.0131463272846,3088.880602352353,3158.0250904639342
26947.461264740803,27084.65592260506,27317.621269755524,27587.93067002948,27819.792441514204,28014.470634595775,28209.639343191728,28421.963323605403,28649.74330833262
3041.017855689126,3170.064273564666,3311.828522411007,3457.423935662257,3594.5655652633395,3722.5243512549546,3847.2411664790334,3971.9124084219734,4096.912405376261
2850.118189931976,2988.762299322777,3145.209072207136,3314.174580602519,3488.4055457153936,3666.592035093963,3850.9579655323305,4042.6026208551007,4241.2925898962085
7482.137596174745,7559.398230173935,7694.924980011206,7863.962225016979,8035.632271962584,8208.187613013552,8393.776145962514,8596.523399643715,8814.378305868275
30206.037875716756,30380.14044065803,30697.74540391173,31071.201302568323,31388.541977847668,31653.78165605692,31924.733611346088,32226.252096853616,32556.333429998696
29997.856948002027,29471.126259498917,29153.732007914346,28944.22716930994,28722.803041454805,28491.72461217871,28304.806546049032,28180.113189405918,28109.764659216336
2625.5876310785607,2682.778703982382,2741.9891916028737,2799.173814925075,2848.80818509504,2889.4437935566593,2922.7490084719707,2949.6183299058503,2969.9140307293424
56707.41993900891,56497.78323358572,56487.00246224016,56562.12189852156,56581.625734394955,56544.51932842439,56515.51831150823,56521.684307740616,56557.37194888
25948.11844096791,26370.203746926934,26883.196970626075,27439.629991056834,27978.9151616672,28498.259123818334,29024.616341300578,29569.30545727514,30129.19880685654
11381.505497587226,11646.848011723716,11963.000634170929,12303.820662449438,12635.15821543311,12956.458832081236,13284.549338186122,13628.075430286495,13986.87554134217
40439.084043198585,40210.76057530729,40175.66318489536,40247.849711101655,40320.77393188642,40389.34042655201,40495.88164885731,40656.1212021298,40862.88547516693
8277.590599680729,8575.302058396983,8901.701564107003,9239.82138692888,9568.059213332379,9883.77034251892,10195.099219481643,10506.995933542821,10820.880018971757
66946.0818725056,66127.1075989223,65581.6681958529,65186.09580840337,64789.169619824286,64385.727739901515,64037.86967818608,63769.61533180903,63572.10862888134
2571.097350974942,2673.943706782316,2783.2364501140796,2894.3652394370247,3001.8737741015666,3106.140175478359,3210.1574819366724,3314.911869253389,3420.612557390538
522.6462837599324,556.7590974138573,588.6377202673872,618.4350389427067,645.6975040002153,669.0004098349057,687.8316293239488,701.9764273186127,710.7476628946098
20419.5624158921,20560.537439056927,20820.425575602134,21144.590248683427,21465.16648553152,21779.141022386866,22114.603446454177,22482.21519652951,22878.292264818654
4240.743582377687,4395.115096219463,4577.064092445752,4775.888155740607,4978.718541150408,5182.743678810419,5391.394212865973,5607.023768230027,5831.044961455222
59308.987189416184,58229.916048439045,57548.31073760911,57094.3834598552,56670.40214646904,56269.23345468525,55967.41613980159,55789.51214129787,55719.78717804244
185.30035973532645,221.86898772667783,262.4493559041842,305.64189874542285,350.2580380884319,396.0461994714683,442.66511779861037,488.7506473769036,533.1805867058318
25627.919922613728,25895.768661895418,26316.370882652544,26802.102954125232,27240.957744341973,27635.48104899461,28041.287369095866,28480.75449207792,28950.131433620965
61954.87840677032,60345.388832037446,59179.24558751705,58258.040233154694,57354.283143114786,56460.98868969154,55665.43600924608,54994.91845059437,54431.41875742634
4411.902888366111,4434.643530683563,4504.244125885012,4607.103594675844,4728.16714996809,4863.027725461485,5012.723766308743,5176.177970955109,5350.629486202499
36906.06218213367,36787.08742487717,36863.6069656567,37058.9816828016,37280.946672000435,37523.519552105914,37821.174937267904,38185.95920403907,38610.99321210071
57129.550636169115,56452.41364632962,56172.344940627685,56085.867648977204,55947.99314063494,55761.11073995799,55634.46365462724,55605.1917888994,55657.26438186686
9283.35362477808,9214.785338185156,9202.697618667815,9219.295476351155,9230.824126011652,9236.56697525955,9250.678888138993,9278.455665822297,9318.195214671548
50530.25855892866,49934.39963086018,49593.26272303739,49370.640781118134,49103.06500228387,48789.241832843116,48500.60957260666,48264.810608476524,48074.05763081851
5537.10959868357,5584.5841266636535,5650.712919119345,5724.952023016072,5795.308866818779,5859.870431271764,5921.700288507285,5981.294028648047,6037.067921368021
74660.54604789021,72881.11943668888,71551.09087452632,70474.9309846373,69425.10208384594,68395.5946634564,67476.22543322953,66696.43579546074,66038.28432129035
11263.50127072627,11547.150747360294,11912.893904600951,12332.68154302241,12770.201811669987,13221.559229318163,13699.857334705066,14210.587523046526,14752.45810523925
3968.4883835376863,4049.8577876825684,4141.6998472688065,4236.9532810840465,4326.841626048474,4410.917996594542,4492.918328494409,4574.41757815601,4655.140365250587
96113.2692645164,95666.6803760276,95648.70770584428,95841.63503255982,95975.29824655819,96039.33509371398,96144.39536307055,96331.61775548288,96582.86290174234
-1759.179805168243,-1658.4232676448212,-1565.9944642331675,-1476.3162604530755,-1381.4945836083837,-1283.1125130791108,-1187.2272994418934,-1097.4540594226696,-1014.6206406956737
21668.186197402683,21652.145510728515,21733.70801666184,21867.89924490586,21999.061780742417,22124.36766339594,22266.14600941625,22433.03136811769,22621.691390105847
11587.180072866355,11554.78541659976,11579.129386974624,11631.597109854294,11676.92253168667,11714.309713921992,11758.883688169773,11816.599327591352,11885.856211389158
16822.971517053928,17222.586915218042,17683.58024950536,18174.34753333675,18653.0708200096,19118.869380628275,19591.992660034088,20082.41590984518,20590.30348424993
17698.105215821786,17965.9206965357,18319.965950965237,18712.492823958826,19082.66626827287,19428.436521685802,19776.829302236092,20139.026501561544,20512.248200555212
51378.54251787717,51278.93623237031,51431.607235782874,51697.95332730855,51905.3786295698,52054.798662491274,52226.75315123449,52453.51345889495,52727.85663668745
94221.27053964601,92751.09966860026,91782.54748975397,91086.29474562634,90390.24395360307,89681.00573286257,89062.5388269497,88571.0758932228,88187.133808712
6069.47867442835,6304.72517653902,6557.218904784501,6812.972080419942,7053.682992195349,7279.350082408736,7499.453602424898,7718.722120800203,7937.88653077381
1509.0018106537295,1591.9003748157734,1679.541601105299,1768.59694933137,1854.55193858957,1936.8100265388434,2017.0767172343062,2096.3684882498133,2175.0355198873735
56946.14767318591,56122.155304921485,55685.034272255034,55473.17387425114,55296.259184145114,55134.415534834094,55044.039377923895,55051.18039521908,55153.59215914305
19297.596460222834,19289.17505229211,19383.38488032554,19536.224489120646,19695.024418380017,19856.628245107837,20041.28274789463,20256.67470580301,20499.9119666727
16487.448508772763,16678.35914029613,16937.07046051482,17224.821624929704,17493.364025734438,17742.03360705689,17993.070906386696,18255.694018350958,18528.2152845633
9815.665450414459,9942.435256477449,10123.831268007632,10335.005862905628,10544.733033393488,10751.059925892136,10966.5792136159,11196.43733089425,11439.411592809309
26597.527148033158,26560.332476838896,26654.96642553129,26816.907007111153,26965.198546072013,27099.645179285548,27257.70565431583,27454.91746527727,27688.250153037156
6877.785605861785,6994.739880273467,7144.8264136447415,7313.7073647526595,7483.286471792031,7652.164256163496,7827.547919993806,8012.730158060314,8207.359567784244
16786.679176057773,16899.050757614274,17086.05196528362,17314.978743938227,17545.939156043456,17776.147972186634,18020.872527214957,18285.82531853303,18568.32748477448
20644.932232979423,20851.16381608256,21153.5297626831,21510.930606574642,21871.555974660747,22232.51469662519,22615.09947499035,23028.27077085146,23469.76149880331
37015.45497756704,37300.435414182284,37776.653739678404,38364.50644176302,38965.420688449085,39570.790617363455,40216.12427895034,40913.79384008285,41656.34384605896
9456.033087878268,9584.874996888702,9757.024792388122,9945.954982602936,10118.506203808958,10274.941095592723,10431.184717384813,10593.421055794615,10760.123133823528
60711.49043408552,60870.46563703718,61256.44283876066,61736.883920279346,62145.95240083404,62478.64512916102,62806.75520216192,63160.19683212382,63531.930182931734
31576.94924579349,31141.683777125283,30875.000771382114,30704.62001703501,30543.8618421,30388.030568509956,30269.62633668358,30199.844068593135,30172.16353242561
21873.884005712753,22144.70734625141,22482.24278521533,22851.25926283395,23207.759745083033,23549.319532866823,23894.597836088582,24252.46901570781,24622.510492336878
14541.461467924857,14596.429634440785,14731.429310608302,14908.176323470703,15079.526168635868,15244.095827941137,15422.32843253137,15622.715070761884,15843.676913368015
2575.306257966626,2650.279524005868,2740.0886797647586,2839.77871785696,2943.2800768104016,3048.9743481776586,3157.8213529332984,3270.2529555806864,3386.1612272016546
72749.34351616481,71532.70737820772,70780.1434780975,70272.40695928696,69747.52604556938,69207.56358929611,68769.25368554071,68474.56350152924,68308.07641634913
2716.0011446110448,3040.7541293118993,3373.245769750441,3705.847665596467,4030.3001042580822,4343.8788970317955,4648.105041340559,4944.601076590425,5235.0668168273
8031.5771606761655,8525.983829974837,9064.676221047128,9632.448899345554,10207.847772591604,10788.17531346683,11382.311032725585,11995.27894672448,12627.788270352528
37628.95651172551,37266.94943663305,37167.84035775799,37196.002254505955,37186.530175467145,37138.93899606916,37129.07680369355,37190.32986389545,37317.41548932236
50687.97891105263,50033.287534963485,49602.04453462091,49284.40530934758,48946.87379840122,48587.32396711154,48263.11468518023,47996.41408303619,47780.04472076826
-929.3427498883955,-942.3065989438478,-990.0600550251215,-1068.5305116865843,-1170.744223457085,-1297.480545866689,-1453.622022992206,-1642.7418303369104,-1866.5472426089766
19983.213094550658,20096.491503672416,20334.114194950795,20633.579571252645,20917.505273881252,21185.850473437455,21474.161754605906,21795.759302166567,22146.7826656642
8221.116518136332,8339.124068784682,8520.557237208848,8736.38215971962,8950.243060519908,9159.56577213419,9378.232266188503,9611.054937518198,9855.723802083568
8433.59554716511,8490.520217428364,8579.742851242298,8684.855262772455,8785.93415735457,8880.531672149957,8974.924430186788,9071.290939797276,9168.267597427059
3603.69780223194,3708.039670060076,3828.2846499733846,3956.3341081643193,4081.7304959209655,4203.464931440285,4325.712282468994,4450.575510066731,4578.118958511135
39743.11030659906,39784.49489171704,40047.745600728114,40426.981403846934,40790.093064334586,41133.31212476274,41512.89258420176,41949.88680295737,42438.9137695221
7644.278227383706,7753.6585718585275,7915.464332616773,8110.4797425005545,8314.53570484413,8525.830724017198,8753.889195410562,9002.748151441272,9271.544059584994
19272.53085131015,19599.609436131403,20024.029179377696,20490.658398031785,20927.815434665787,21335.29805874317,21747.791155740186,22180.322770915536,22631.12630029965
21502.41077088059,21749.691805749913,22095.86311513075,22495.623653421335,22891.835742231575,23281.155025939734,23687.04031083061,24119.62695195175,24576.87646755301
8471.104302704347,8694.366086287942,8972.527766298324,9285.37840180338,9607.892386513957,9935.916606993442,10276.87319390017,10634.139221247175,11007.252585647731
4496.863129969776,4645.9755811898785,4812.593361299576,4986.027745606247,5153.506749305817,5313.089954288709,5468.970942975878,5622.48641594972,5772.581710338311
1745.2964882580934,1897.1019800732133,2064.2154689857343,2243.0531736446605,2429.0554857224543,2619.5581682289735,2814.0257528899074,3012.1023905486145,3213.5818879742415
4411.80043131547,4516.809141176062,4656.497746461885,4816.165526717086,4978.61894586882,5141.853251632103,5311.412300193733,5489.2692032835175,5674.6273003313445
19323.109096223096,19458.018987176394,19687.092192882275,19969.075875781284,20252.23821729183,20533.692835598402,20834.58137323775,21163.58193454631,21518.11087492558
14210.424274654351,14742.77916962396,15329.523771771786,15930.031016161476,16490.10042710642,17009.34826784128,17515.613552413644,18022.95626493869,18533.153247025817
8846.95340108758,8851.05984654453,8926.831086184293,9043.70410641638,9164.362458366515,9290.243736483719,9440.091834750057,9621.551006615437,9832.307938059996
51040.94885995735,50047.30556867111,49349.74971298569,48830.79698194692,48351.09560403208,47903.54501973379,47540.16741935028,47278.29494192184,47106.71365029081
12365.420103535684,12876.090365766648,13461.812600657133,14086.642021478541,14701.578127593897,15304.343319214668,15917.512882763891,16551.56248485798,17205.873425356094
3382.6181160305405,3570.8402935575014,3790.193331897414,4031.9693450342997,4284.532169621817,4545.116735501621,4816.539464101307,5099.983688378793,5395.0909880282115
5140.501882287868,5314.22220341603,5504.421386763101,5700.358224175409,5888.015836036866,6065.098345905031,6236.381246592651,6403.8495113606405,6567.973647056853
33297.19263884982,33320.451825081465,33493.90694129586,33741.48731397774,33968.835928984176,34173.591884908565,34396.722010984566,34654.683891050176,34942.98680315255
20407.964227731227,21378.0027899048,22415.325636716647,23486.27399324423,24546.419794772744,25586.508737571996,26618.412916303318,27646.94501559776,28669.504819761074
27965.098443012885,28397.280719433063,28981.236356768593,29644.613761852786,30293.54885715009,30925.21934753371,31581.784402495876,32281.035345295626,33019.17037371903
2539.9086585557166,2825.9079606921377,3139.2869610578136,3473.848599729686,3819.901656485759,4174.322593138735,4539.374563393147,4917.0635452449815,5308.570141863424
64960.18716975216,65488.429913092354,66233.92155631928,67055.79974657028,67781.25608542941,68393.74041540782,68954.2363214726,69486.12246750027,69978.23918528414
16111.663537498218,16170.624194433409,16310.035207506666,16493.036785512675,16676.24302698331,16856.80855741749,17051.252992534948,17265.80198116414,17498.145212258627
6998.261733390753,7196.722297319238,7440.861366529243,7711.472665029613,7982.589342143087,8253.478466119137,8536.231883795652,8836.220513887785,9152.887895324144
2483.620539965497,2601.3800183702765,2727.465432112525,2855.690326707815,2978.193066821487,3093.2537215306056,3202.6316159478006,3306.8113371543254,3404.706597663451
35220.508162828824,34886.70625058382,34754.07257215478,34713.1620076724,34630.8723073647,34511.23146602909,34417.95433105825,34374.73751628142,34375.02606328593
19594.642791528997,19921.105566247228,20307.1128205935,20722.635026918993,21128.146517967183,21522.12942565176,21922.37935924067,22337.14995466764,22765.494238179355
15633.558876738434,16007.481924641925,16430.303936983935,16872.671785722552,17296.253385613534,17700.126379439058,18102.39587872064,18511.488164335857,18926.786112610935
5771.970092433785,5795.567134105373,5852.4127553896515,5922.648361507055,5981.7103334670755,6030.208932968847,6080.072191559911,6135.718559853632,6196.024841787872
14905.627759043753,14924.269869420246,15008.957785273768,15129.519426728984,15248.810581491833,15364.799793512988,15492.401235864914,15637.687424155492,15798.945339715152
13006.579339646709,13070.474750120487,13192.46962075422,13347.22022723976,13502.745125437435,13657.56337707429,13825.066794053775,14010.983308894818,14214.13493387466
9123.60914783139,9444.560931736829,9814.045440731972,10211.243816356971,10608.865551521892,11004.389575897208,11408.893127561574,11827.713057984332,12260.690865349326
48121.54051649584,47585.23950042116,47251.59640561508,47010.274616880735,46726.305605784204,46384.81144658017,46041.858393735856,45739.70062979215,45483.86093038685
18433.326041848086,18764.493881336406,19099.73481888778,19415.593339624204,19686.77970010369,19913.940712606727,20109.30920732884,20276.879767484745,20415.301333225627
4197.03762953813,4199.627072350918,4241.068698353729,4310.456925828491,4395.837184904662,4492.691702478353,4600.601373901173,4718.208508664627,4843.226582287536
3689.285325902877,3749.5493963025533,3832.6602059013103,3928.297810344949,4023.66916441093,4117.6009829148,4214.835933123147,4317.328006942644,4424.6453648557135
14466.965208456026,14497.641564632038,14596.78891240899,14730.583834118272,14856.92221136969,14974.093542022323,15099.85224644635,15241.62490364955,15397.761269438804
47812.87381149885,48107.68628933226,48572.003955035776,49097.61639466097,49550.48941929394,49927.15212467962,50287.97053786263,50660.29489746259,51041.80795622792
12216.957110155121,12238.601523345518,12279.192921532835,12318.803790133014,12334.993645666598,12329.287665308902,12314.005073955643,12294.428405758186,12270.607960172334
10762.514402848592,11058.654352486274,11421.803333587543,11824.58238873324,12231.287710441708,12638.15688295614,13058.603367725775,13498.395995152505,13955.985597681132
44481.34423551618,43604.39896193324,43000.95799004584,42537.09642204525,42054.6570532645,41550.36857331164,41088.38790941706,40689.937401764895,40343.18022786394
18250.289221447838,18725.88114185142,19280.30310909145,19879.029762444563,20476.90088060664,21068.651682844767,21670.506427883192,22289.30379724682,22922.430786958346
45078.384311162845,44585.75677429725,44372.570678874545,44308.09283241169,44237.10550477292,44158.78331802632,44140.32083833008,44205.253120741494,44343.53163712433
9782.903102652466,9929.800147507502,10111.04088761495,10305.241298669778,10485.558368525359,10650.972743665192,10813.454976939982,10978.557953350719,11146.094265071813
2346.3579129345762,2605.025439645747,2889.788985632561,3195.8209044674263,3516.6315855574608,3849.8317761701214,4196.055003891705,4555.7416500761665,4929.132375485709
8465.107396891653,8468.44688773772,8527.097451124357,8618.002302785293,8713.138785070276,8810.917748475402,8922.346127361176,9051.472843668173,9196.529127874244
10913.627065012513,11115.65216087645,11366.563605757454,11644.730991485652,11923.133462440679,12198.541224745346,12480.464891142625,12773.667009968724,13078.869009811326
5848.836309333145,5939.891835720883,6037.5075762772085,6132.249038034634,6211.828890805167,6275.457571364107,6328.869405897758,6375.743108494277,6417.379163722289
31370.499868327683,31628.28769884552,32028.55271441021,32495.729360590205,32934.817662990616,33342.464628845046,33760.11078141434,34205.445790034966,34675.02406087004
74483.83546057114,72470.25207986966,70986.4875265689,69838.068090356,68802.83597117664,67861.20355027523,67082.1942517766,66482.40921066041,66036.9320011958
5988.427330715647,6353.150403404639,6755.589668266005,7177.859092471424,7596.227817889176,8003.179251162701,8403.35597559117,8804.169895401435,9210.601510993134
16141.297530329846,16245.465206648463,16426.829502110388,16642.8740477943,16841.61940121683,17022.82599917618,17210.435147628046,17413.98513132359,17631.478434840978
12254.697568262178,12457.678932086948,12761.473096436737,13133.456078091074,13530.514939083167,13951.1332804607,14414.190491318874,14927.150626241011,15487.955765003122
12898.8641526391,13681.90089506209,14484.80197744023,15297.101171945673,16024.448524462898,16819.27236602066,17621.848416234832,18434.183033309546,19255.055488417573
4661.984354608807,4872.8980467840365,5117.538831162891,5385.061555648136,5660.184209689557,5940.0532441217965,6229.710181468218,6531.097159654456,6843.536467474335
33564.80422492908,33418.951396451324,33483.242025791864,33675.72674474754,33898.52234661942,34141.77090527531,34437.53863731822,34796.04848455905,35208.49200148403
8030.959599049084,8506.32754576923,8998.254081144572,9489.896199165976,9959.34284727343,10404.30444605822,10834.489451533213,11256.049590189947,11670.943280591082
18876.153417944955,19020.44693933645,19267.831956959148,19566.62308065499,19853.63984006819,20124.436965576726,20403.524783654124,20701.21694002103,21015.843898995987
15080.605362567949,15366.037983642598,15747.41101542157,16191.867169650579,16657.809179092477,17141.897077718535,17660.22396704828,18219.239387045352,18816.576036071958
15281.109958009516,15598.776131890821,15976.441358141337,16377.92731758113,16756.78688676972,17111.99461028301,17465.622788133925,17828.659704898942,18201.980538042364
12697.015584397941,12901.952356409924,13159.623072452976,13430.83112405285,13666.974115953863,13867.299031750006,14053.841481851925,14235.017253983837,14408.663603341463
24435.787070236234,24566.57363101953,24840.58402785318,25203.51342676087,25588.696194785116,25991.655128474726,26438.338422870682,26939.05805490786,27490.312517895305
18915.07968433623,19037.339723499146,19242.503706509255,19487.649448997978,19718.19459921862,19933.148563683695,20157.27539459011,20400.99507991748,20662.353209652636
9054.372679269756,9359.676205322703,9705.606599775527,10073.487389572942,10439.091541110083,10800.849803227558,11169.556122759375,11550.827247409146,11945.107288450943
34949.22338168,34856.098153230254,34966.80805140588,35214.04486753021,35516.65573011412,35865.70185890458,36287.19564122379,36789.63190251436,37365.678158814815
592687.4140560946,550489.7207083069,516557.97017486533,487175.01772048033,459117.44077990245,432149.28298432083,406999.7711561344,383672.49918857875,361733.74752133817
1812.808427288076,2029.8118740739578,2253.1130480124466,2477.127066347471,2694.6012572184163,2903.684542244418,3107.4844178482404,3309.2996284646433,3511.6915805187286
2114.8264607927717,2275.4991928914683,2444.4953005621983,2620.267787007805,2800.9941507152434,2985.784567459627,3174.9508059760233,3368.6456849349925,3566.940198955121
4855.595048113106,4963.179236279519,5091.782492714827,5228.423264065485,5356.0872533733345,5473.734433275154,5588.516092920895,5703.221797280999,5816.858305975703
74642.74087504692,73867.58037529538,73393.03769852314,73074.88401279524,72736.39087059452,72371.80643646595,72054.33906587053,71812.11323334202,71634.3479724512
18203.216810463255,18194.558364718927,18273.69380286779,18397.36352636467,18512.58260829332,18618.095265834094,18737.006385226076,18878.694207593264,19040.697926072506
10601.46107331244,10729.82323881845,10894.280191103917,11072.393677482654,11237.789004896182,11390.033906010189,11540.587164512239,11692.876794140286,11844.495880963523
22018.191938170145,21806.181645257228,21735.21211755857,21744.946116863826,21764.62285665445,21791.920337151307,21854.95236620688,21962.788688530032,22109.863006809042
81840.89418292198,80776.72282077651,80146.55689547113,79744.0439850979,79323.38493534962,78874.82834808399,78494.21250314145,78212.77684251335,78010.16326984279
6710.7907773581355,6869.3253508227945,7051.9537199873375,7246.846514249879,7439.49243687818,7628.522534547388,7819.534683929388,8015.401876703316,8216.337193033247
20805.060749144763,20940.37058783483,21177.648230689712,21464.015248083804,21732.709405562942,21983.92796949181,22249.60912824884,22543.463612902327,22863.546670844757
59242.11015233266,58318.2847824663,57754.54549492977,57391.4729728901,57038.8911555847,56690.003884133315,56420.2355456629,56255.31243167565,56180.86620985303
3281.8188006815108,3557.459078404989,3835.138855297002,4105.77214514943,4357.279080196175,4588.578982509043,4806.279450163444,5015.088032494055,5217.356109095587
21576.20802752852,21570.667542691026,21681.581599578065,21861.508740756355,22051.702215074776,22249.646445838272,22479.764342294704,22752.15856109177,23064.19724010914
35213.054370098194,34864.34930666497,34671.674015848526,34553.95494419636,34411.4841187508,34245.431623690216,34102.93603156136,34003.67709725738,33944.386515945036
25491.771453993173,25912.440874302658,26450.553371282575,27021.42802731154,27517.818374507657,27940.476068250533,28341.92823527419,28745.01426007971,29147.963426207796
16370.159235447423,16653.604344485226,16970.46650561738,17296.898134678104,17602.27457405997,17887.256644277502,18167.874634723383,18451.367896736192,18737.385167991466
9570.299425951116,9834.19977393751,10164.275920681994,10532.301270513171,10901.623618705762,11271.074302138122,11657.53929887781,12068.531723290009,12503.421892228516
-2789.1799820796705,-2745.8101705626855,-2719.1339628477904,-2697.676656054915,-2667.227263072956,-2628.839664206407,-2590.3544817349944,-2555.297301782986,-2523.705148382659
1908.8526789528164,2007.6843912800944,2108.015891511644,2206.56383906505,2299.1352602356983,2385.754382431024,2468.8829491075935,2550.2609798736094,2630.751862689494
5949.455646464866,5929.563320317236,5958.655625327336,6015.9835854401335,6076.159856565444,6138.195278014278,6212.05784693848,6300.941449840985,6402.893093533289
39941.42313989883,39917.950282768,40037.25855530001,40229.62352496325,40408.70406098226,40570.1628448134,40748.896228054335,40958.742529904,41194.72956353699
54925.78397609658,55819.29254411553,56906.76398076667,58098.34856690196,59278.96425586855,60446.512438312886,61654.34180539064,62925.408609209255,64255.33675729005
24020.405688432307,24085.271029798307,24292.58825188481,24591.501545081315,24919.283095955376,25270.82636897077,25669.182728524967,26123.018574673613,26628.03499522055
49185.340688593,49241.99868410813,49479.847026561234,49788.979652190596,50031.030383062105,50208.24035780939,50387.8162571391,50598.059670293245,50834.4678327408
3770.1998030129316,3873.750955564584,3997.0890036379487,4131.232941734457,4264.670120113077,4396.0653625821415,4529.693150818206,4667.571056757146,4809.830050977795
12689.787520399532,13221.841449788497,13794.782250914972,14381.307168695928,14944.677068066305,15483.722509241634,16016.858111575091,16553.95126171926,17096.36813895784
12853.6456964342,13206.905724399981,13620.751364912527,14067.98595691488,14513.988001004715,14955.397530926935,15405.672483028473,15871.118709402259,16351.230234609659
30521.039340332976,30496.897713336348,30625.209067479806,30825.534609307015,30997.09211593519,31140.5809287892,31303.438675775178,31504.879093546115,31740.940852544893
7700.82057733344,7646.378530628013,7636.820298204831,7652.374043814861,7670.340344310701,7688.4767045529925,7714.057647182876,7748.960108483175,7790.758263431972
18542.270158156,18658.332634173752,18877.391061331746,19159.49628716805,19456.08372014397,19762.257705427557,20094.567756874498,20459.177364924282,20853.076723151833
5323.461128295317,5590.914338677195,5867.9522511797895,6142.946448317962,6400.1548694836465,6638.836159067283,6866.851309174085,7088.824089594502,7305.946771771275
37997.70609215578,37634.14253068221,37422.217476850834,37279.97579040023,37107.0982394898,36902.81683364661,36711.908781126316,36552.55765432954,36420.501907993166
17167.58670809989,17506.787457349667,17943.49183334837,18437.763321871713,18938.643388729288,19442.347569177102,19969.152268719932,20527.66079227618,21115.581985279652
49394.86375487462,49774.63617006676,50285.62171711013,50853.00041232184,51383.88267340961,51877.54388394682,52376.77466624213,52898.76489325023,53439.34967151288
16586.13569965506,16647.814114328878,16795.226746257038,16986.435522359705,17169.05433206819,17341.80113516509,17527.801669835677,17736.699844870327,17966.566645567604
7917.817165974211,8253.925898448191,8638.724031732654,9049.987316301851,9457.289603662766,9859.411765327346,10270.831557216148,10698.353038131096,11142.132769758116
12121.09132262183,12456.068612056284,12847.597417879379,13265.778768092709,13670.840851731517,14062.171357294184,14459.131888166903,14871.02058722126,15297.92294084522
3239.5751220335874,3354.392994360294,3466.6014313981527,3572.911570336506,3669.340207984049,3756.126725352568,3835.991413966531,3910.6966723446967,3981.1370734372886
30671.960691923072,31172.94131520645,31813.0467864361,32535.97087826273,33268.506024632625,34005.75387614255,34777.48630259159,35596.249038394846,36458.39256607099
9715.909148238869,9911.00567860675,10140.58199982563,10384.490343082034,10616.827952906866,10837.005839522173,11057.304103265189,11283.83553145297,11516.923669605889
145.52207545700725,377.36695650797805,577.0612899632479,749.9949653110525,904.744648441968,1040.7835140338887,1153.330739704915,1239.3391586016203,1298.0625592782642
3428.885375640188,3542.080302258589,3655.114581706807,3764.778336397519,3867.3401237024364,3962.970846411248,4054.070105535097,4141.854399239726,4226.72916699044
8786.747008191873,9098.146208917737,9420.989451898147,9742.867935138702,10046.942392302224,10332.92853026457,10609.980128334031,10883.808430425706,11156.079846921275
4628.74502654859,4765.493574295021,4954.830447912362,5182.012605763789,5429.512256491459,5691.949508131854,5971.224362766711,6267.556888939577,6579.604136212516
7751.557968463227,8072.78606407183,8412.745456987679,8759.295616005196,9095.627675487096,9421.213656629305,9744.550568556431,10070.26415703083,10398.913703569031
6271.694080336835,6442.879154631682,6652.356337330749,6881.849579997863,7106.901348771386,7327.43408730039,7555.320317611398,7795.1287357255305,8046.191957131599
1552.8581586014986,1615.4610650940294,1683.5665212940992,1753.5378684190298,1820.9180369481398,1884.943658427951,1947.0264204447801,2007.9062818312227,2067.6168255904763
6714.7440143423555,6893.233098442712,7097.712092305209,7316.474188525459,7535.169000822877,7752.122076117009,7972.647744659098,8199.602424749477,8433.341777430232
25077.301195930308,24976.973575189942,25019.121506822914,25147.618728619815,25294.535818779837,25454.480885607103,25651.729789688263,25895.056060246527,26179.82703174344
14619.460661437011,14788.89365161263,15029.520608674087,15295.549736193941,15527.885367092133,15729.405482547425,15931.640292382035,16148.150127017905,16378.094238699263
30101.360663325744,29445.437567384095,28936.040198068404,28517.893307862163,28127.37713137193,27761.571218845416,27444.792175015384,27185.89067151545,26980.553150729753
7274.30959593867,7400.273669615369,7560.173551443399,7735.2793465756495,7901.493167240848,8057.180847231212,8212.310787184753,8371.25240678499,8533.160290000402
10236.20192208046,10419.003716269788,10647.792800008749,10899.58634464382,11144.985657212597,11382.458683253895,11624.561285703756,11877.353050912388,12141.038113085862
8521.665752775689,8733.299074267657,8985.504598584794,9254.810283024857,9510.900126573419,9753.277040072817,9996.701541850176,10248.406077249547,10508.849042376167
10569.459546810285,10488.429219977466,10465.18198007142,10475.35840090251,10489.904014244054,10506.652218186324,10536.042692230694,10581.897484889196,10642.424688165716
8367.396345010631,8605.708396879469,8879.514492842061,9172.30081040116,9463.654983251357,9751.317614926618,10042.77616012587,10341.61423235868,10648.258036118199
42803.174256594415,42199.14876820692,41868.46457799076,41706.91362140836,41593.273154211805,41519.868308144265,41530.26040850022,41638.909517867105,41835.93193385671
4818.728757381636,5139.575229930437,5477.561662842513,5820.487413195885,6152.497825909142,6471.767440891608,6784.683333497469,7095.99970657003,7407.609738241914
31807.889560722757,31891.9422148586,32164.79893201854,32561.047954234917,33002.4999207354,33477.755093690015,34008.47398953042,34600.73731548983,35246.433926542224
7784.143743172704,7714.878620488609,7711.903137637294,7746.032712610076,7782.309131820823,7819.687158719496,7872.251631576469,7944.789283633132,8035.056009622057
8781.471886760435,8856.31644727772,8982.060778957584,9132.177684438228,9272.76918091069,9404.034594567262,9542.241541826766,9694.114218900435,9858.570907761583
11566.33328166664,11838.573873187806,12181.292695458913,12565.662397783404,12954.915857591137,13344.334704454388,13746.535708888176,14167.131284845005,14604.697778177839
5895.476673308638,6260.585096738008,6651.2083141333205,7055.196560411845,7456.688957499307,7852.878848468151,8250.529905941477,8651.013257312185,9054.303504796391
21684.806523485873,21856.018750801526,22096.38534426895,22365.53334190252,22611.80487918416,22834.034719576226,23056.04677822233,23288.788966655975,23531.24385598759
31708.187593545586,31931.246842381333,32299.24731508312,32748.12555260362,33199.56860662277,33647.92486279331,34122.92197465163,34635.54085684725,35180.29898824057
15098.893725970824,15251.986700608712,15462.670613538046,15696.350842549464,15908.904832096288,16099.569244432378,16288.937819993535,16486.648729736527,16692.385178623033
30948.8408230285,30919.7701673386,31026.936720584392,31195.63037529526,31331.595369172705,31435.17601462282,31550.38292830795,31695.25093529683,31866.319954816732
3964.3016889520204,4112.1343471549,4264.822781851288,4415.181051309299,4554.283073364151,4681.514510371234,4800.722209812966,4913.607181788301,5019.975042435019
33291.63806147608,33176.59017579673,33240.97878631372,33391.88350622798,33514.54713098696,33608.51997360697,33725.11548515375,33884.92103050226,34083.64972488471
5315.002058306045,5407.680097366635,5526.646779219283,5660.223139335332,5795.526377923432,5930.066756985641,6066.674590014313,6205.412294631031,6344.382588485548
1374.3602008116966,1458.3314287781973,1552.788433693137,1653.7654457048907,1756.183153903455,1857.77129554819,1958.6590827213251,2058.724037727438,2157.201552984861
9588.383083283947,9903.040811331133,10253.371830107708,10622.225633843636,10987.981342437002,11348.771003238042,11713.428769251756,12086.045881262382,12466.368976269696
30910.73264197904,30912.302485654523,31057.000940271435,31279.192054949777,31499.041193711604,31712.05870061079,31949.873333663956,32225.06399123685,32533.302338546
61375.97603047507,60446.14506637463,59954.000217895315,59721.78531057372,59537.98384720373,59394.80426586316,59375.1377997748,59506.2680918448,59771.107033143526
27654.745091997404,28504.63330135213,29434.117315984924,30394.162667700566,31319.411407880587,32206.927392492307,33086.90157796644,33974.32075766301,34869.05110544444
22394.49631168203,22491.312980404688,22702.359678956745,22981.853937528747,23273.702580788005,23573.360809381407,23901.43566686346,24265.941521406854,24663.587198655045
26856.60554104269,26750.106355789456,26771.246936385687,26858.817699847965,26936.632892749432,27003.92234984801,27094.985308221792,27223.969237910245,27387.797739638925
16759.284628255624,16983.389611646257,17335.686466074534,17776.762242580236,18256.104171115294,18771.63735979443,19345.158114835336,19985.872979893233,20692.01738822265
26616.585132614724,27084.09692222031,27629.654161819606,28191.180642372918,28687.685504580808,29119.68202886543,29526.884762088,29926.901657746846,30317.49726661715
3655.5749289550977,3768.3882600895886,3900.0938997757444,4041.733900001318,4182.507416739044,4320.375334912482,4458.183012210218,4597.170053410883,4737.240475174978
97428.15092348795,95540.81978092871,94137.60122728722,92993.94155645344,91846.31331680757,90676.15235006025,89575.01263148517,88571.0219626553,87640.43702942574
21518.218070230672,21822.750534593637,22202.37079327444,22611.326533375377,22990.62973850869,23340.37911286764,23689.48658716837,24051.2804738347,24424.88546983236
17235.978323485364,17395.99955801755,17660.298864985878,17989.062184997663,18333.04015243445,18688.207543808225,19072.977688955372,19494.12471359126,19948.42108543164
20704.183722584512,20625.75715259499,20654.313809441934,20745.398567538792,20848.31715358636,20957.383696483106,21089.631554155454,21251.243955798967,21438.314120145613
36900.00481334658,37172.19963370804,37585.76273788203,38072.209219224416,38544.89126023417,39000.16283270212,39475.05561829286,39985.23483223458,40527.06918919799
17934.771045948404,17928.482066437864,18009.92623627679,18141.225810625776,18276.480148137514,18412.786443182576,18567.888750888378,18748.888277034956,18953.597357697796
19748.009583017116,20076.408313808402,20482.93780669454,20914.642981769157,21303.851866187048,21649.82364567711,21984.92303652973,22323.844841302922,22665.638238485586
41945.86826773615,41827.34305949231,41980.87993399396,42303.82783437621,42671.82833427012,43075.349316848726,43559.302497945915,44139.250922097126,44805.32731001315
6114.898558855228,6208.017254486972,6330.900503902139,6467.971471981628,6599.607850351576,6724.790720165289,6851.676028588947,6983.606410949115,7119.797863191502
16678.290149639586,17445.017863438203,18129.691933783914,18728.865051239554,19245.53333271588,19689.107675838088,20069.154339087705,20388.190452906983,20648.061093768913
3643.310160322392,3701.839236927698,3771.0271435820223,3841.950788433759,3903.059114905682,3953.689776053637,3998.807616350763,4040.6305989143143,4078.766932120383
43033.10867621725,43774.135380615466,44731.42553540494,45806.404067871714,46870.048613236875,47919.79155062422,49015.80648709271,50184.51246428795,51421.785442652
5108.563868405488,5284.685407620809,5507.595756011792,5763.03969063381,6033.6120380040675,6316.498146341651,6615.311763467492,6928.657455682597,7254.783090859612
24334.976437888243,24621.430944203563,24969.691799195374,25342.035562778154,25690.634533936278,26013.689727111938,26332.724233576762,26658.132518227263,26989.178882993972
12797.540461848712,12848.763153964439,12956.49913749533,13091.685719852348,13218.136448738785,13335.447772110505,13460.093513935906,13599.026419231071,13751.049002843016
34587.052633855674,34892.23626290349,35327.6836918905,35822.92772727606,36287.15728594266,36719.338781121856,37162.01144344712,37633.868020212256,38132.229835746526
2888.734079152914,2962.208436752256,3040.4605442851694,3119.215251561367,3193.0858945879513,3261.599770566595,3327.1750219873943,3391.314626717067,3454.7297488043364
6865.340250015567,6980.677915328812,7132.881438263041,7309.762520415298,7495.911408973888,7688.837256769037,7892.903850511046,8109.613204591201,8337.65123286307
43286.323098913526,43177.46489858796,43271.171077741616,43465.241897030144,43633.68461910593,43771.758213750785,43931.90067307696,44134.92665152484,44374.4953244574
32306.375278936826,32121.31999693114,32117.389832938243,32216.4197051564,32328.925498039356,32449.955875256623,32612.321984195543,32825.29992712935,33080.45798340695
241.57197707982112,386.4152947731539,547.235027682346,723.4359718678035,913.1614870512509,1113.867327139865,1323.8404569946283,1542.0128464488268,1768.0068220712028
8070.953809128922,8641.690707271358,9287.666459894897,9989.737014286009,10721.835481878805,11476.145169795396,12257.55827801866,13068.57196108938,13908.095766370161
10977.07300610272,11179.996574335968,11409.870165335258,11643.34635483147,11851.3104179372,12033.147924866329,12202.787112250602,12367.300306566452,12527.350302537907
4767.153007071448,4827.090956565534,4909.863457314204,5005.336885107219,5101.020885211996,5195.2710241586465,5292.005639321461,5392.605483922013,5496.144206853443
8861.358634700458,8746.043493302193,8700.082618541908,8696.696945602514,8704.463368385554,8721.909861678198,8761.10951314466,8826.254380516568,8915.266782384395
46302.20962898783,45649.997538376774,45235.724888448545,44956.39523886919,44693.66391108096,44438.70703852144,44231.34225703907,44082.23819040215,43978.8460282155
11855.11842382963,12103.897817549234,12409.215686832746,12746.325736036402,13083.396497145297,13418.428156082531,13764.823496223933,14128.725862114285,14509.490352225945
17347.143536533553,16927.9809462147,16746.80193219412,16736.12192154407,16820.73562825269,16991.67238627978,17269.211650599216,17656.853667899784,18145.433209682895
24898.18297602146,24429.029785837713,24132.89903326713,23953.0185601228,23823.68735460466,23738.03835225436,23716.05829883382,23763.24412065858,23872.888889218797
7976.823741121753,8319.113402466523,8683.595598882739,9058.589270450333,9428.596587498583,9792.528173088038,10157.570871538948,10527.727118459457,10903.684724748427
5138.7013449538435,5328.428726814891,5542.002710835077,5768.150890730912,5991.848199979523,6210.5176241713025,6429.223079800547,6650.73041049549,6875.030993673897
35880.36599955369,36445.78983314917,37087.86163587488,37754.41135070567,38383.67447031049,38974.75177139374,39555.283182316976,40135.174901276936,40711.22259410724
14558.405868162898,14548.567785857244,14607.34054736164,14700.837680421733,14788.01207665915,14866.664022814797,14953.525378006738,15055.772719728624,15171.87481747931
9911.479517150401,9951.117852191604,10022.768205976849,10108.776617954169,10186.83860038486,10255.94629803244,10325.565088054811,10400.09749947354,10479.200609233483
16011.346350607304,16339.583338338449,16744.47399353271,17200.76326214686,17676.92781002725,18170.026240178402,18691.793067876122,19246.998245303374,19834.100029325353
13377.488587055872,13344.15903008881,13416.980861099722,13560.274346095259,13733.096257230978,13930.684549051175,14163.552835647266,14431.21900104848,14727.029671974331
57737.56943710987,57451.12929349529,57514.847498407,57751.13637133247,57943.46690989916,58092.64595124096,58297.10771939436,58593.60795056933,58970.696316720634
23335.56087239985,23428.402317698925,23604.502957321904,23824.682374044834,24039.26355897866,24245.793676680987,24464.904063052334,24705.17792246624,24964.540280036377
16939.661470575,17231.125946880195,17599.40386435366,18003.896777901624,18391.21043117719,18761.580733043033,19141.495016909575,19542.7765055842,19964.502429986132
30312.737255984288,29836.430039671737,29533.77035439251,29312.3658147623,29060.951022130932,28783.324238874055,28532.261660715103,28327.200901040553,28162.62705966892
26170.189567998666,26496.244172265364,26913.481416419087,27371.88573550694,27811.200845867836,28224.87957862679,28633.618529144427,29046.10391699779,29459.42039889912
25268.316308081416,25442.21872268839,25695.451391907653,25982.51168222572,26246.67417575217,26485.03914420538,26720.66087262297,26962.926697693725,27209.183021180386
26265.509719051563,25971.54029743774,25838.790782060572,25794.644699001787,25751.866764793205,25708.66396289236,25701.52756915752,25743.64997971936,25829.80164136874
611.3260861959393,718.9865777068519,838.5653293329375,965.5363970284312,1094.8721220463633,1223.4589712590582,1350.4952049958756,1475.9101672867503,1599.635159342013
7217.147268371872,7221.077751827964,7280.943778338825,7372.881883357714,7467.290989993721,7563.316926962633,7673.315921083986,7801.670243830411,7946.487327435402
6444.990126440181,6577.273828143423,6755.398207666865,6960.536029729838,7168.965778737754,7378.700040071852,7598.860572209093,7833.217383546209,8080.919228794896
53054.4784681552,52750.356509583915,52738.44476579136,52869.00499621941,52958.8169002144,53006.30356265596,53092.8157284088,53250.04745810982,53469.34627717436
19971.386246665366,20669.356180766557,21517.231764565997,22464.50885413529,23444.42828787524,24445.033488514608,25485.977317554487,26575.862522434774,27711.206748366047
4223.526060601195,4290.087982358733,4372.173869963131,4458.153949192333,4533.400438009244,4597.173592218917,4655.786388394107,4711.813877310603,4764.973195548027
34436.12828969163,34449.524921619675,34600.001383720715,34806.73349685104,34969.789388716505,35088.65640623816,35209.408076360494,35351.50475537096,35511.85255762572
17181.935660955118,17297.523234781595,17474.801081435464,17683.866653239118,17887.16663684749,18082.924737053865,18287.21441461406,18507.35102415317,18742.4784967678
36178.096699654634,36333.522653486885,36710.875752054184,37230.302966206655,37791.10431728604,38386.56706159177,39051.26466574991,39785.88610011882,40554.69402360665
5165.101213414543,5274.426788822779,5409.4917639836285,5561.8627791458675,5720.346074572104,5883.0048379668815,6052.968499270966,6231.278661282468,6416.838236308788
2672.587021459522,2746.1423634891808,2850.7014828088804,2976.231819427714,3109.498804311539,3248.3390449639705,3396.373531327888,3554.537753056083,3721.6074553356325
3303.242142285295,3314.879494071294,3338.7962869881767,3369.0949551965105,3398.734457774878,3427.4143415003027,3458.089066666988,3492.057729232053,3529.139901105453
5901.773908855305,6185.188236444432,6496.2322580366035,6816.786752431476,7122.844580518476,7412.577845951591,7696.421648133787,7980.057624645274,8264.537408262444
3784.298080971756,3913.3556605688614,4053.7730819796393,4198.616501371472,4339.4269072725265,4475.654358299812,4610.57551711173,4745.014718031453,4878.538626810581
24400.212380337503,24430.070401076286,24562.84291748674,24741.989594886985,24900.84983665492,25040.036560474146,25190.189281296884,25362.159158632698,25552.0046695699
3243.5444465778137,3422.424699908476,3619.2931659939745,3824.993825682326,4027.0784569842217,4223.179280878637,4417.596793714642,4612.919424899427,4809.462208566575
18113.368815259284,18171.218232669777,18301.847840046103,18463.602420365383,18603.587149750165,18722.147837635148,18844.8133105002,18982.94427403748,19135.692553296623
7901.939886829382,8052.880706818099,8246.811034046326,8466.962673195045,8691.82820932862,8919.47765349709,9158.385210875069,9412.136258626933,9679.451841388647
4724.817920167473,4712.196034978458,4728.620801126578,4759.877051610056,4788.393113610037,4812.757514852309,4839.290537954017,4870.5449761700775,4905.861344082995
15361.17889308672,15527.360306992108,15763.584298506323,16035.399832191626,16303.451024726222,16564.432954886433,16831.910818785243,17109.155425302513,17391.97477395439
29487.5516313384,29772.878401502207,30207.969202147317,30736.50345335351,31287.573234753345,31856.525507408373,32471.522120705973,33143.88066853746,33869.41247663501
31249.012527436833,31773.430921158295,32481.069097391883,33272.530233955455,34020.7789970587,34720.927134700374,35427.005239735074,36158.82657789993,36907.69240418434
4742.248515975223,5170.308903134981,5621.793899236607,6062.7063741429065,6472.200348880268,6862.8397189947145,7243.703677028929,7620.013466262064,7992.830301237346
28413.41227197176,27925.012351532765,27562.96195359001,27268.400130796745,26969.92470836483,26666.586970433345,26388.966425667262,26148.656538524116,25941.489294413823
19902.29523431804,20129.02562997197,20442.915808439946,20809.6058145641,21184.957284780416,21567.097787488005,21974.73213900484,22415.239853730825,22886.339580945703
20642.717095786666,20666.234820962854,20809.60950651626,21020.92303337296,21236.854229496294,21454.711823478687,21700.73792265327,21985.655128556824,22306.938268280835
27163.108586980186,27075.949533561976,27146.73901561111,27292.706565686847,27411.09861915357,27503.380743793357,27617.901838710557,27773.560097888367,27966.017653959607
24066.08922549007,24448.403713197386,24910.58102962976,25413.730539725082,25908.81846278449,26392.06363068456,26883.051665076473,27390.757752083602,27913.857848087842
2750.267800155841,2811.949992143334,2888.5025821201602,2971.87123937784,3051.8596290969676,3127.507815868875,3202.6535824555517,3278.7446030809638,3355.3510792910542
14664.790399426289,14769.461088738997,14917.697812611872,15080.389409620664,15221.411709227394,15342.460835572974,15462.372793076816,15588.786575479618,15720.68578238486
30682.65877717986,31603.608409798337,32629.989279213347,33700.3514329852,34734.744660306766,35725.27078067141,36702.244992195425,37677.853341576774,38647.238345755286
71734.61868104736,69896.15478236937,68545.87230576474,67483.19571067278,66476.71204891038,65516.22986424028,64687.94142394227,64020.323127439966,63493.53881806057
15707.920055059736,15817.792297781509,16002.575127971399,16230.019767019345,16459.443502688307,16688.97417131582,16935.716623936918,17207.01197651449,17501.424441363164
17095.124950748042,16975.930499897215,16942.401556743476,16949.72983388359,16943.736121157297,16922.67369632308,16908.685426563025,16909.752325551453,16922.42293422162
21946.717105498516,22276.61257910059,22704.62300799846,23171.266177257556,23599.978985192938,23989.03811455954,24373.52256746392,24768.52472423635,25171.99412583324
14243.660495523634,14865.997354682431,15494.836021054256,16109.71686391323,16682.791859665012,17213.342478407943,17715.766800888105,18198.520780663854,18663.602377062467
35269.61736711767,35076.84238674946,35145.532375942064,35365.06917660727,35602.168646088394,35851.24362172013,36165.88619832413,36566.843261990085,37046.262021900046
16459.0486063124,17088.4302872014,17804.63399675444,18575.243922017573,19355.911760962652,20143.91525695664,20958.98551542123,21809.81878475466,22694.988498416034
36165.862639706516,35615.18859886654,35340.9288830139,35211.123160951494,35068.100089456246,34915.405217800944,34825.137212192996,34822.17355944227,34897.18006532296
16122.360762286939,16181.409716648732,16336.517366160188,16536.416706035772,16716.42640684071,16877.860368102407,17052.277039369626,17252.274174268467,17475.541839749712
4958.448644335334,5010.463847509636,5102.813645094824,5218.3348206003075,5336.121377173353,5454.595791598148,5581.513124983209,5719.545299716757,5867.555084203564
27400.385648801155,27670.05239338199,28071.76225957457,28552.65615893698,29048.528441584058,29552.354388122185,30086.16116221993,30658.837962734044,31266.933079743263
16234.440329738947,16331.469009938408,16518.28303977583,16759.294796052873,17012.357714131915,17273.31589869496,17556.250703986363,17865.317332036462,18196.440174820156
13674.953746856143,13662.37846370963,13738.783795414036,13868.933759303824,14010.22191010029,14160.489909788816,14336.906135825842,14546.27904090963,14786.744159151967
19037.090706916384,18914.794383069217,18904.310681552477,18949.59439966278,18981.80464953603,19001.41258369977,19040.028635357507,19109.768916397636,19207.48798301356
27534.172009531278,27770.424474903495,28108.652998418183,28501.497586948357,28888.809007794334,29267.104157470567,29661.097766079572,30081.14940170478,30524.30582977671
36532.3560249122,36927.894845535215,37487.65111984961,38138.74537398054,38787.6105858438,39428.96504851571,40101.038722597856,40818.88378698655,41576.647698141736
23356.765879318304,23496.885917170966,23742.299642634498,24044.2620007319,24343.861965228236,24638.657904229647,24952.977348755958,25295.866914984545,25663.722004303752
38573.95755546461,39105.96606739505,39756.88602134573,40434.94633633509,41022.3958249664,41514.82750815411,41964.046898235356,42392.47028454301,42796.46893016873
5721.965331598377,5974.579226376696,6244.62061211536,6521.6707377859675,6792.29300176999,7055.311180487985,7316.74880177836,7580.386723041451,7847.496348025361
9770.946260389086,10133.328168816211,10516.629695223599,10893.95602370638,11231.211959543734,11527.509978531756,11800.034044672746,12058.61367130973,12306.200967794284
16289.212761326695,16480.84683039031,16743.56593626903,17046.32744168789,17350.462189727685,17653.79784528699,17969.805940746344,18302.09751845937,18649.677795949912
59693.25129875794,59605.223132162144,59791.446227707354,60103.42448052082,60358.725588620415,60554.536191738334,60771.09470344613,61039.431286626175,61349.864661643136
80294.38328874216,78594.77669174667,77488.97677511521,76718.79846004257,75998.48122127671,75310.9128586274,74752.65056425586,74345.45567231772,74057.27580390598
3057.868762318116,3233.6024749656417,3430.239223131973,3640.0837211982416,3852.654729247876,4066.5539713190337,4285.670650163912,4511.954567022826,4745.400885535105
50304.1679414433,50658.565439451326,51173.90157193742,51745.95679964992,52245.41738236362,52665.82994368227,53061.06879489145,53454.3154366108,53840.89391269114
5303.555161908043,5466.678640898712,5656.076412130122,5858.749817938501,6057.796673591113,6251.518494921496,6446.062248737983,6644.151235102719,6845.411229839834
4729.702524740706,4768.426624301253,4861.032366325912,4990.041128397614,5134.810801624177,5290.804383811452,5461.846934613867,5648.613359986813,5849.761732219533
17735.69971878597,17796.51410995283,17924.547266542148,18084.37153285709,18231.283827704887,18364.59767748714,18504.810694600023,18660.994968544026,18831.997050934384
12350.045972378606,12823.91716066789,13270.90075372363,13666.78842266647,13983.713479575075,14223.306853176508,14402.382597299189,14529.370612497842,14606.559049897081
98437.32035044832,97065.77500844134,96214.95828457913,95641.9265784639,95057.00832898295,94452.05089782985,93944.75381713313,93576.180956421,93325.57243751883
33017.102780741865,32773.23769098213,32671.879145363182,32645.826821017992,32612.680579689382,32570.215502316143,32553.52024071304,32576.808359967552,32636.370680068405
73181.28137198424,71643.59601192382,70555.18435372363,69689.14680263549,68776.14392374713,67822.63313819694,66951.99230535267,66208.03360475847,65575.18699666532
55043.25513218072,54742.11693942348,54808.039770778865,55060.415805105295,55280.76388731606,55467.108338561826,55713.60345143254,56051.360942547966,56462.05687543815
13541.042626218312,13657.783154474848,13826.861108566443,14015.754941959549,14184.474145778875,14331.168200957854,14473.317534392423,14619.184317362307,14768.507770822709
2049.6979244972003,2140.1169115096495,2235.0568154045873,2329.793041146994,2418.6792607198536,2500.3030018824043,2575.878286754683,2645.6740464306304,2709.179255204827
12478.945458600683,12582.352619025638,12741.063724273152,12924.157755260912,13091.91878879853,13244.535186919798,13401.314336547086,13570.782934276862,13752.126352402418
68662.28340132683,68275.72237741677,68178.60965536721,68250.55808905239,68346.72434936186,68457.54280828759,68636.96750041533,68904.25646119674,69248.57213860634
2216.909036704016,2443.734747633423,2678.344357947613,2916.985247011045,3154.2793008761646,3388.5397722602634,3621.700791112197,3855.8958600681485,4093.0867740965914
15306.382155377336,15194.346731533922,15183.383287790359,15235.412281151765,15308.40280810337,15397.932479800322,15516.456606365817,15667.15817446272,15845.979786171916
16038.04419299255,15998.490708796171,16011.835223025315,16050.497741131756,16080.050217060123,16098.914005518509,16121.401948554374,16153.808399231635,16194.629652536156
4832.094576764369,4945.626238730691,5086.028745318004,5240.140673288572,5391.748398877782,5538.010160807167,5683.454409023646,5830.1758172591435,5977.704805555485
32043.5791174756,32510.82834102234,33122.977506778734,33820.390895074874,34527.88481772646,35239.24496129341,35983.29774137775,36772.04921119727,37601.73335645601
20074.33485676253,20118.668634315905,20246.637540754215,20409.404094477777,20545.132927111554,20654.58832105634,20767.87940700298,20898.236868074266,21044.507458704113
41522.52154982316,41219.259880918915,41074.84601972266,41016.9907575311,40957.636145694894,40893.26542488117,40859.56464238724,40870.082093274046,40919.25979728881
35273.03271489755,34970.28742924134,34824.59125521133,34754.59572377142,34661.566061723,34545.965762216394,34453.74028572099,34404.17765670845,34394.17355557475
5799.696493933174,5947.8627241412805,6118.87153671372,6299.76704556085,6474.217943259025,6639.830414666849,6802.103890723581,6963.764453487803,7124.756244875009
5255.965430810396,5466.918588834321,5700.66029659451,5948.003205323918,6197.023154464372,6445.846237137078,6698.576108155593,6957.711075341036,7223.925561126352
8921.744816625614,9157.118257536491,9447.390315846682,9771.28258487833,10101.198047342803,10432.083277343847,10771.55530878636,11123.424809918679,11490.822209663735
79344.63616655458,78072.764870983,77251.83409593784,76688.11017158684,76152.40259780198,75631.55076437596,75209.88640144948,74915.03837705782,74727.93974336756
4798.225601290566,5038.765493097257,5309.399555873732,5600.648631078418,5900.30846616519,6205.989939384849,6521.309456672869,6848.295853961571,7187.210262859476
10227.50131742146,10372.46988100138,10545.212771098846,10727.727663055042,10897.034395385308,11052.511849760982,11204.676080699352,11358.4960268789,11513.76043111901
15171.82718978001,15616.494387975117,16117.607166250304,16649.953041896704,17181.174025245302,17708.187233717537,18243.98156053799,18795.109956967473,19361.543255455363
14578.544464779978,15653.322915208968,16791.57737476188,17957.136949224652,19099.892014921345,20214.6529694238,21323.772933254473,22440.545737149063,23568.08339306864
107346.04013108624,105581.96809960529,104313.8678458147,103296.54787613667,102240.71272867643,101132.37847130043,100082.14578935936,99129.2645763267,98253.70751205321
5018.283693546315,5078.980241516269,5155.09503352997,5235.4593029701555,5307.1190735174205,5368.584173603936,5424.610477654674,5477.589685196136,5527.671168666638
10051.438831460111,10416.80832481906,10819.476369486189,11242.855673478694,11666.200772940052,12086.39554391645,12510.222506361564,12940.994890985061,13378.618597866793
9345.680215840714,9642.932188299845,9996.92145021128,10382.904843255285,10768.908654435587,11152.251495953295,11546.056515068036,11956.379459396037,12382.440465783851
14427.195244246717,15092.056701710479,15836.697774650049,16618.128973463463,17380.040343144057,18117.635326709304,18854.567895954453,19602.69966451446,20362.472893825878
5857.319848995655,6021.277559867577,6228.761649073031,6464.221551126989,6708.313568274913,6957.456940889459,7217.276228159206,7490.496811679458,7776.76993173702
2289.334078072244,2431.164465495998,2579.012969807859,2726.2173782069863,2864.965874729908,2994.770995807645,3119.1531965015483,3239.9770630723065,3357.9712726873977
27042.790746195344,26760.325564922543,26639.949926601385,26606.832034711188,26570.188227559684,26528.640239467717,26520.882305524487,26561.278649127504,26644.60260484586
22013.695054465126,21848.212627568686,21774.228233020258,21744.162542353115,21702.767455254216,21649.632404945758,21608.72722679797,21588.617818291146,21585.98026120158
11662.654604247768,11967.34611203689,12311.057193207387,12672.28905329652,13022.10221160094,13359.132496757744,13696.711761370276,14041.521361899118,14393.679339151322
4996.744003560188,5102.683907845295,5214.349043956351,5321.070448990829,5409.873816947689,5479.734456202026,5535.97713920512,5581.03104812463,5614.682029524696
13972.921804382904,13735.93454732528,13576.964436813447,13461.110440524848,13346.485689316756,13232.442891832641,13136.723339063987,13065.850547418546,13017.255354347792
7876.612740916045,7951.441649161013,8065.349757090674,8197.911840785966,8322.846303773345,8439.07416999183,8558.098460389841,8685.149539576345,8819.683699517731
58582.824897549006,58384.197765492,58473.72228730604,58715.59622265698,58942.012742362924,59146.84084789489,59399.4269004596,59725.952775298494,60116.014845361395
3967.7960454982044,4211.701514405849,4480.823412866389,4765.948270688117,5055.908064400538,5348.097108385024,5645.118218494023,5948.344384979814,6258.147290301956
50368.406024709446,50552.749116366824,50934.043676516645,51406.59847638823,51842.65481293415,52240.86422826925,52658.2215837725,53116.02354974275,53607.09933529458
23994.033971256562,24924.918906460087,25937.56552521933,26966.29507709551,27927.33827395126,28812.51921370519,29655.211827177696,30471.79130487966,31261.928698237007
28714.62524618078,28213.53457726446,27860.875291719854,27598.992973994656,27360.85552885206,27141.70511875862,26964.59823184698,26836.264671544246,26750.164994316394
19067.448037440205,19865.399785896327,20646.275739848006,21396.979989823696,22110.53698867465,22788.534680949295,23435.615206769126,24050.366682617037,24629.918588085504
7639.969103772445,7725.977319846056,7851.289115817842,8002.722652242523,8163.497188990924,8331.136876148757,8510.747125713024,8704.629367332245,8912.236649427698
5109.192262500121,5228.303645445907,5358.40768753296,5490.525410822433,5612.864422941256,5724.694917299101,5831.188361092418,5935.303163553652,6037.705376822349
2678.100943942561,2823.298395548847,2995.521299260526,3188.120448787925,3392.316475634262,3605.4159811691443,3828.9136173863426,4063.713967684826,4309.280302830362
18286.162438671487,18255.769354993477,18321.12065343191,18440.023496423863,18560.40617609259,18680.566090577933,18822.609600839292,18995.443084091923,19196.631510184772
3610.1792389654356,3713.4436043253872,3841.72096655525,3984.123755748082,4126.394160141143,4267.771393946699,4414.448632555376,4569.097475665916,4731.297180099339
47780.91901400824,47883.46322850609,48226.66141308781,48700.28744150926,49166.58712777304,49620.222289097685,50118.74930033013,50684.45644534142,51309.67952762148
22196.987803061864,23007.346997210407,23897.49016058159,24810.580235788355,25674.879608309042,26483.431370264712,27264.503735559225,28032.27530030616,28786.973443627787
21837.272245079443,21565.71509274384,21394.91635234437,21274.43495072708,21143.99172807442,21002.93529840606,20877.43192739603,20777.6056798929,20700.464554741724
14452.892260460963,14762.36180588333,15108.876699821376,15471.321946948061,15822.395657845418,16160.027336174147,16495.351087065643,16833.651015619693,17174.40586045224
12031.328532177638,12124.135823986466,12316.891880124405,12565.4933969999,12814.637985962841,13064.26468926189,13339.799324586877,13650.923627719456,13995.125404143027
13619.468215857041,13643.201510371162,13734.278665640979,13860.116236271193,13980.650620392706,14094.806708063148,14219.988525270574,14363.154006555034,14522.527425135608
5490.421946871193,5643.535579611825,5825.045874868066,6022.146430483715,6218.058510008984,6411.117183680072,6607.873202645138,6811.802598119124,7023.28683858211
5940.334670193933,6366.702941417003,6829.493812371942,7317.877040724869,7817.132849461527,8324.167283929506,8843.607748720851,9378.454179596465,9929.798206966454
55929.8086813442,55214.77745757574,54743.579658767594,54402.5704865272,54056.00466604557,53696.63283830963,53375.43251881564,53110.05459808291,52889.680036914266
13961.463325578117,14035.73863652077,14200.230827328256,14416.706805843382,14639.06149210089,14866.022955412749,15117.471341609404,15401.145261094529,15715.179063093656
5855.919119025492,6015.262801937447,6216.44517740676,6446.64036207831,6688.905318517268,6942.353043717177,7214.422295162978,7508.470594712276,7824.184013402141
7741.494444624242,7917.375274249533,8129.084390046461,8351.884065017613,8553.621101726647,8735.19604030789,8913.456267788064,9096.033333827498,9282.964404784801
4529.451389386345,4639.319165902266,4792.214722525872,4972.220555929713,5158.715190678319,5348.877383194659,5549.593325153672,5763.354606541821,5988.597180817802
34424.042088295624,34367.20607024069,34506.16679820353,34759.98030549759,35027.864109398,35308.11846419229,35645.34257452973,36057.4963446457,36539.94606493448
63690.69018724469,62360.34776915374,61329.48643758819,60465.94566883855,59613.36780633789,58765.9174003668,57984.7601227378,57291.57256700663,56675.15052852832
5620.015392421994,5695.47441401736,5785.853181313953,5880.715889264224,5967.015964686991,6044.534526899727,6119.591935608063,6195.402717126959,6272.309989997093
100453.70841840442,98059.85667660367,96236.96678418906,94750.78528561746,93327.27842109081,91950.93848469238,90720.39860145932,89666.23564645083,88763.90033094556
56599.70184526108,56435.33254595644,56569.528355199625,56881.44366367452,57223.647336601716,57581.061866035045,58002.055921656014,58501.65775674057,59065.455227688755
2282.6798036210703,2311.3774648279777,2366.237312989747,2440.758562031145,2528.039952213205,2626.6710525819353,2737.5059420617563,2859.62857957978,2991.6213818001092
26413.728804611987,26477.59932729432,26610.05901506789,26763.32542993566,26880.374721702818,26960.92296628294,27031.25722536731,27102.3865780259,27172.535671359226
15060.84194737426,15113.079338175576,15245.798807861564,15419.042753846403,15583.003173653358,15736.586277752778,15901.761400239035,16087.729240925757,16292.983282910775
24025.159544540835,24186.71029172642,24424.085367947842,24694.904950552325,24950.49450818245,25189.812965559195,25433.589306009817,25688.84220556418,25952.170569904083
723.5692140163724,799.7536128700636,879.9507680087057,961.8133140865731,1042.5255911350023,1120.689182378978,1196.4241195924074,1269.9729586529668,1341.3585555981606
36960.24693289141,37474.96237899979,38169.406109910495,38965.69481713879,39764.55705815152,40559.90900158907,41392.112121260165,42277.52647281103,43210.57686337965
12912.04192099486,12727.071175302706,12595.020635760422,12483.50173688185,12353.629838974242,12206.373840792106,12060.615065333106,11924.55554525923,11797.744585727927
9395.065479805662,9316.688371382545,9302.660667545622,9325.09771283859,9350.649124398542,9377.301206365653,9417.502495818213,9475.64409046173,9549.52300173216
46498.36929327015,46404.79651612836,46543.14570768781,46800.51603484953,47036.14223519671,47248.2710680057,47499.97581044829,47816.69323792831,48191.97713184372
17724.085595112607,18043.759843709006,18480.849247832197,18984.37202253065,19489.166669131264,19991.758644854803,20519.59337357144,21084.324808684658,21683.872939139652
27320.36587194959,27423.222229133524,27689.3975495281,28051.058383195472,28424.081668967036,28804.48216946614,29226.77161242217,29704.735626756203,30234.18480546426
45802.777578698435,45578.44139428958,45515.34990261205,45528.931951276674,45513.55229556488,45467.20330257475,45436.59343696278,45441.21563518216,45476.64529819593
42786.96232863851,43622.364612021454,44621.69671620395,45655.09910920073,46556.29516651017,47322.86872356646,48032.75648329608,48719.564778671054,49378.98674327088
10904.713618623575,11197.59529553061,11534.401918036698,11886.729325473623,12217.687622959978,12526.384998331854,12830.689000185157,13139.687661424243,13454.293244111454
17248.385580632133,17437.65930815755,17668.891967354586,17908.204262577485,18113.21945047323,18283.422473780076,18438.886848560225,18588.74021989337,18732.523715448515
23332.570767174893,23279.03330317985,23397.376159030067,23606.83736738492,23808.94359116636,24003.406254170633,24234.005729711655,24516.33154958989,24844.55085582964
34593.903800618755,34632.7779848722,34879.7217082426,35264.97172656367,35704.67258507821,36194.76396359907,36771.01443361822,37448.12408465424,38221.00816832878
10676.40203400455,11252.665242823994,11859.472598694634,12479.800736661593,13090.400494041703,13688.909425858406,14286.32447160394,14889.736653729888,15501.373770710838
14651.761508473992,14882.198187129561,15181.016982945932,15516.280190063026,15847.86956180294,16172.198603071918,16504.19751505655,16849.903954316782,17207.354563512854
4916.938301393413,5074.788186454428,5257.135878401927,5453.348584159674,5650.7188705178905,5847.898015372325,6049.459168334741,6257.42338279833,6471.758889166108
17530.699459707823,17895.682145107898,18330.128776170954,18796.32065083828,19244.515601377545,19673.90655406198,20108.168973660984,20558.179078595917,21023.25587764985
24020.375684312,23369.933272785867,22912.31601863595,22568.246663330177,22247.413927648082,21947.07157233981,21701.40962560991,21520.524792423497,21396.82968822003
23132.275431208,23172.269279117045,23327.0073999275,23537.866616609746,23730.76752785907,23905.688775770617,24097.356418379648,24320.159445282196,24571.38740223741
11608.03723356481,11650.098669981346,11772.99690799289,11945.870504572918,12130.759038478438,12325.459242668127,12544.386785888953,12792.242647305495,13066.403241561637
62926.22759786604,62001.67376905587,61347.93999109812,60839.15118318569,60322.50571803388,59793.938408967624,59316.73888401287,58914.88513603114,58578.92566450039
8243.138488726687,8277.684578269811,8315.464108245966,8344.351853923978,8349.801165361621,8333.216564357335,8303.308841605485,8264.126829141846,8216.13710837328
5994.806496142719,6176.051893515313,6384.83935754433,6606.142537792766,6820.585697849121,7027.090413431568,7234.331832313078,7446.782744573285,7664.9531228630985
9120.575579918252,9328.852661738878,9571.869823268607,9830.456543049737,10079.530899886211,10319.070490001503,10561.88408279135,10814.712995325533,11078.459502968599
12057.948228731235,12177.983006140252,12363.200520718312,12581.991856297314,12793.572843680677,12997.222102667785,13211.784807801587,13445.482510996688,13697.265991529333
197.8406536258905,192.17663426994451,197.46207443382693,211.88635236442204,233.90397192637536,261.7552082936992,293.4952746074378,327.54876802975247,362.4106377498667
6166.590785006251,6499.162572552371,6873.431615133539,7275.63729674978,7686.411649871663,8104.526918794376,8539.145785881148,8995.31700784029,9473.913688518478
22018.954033153117,22397.54654761422,22914.892362259074,23524.77368993969,24165.203602627338,24829.466546987704,25541.124422735993,26309.914574240865,27132.132302802944
1717.3422133990423,1810.0196577671043,1913.277972277543,2023.3747842714363,2135.5923433227917,2248.4549843992227,2362.679110453142,2478.619173515678,2596.2553217367513
14975.7532860373,15388.512921611036,15845.876664752415,16318.927664737492,16769.608202011637,17196.62010079985,17617.900362004744,18042.51639747404,18470.91911382389
4030.424894295388,4232.894193167784,4447.797719208898,4667.868913352292,4882.502404890676,5091.098317901437,5299.395476978954,5511.277396891359,5728.42964036291
16576.265429258965,16664.688596985154,16819.026811018288,17006.83076813738,17187.50072007389,17360.491115484358,17544.33025018746,17746.73880374864,17966.165453346875
14771.212254102255,14876.081665100533,15057.660324330323,15288.34215764187,15533.861508408458,15791.000898536022,16071.967446665538,16381.461883763328,16717.21322684053
47565.49627193466,47525.51493988329,47626.42125291192,47784.0768789947,47906.06836461012,47996.25384813823,48100.92637123442,48239.476979856576,48413.44939483779
6384.713750419655,6552.558582389427,6736.43788086536,6924.971309086537,7104.992087705918,7273.701915655846,7434.286585473866,7588.08280554907,7734.830244983447
16597.428782327424,16943.752010689415,17372.59788395428,17840.992979938746,18293.197558225762,18727.03886223647,19167.21804600182,19624.152803056513,20095.494625206436
3320.679028386448,3398.9070424703873,3494.2543288642482,3596.167669572145,3690.982366347665,3777.644692598911,3861.721130467688,3945.3711360904836,4027.800017234585
29929.46840925721,29743.473115892495,29735.25696800783,29840.0163143727,29980.833498373246,30148.943657932643,30368.490503150755,30647.360507920886,30978.930366960965
10850.189938321508,11128.960899173488,11439.579754453267,11764.975466850618,12084.00910153127,12394.230314926988,12703.31528625363,13014.687225737087,13327.661200285786
3600.662102830332,3730.3419400265125,3871.4046928581934,4017.487309414766,4160.725271517597,4300.640773363696,4440.816685740336,4583.380788389378,4728.9424543944515
19897.594215688234,19922.26962835688,20022.084141038522,20156.84153899517,20277.77044586587,20384.1989830289,20498.007849763188,20628.126801115923,20772.628187331757
5198.808372417049,5306.482103525005,5430.346394341712,5561.62250963911,5689.360873719683,5813.8599932742545,5940.039837851957,6068.927089674048,6200.739205411752
5347.18002554669,5343.391778678748,5374.147235024023,5424.707646520941,5477.615896568215,5527.131536329494,5572.492978890627,5608.372450198868,5633.805500591288
4605.080139601184,4732.110994201052,4882.8031759164205,5047.222412041741,5213.103663345315,5378.773525348043,5548.285201798291,5723.4170908428905,5903.922814857731
7746.0087805234825,7876.814287307231,8035.169766513825,8203.656190289643,8359.90304088206,8502.53638734114,8641.51370609002,8781.280801579282,8921.03880470601
24332.449064797696,24406.23773998849,24563.068180352628,24757.401264073982,24932.618500155648,25088.605596785583,25251.97311284303,25434.01746376241,25632.956491091332
14502.844976383767,14689.468481795902,14926.45125187129,15182.026283649831,15416.493965159216,15628.160922126259,15833.992663573616,16041.678027597596,16250.492011697468
29724.28703048865,30142.865189734322,30690.746275345104,31302.027481090332,31891.525782382814,32455.906822160407,33032.66971640656,33638.12228544406,34269.2110683869
74619.32152170403,72617.1716005631,71149.15286924837,69987.82271948637,68869.74239942453,67789.42872622331,66851.26528337356,66088.52955625096,65480.52544996168
23444.744864164928,23953.974177890475,24581.945775538657,25275.927783532894,25966.23947206942,26650.08217230201,27358.607320669387,28105.572964899588,28888.780235720435
1500.8211035458592,1544.7726804211832,1595.0818921715177,1648.5651120146665,1700.85975953735,1751.4894842348328,1802.0627885131585,1853.3326763841308,1905.21255581607
20253.16538463835,20591.59257752474,21000.024724123097,21439.02524157484,21857.798614405125,22255.41746971822,22656.363688347134,23072.996717281312,23504.834310422444
10365.34274450781,10577.726503223965,10822.958270398292,11078.237543702144,11314.17182241218,11530.133420376918,11740.007085277606,11950.267366705712,12160.67405571067
15661.677662905495,15931.95043427263,16269.947677311198,16638.29006900776,16988.552381837024,17319.634561461688,17654.241223572564,18002.71124070651,18364.280743815834
19634.028162195696,19492.84113391643,19458.916297678003,19478.571864463305,19485.731196911816,19481.231382207665,19496.115992830262,19543.203098557235,19620.645989108714
36126.97225967693,35605.04789319344,35274.192526929786,35059.86729105148,34873.021763908306,34707.84373739855,34596.56860427343,34550.001585867285,34560.757264179396
6171.51968353768,6257.752205906624,6381.186781112313,6526.563217744056,6674.731190091283,6823.861668137684,6980.978035886192,7148.853012960231,7326.381484775506
70644.4535132211,69874.20904211163,69472.7518619281,69244.3245838665,68949.37823122162,68589.5610832704,68273.97330174272,68044.13565159169,67887.77198550981
35653.06160942362,35370.74712367414,35345.519368297704,35450.36865273829,35532.58307120761,35592.16527183025,35696.70016337315,35870.536753865475,36105.22423671334
43371.332282641204,44235.67447419183,45358.64925366706,46629.85135955989,47906.950416727814,49177.07104949273,50492.98170445091,51874.06526206848,53309.31462085844
-741.6519262808054,-568.8453016312592,-429.0298190538255,-340.7910010512523,-335.8732958642378,-360.7533534392702,-360.00128983640883,-327.0997218734363,-263.6175110768437
29188.76794516586,29473.354472808845,29935.52456108375,30484.234578122123,31001.701032611298,31490.007881012858,32007.815579467337,32579.554262229663,33201.883685557616
6377.0813087903825,6143.326556988621,5987.956056271876,5893.165314692805,5839.989306497644,5823.31657027424,5843.898661615275,5899.303729536899,5984.79902683341
13268.920371974407,13413.116265038938,13622.998246154591,13868.901432793917,14113.806024895026,14356.35899929948,14612.180161922117,14886.695851476923,15177.851598950057
24576.665297334133,24873.455968707884,25226.601957411465,25594.66930339439,25923.72520400556,26213.938846460573,26492.06535859522,26770.86753660416,27050.009899984467
9354.608373012037,9522.48419172773,9719.458884180534,9930.629941117975,10137.23347293885,10337.354706059572,10537.78229285823,10741.214944254787,10946.75679069695
-5853.332283808466,-5783.709494901327,-5752.365291035586,-5746.110900724985,-5747.753869294574,-5756.094900378075,-5778.4970438299615,-5819.198071109257,-5878.950214688583
7981.1382993868865,8154.338891112845,8347.285186502368,8546.699711758578,8735.941316549406,8913.940043057924,9088.092208579837,9262.52138884173,9437.90205720228
61111.278673700035,61017.18000397734,61092.334540087504,61217.81199666058,61243.68246064614,61172.55324968744,61078.08119169494,60992.59474767083,60912.565985426256
36692.86391804814,36642.3504394495,36747.31099367994,36923.07505957483,37064.61596393625,37170.740214526624,37288.307017955995,37435.86021519967,37608.1920451624
6088.096499724627,6348.042858044774,6648.199194921085,6978.322933010255,7321.02328840336,7670.197269865162,8030.42880315901,8404.78737972879,8792.9867695366
54228.74591320075,53451.51524178358,52969.752429941254,52657.56287378095,52363.88041186572,52083.87595193611,51878.52909011,51769.48699574838,51746.215471589974
2867.822380473667,2874.129147637705,2899.0077822288463,2934.045498339579,2968.107494747268,3000.2537475212152,3034.752035844695,3073.4657063480627,3116.068827608687
2890.3678192404277,2976.846996849201,3070.3938829759772,3164.404159018565,3250.157088540735,3327.5886686688345,3401.1097225624007,3473.156778948368,3544.3302407602932
76612.56661578956,75412.33298176671,74622.88656935832,74057.9418304443,73495.43562646645,72922.7370306022,72421.71526940067,72018.43456009762,71693.52669908585
2195.789371865534,2288.975761904344,2392.142160131055,2499.3814831260906,2602.299511434289,2699.9017264373942,2795.5479568342585,2891.1293284812696,2987.010912551274
25161.381974200747,25594.153588015215,26149.117285518438,26765.106667288313,27365.079177418997,27944.529769030265,28536.70068188352,29157.087520128152,29802.961526263338
4671.040516173525,4789.422004632617,4934.1763205183715,5092.056881582249,5246.038588848812,5394.587111814731,5544.738933315733,5699.776361954158,5859.296237497752
7489.995830844392,7610.811726639344,7773.783095242065,7955.896816343418,8128.572987531596,8290.861588105538,8455.395221467625,8627.848088040917,8807.536026913218
13679.316028771644,13843.507253494452,14059.6115064502,14300.140944701938,14530.20847541587,14748.015517288963,14968.3511236463,15197.75043001041,15435.168970335482
27379.17065206821,27971.354623994022,28729.086308033795,29561.19818584454,30350.10546454899,31092.132933071178,31839.782451449897,32614.52774661868,33412.24995960142
17225.318952282923,17482.179053685777,17794.27728558869,18131.24873520253,18453.818553187277,18759.59787091829,19064.74589734926,19376.37667696297,19693.097792049688
36152.17540055587,35787.670412200554,35554.50530237198,35390.307598675856,35218.94156099978,35038.559023954724,34881.65702821383,34761.56756887967,34674.84773673472
19273.848218126852,19197.02191919024,19208.259072433593,19257.079776953135,19281.84899936209,19284.613173617727,19295.694638500667,19326.789398008463,19375.309762397934
20737.665333768833,20805.685726507785,20944.43366661411,21112.54597838887,21256.155912922193,21376.2319230651,21499.729498831362,21638.612137467953,21791.71801961613
14900.900230025776,15540.098334344093,16241.697216839126,16965.8376841083,17659.241057634135,18318.124296011738,18966.00252113151,19614.525200070533,20263.940375774277
6315.675792069437,6564.870670242594,6850.3546392990565,7152.3390259433,7444.303486617227,7726.220295901592,8011.847664130993,8308.446523580922,8616.271697751947
20233.29004996273,21154.812695161465,22181.63042773584,23261.543093863253,24325.554937948775,25369.496780631773,26423.31533468975,27501.520515166027,28602.4319307742
28410.195346836914,27967.609341300184,27677.401082817858,27478.874097761323,27300.079412078998,27135.63343230279,27010.664806547004,26933.582049257904,26898.6796171842
19788.77099025949,19711.07537880792,19735.00423471144,19817.378791287185,19906.56102381675,19997.438459376717,20109.93604487267,20254.48517971014,20429.16378601258
51878.87321803695,51363.045413036445,51146.498342351944,51097.34990783984,51055.57300292596,51016.74710002775,51047.3614221482,51171.968563460534,51380.51374267798
43540.0848882057,44071.862690013186,44804.74139073605,45639.57125642896,46451.58065139601,47231.63295664214,48028.238303214785,48861.04194586563,49723.68449424174
9896.103979911364,10159.017793783578,10454.816240860393,10766.070658862795,11069.070895954825,11361.780711483258,11653.765390351055,11950.048210426958,12251.163792322655
37211.60175834122,36621.003729162,36271.267689866836,36069.21725029995,35907.986280218814,35777.80418312615,35712.59711512043,35721.098490358156,35791.93705215173
3873.796444778976,4093.450811150013,4305.166410298532,4504.729795932762,4687.727670990063,4854.19557422925,5007.6260531537855,5149.614958536427,5280.640084131701
2226.9680949103404,2255.356192247837,2294.0209053079257,2337.82135704337,2379.9830764800768,2419.571023321241,2458.84660455271,2498.841992035513,2539.3203341229923
4300.244287739164,4215.469964633959,4160.846424682011,4127.85306459312,4110.084745467151,4106.900649659585,4119.296246742145,4146.188442691156,4186.330750228199
23116.286981138117,23220.77698562711,23413.342932787265,23641.602049611236,23839.474236446425,24008.90741716489,24182.50870947476,24373.37872150833,24579.18188036675
43649.44622453759,43458.65116223636,43433.761330271416,43487.40039312633,43512.98180976098,43504.28957219394,43502.534337298115,43523.66904905962,43561.31667352399
8860.982883824032,9001.345997855931,9176.32540728747,9367.546723626554,9551.596701906012,9727.75382789698,9906.668039698676,10093.242449011754,10287.227130756513
51422.13449431294,51350.838247029205,51574.93003678982,51957.55487487525,52329.29470403506,52687.89885533117,53108.87901538358,53622.66975751073,54222.33092113834
13275.34995744658,13311.82147432397,13408.341291683113,13543.183198836328,13691.104463662074,13853.63861805257,14046.725249831825,14282.752772100399,14560.106413410842
79442.14037102628,77250.21568800218,75609.1113841938,74290.12467813423,73032.82190307944,71807.06068603402,70689.22983752891,69696.31556035772,68797.43598258216
23681.26142278393,23514.40838202785,23473.912053900094,23504.047696544465,23538.065284663455,23572.493091740296,23633.242258973587,23729.756705202624,23857.826915170685
14865.452515047882,16231.966142785757,17653.794605552263,19093.4486204417,20500.746141786392,21863.70004470133,23195.9410888316,24505.127016752747,25792.125116654523
13887.809734000824,14573.1551576056,15326.052637077702,16120.021234229975,16919.268904774533,17720.17134799919,18537.03072458683,19376.446762815056,20237.750830699813
10496.586239998562,10722.3170177663,10987.571333825299,11273.338806963835,11555.172306956722,11831.392129933136,12112.090932130666,12401.7729187599,12699.932101639362
1532.480953197789,1595.34327998069,1661.684745683011,1727.2503524970064,1787.2318181261512,1840.729638960867,1889.3516963710433,1934.0971955432703,1975.2460531651343
21956.62229821171,21732.961860242718,21636.59606861653,21617.851562782656,21625.02160986168,21652.005861837428,21712.370095381433,21807.60804437553,21931.898447063693
32589.812168837183,32444.327874941573,32468.57896118565,32579.880754973477,32676.606865083406,32755.5310686789,32859.06900268004,33003.56440180733,33183.79456758775
11038.487051181935,10910.811337078389,10831.497024071123,10772.975791606756,10703.107589213849,10619.590225428985,10534.066021136972,10451.020162838431,10369.13074731146
56016.896952243194,54994.97832932605,54294.338684508744,53758.711018224094,53200.94904376782,52620.71352152798,52099.4016372281,51666.49022625392,51310.84602743936
20221.878348384995,20164.584879669324,20205.361923481625,20290.024102306554,20354.008317696087,20398.551735667323,20454.30716178954,20532.941961217097,20631.5948187807
20018.551329034774,19784.840638026857,19648.812629977598,19560.798091992772,19461.655754053798,19350.01340278974,19250.203320084234,19170.872935602885,19108.239943869034
11937.838646124199,12172.541872191472,12477.74459133916,12824.299935591376,13174.226753481482,13526.300824301341,13897.631941741816,14295.757064386611,14719.789150241611
10086.521973925472,10337.531805678165,10646.772553046876,10984.186384161603,11310.85700633779,11625.895944780132,11947.645866883162,12284.261194706605,12635.171257569285
94382.88833077416,93718.80990649732,93489.77672963717,93513.13032473529,93566.08752780319,93629.22099444896,93778.6452436191,94037.87030514971,94384.19919376519
12528.116470624465,12768.022410780508,13055.056536712926,13364.291600858664,13663.144948054854,13949.653368957484,14237.570565878139,14533.05088632187,14835.171621573545
58249.03282844311,58240.02222126271,58445.95714764516,58759.804942473354,59053.28515873155,59314.712488997284,59589.035291213244,59892.952415112326,60217.44027210735
18322.666156337295,18045.343990935587,17867.54609098181,17745.3190761789,17626.177086463642,17508.66098237804,17414.327035984825,17351.331858408546,17316.725238960636
3849.1550994187814,4000.2123098425886,4173.597910987585,4357.011574895629,4534.1435853951125,4702.071730312222,4865.824594961281,5028.119674982173,5189.16646105774
3856.712274406039,4032.2295524585534,4227.052061554026,4427.356066458683,4614.368472710729,4787.354196795339,4955.744979684245,5124.668536509004,5294.841806458635
28261.742792898818,28113.797801631383,28112.70652808347,28189.654949877677,28261.66676246066,28325.73726905302,28416.310237647318,28547.13231156388,28714.13667506089
9534.914892490571,9750.873739086017,10011.742129736473,10298.60867102811,10587.835541585286,10878.027015562142,11178.771979452371,11493.848463232544,11822.3936979762
2098.313867044347,2239.681041167642,2375.5708379846164,2503.5495272575768,2619.623890269735,2722.328627821142,2813.891698080977,2896.7705744500454,2972.391939217092
4200.108053553763,4412.581588385509,4636.451686728319,4866.740307394895,5098.52269493262,5330.443458997115,5563.494367473123,5797.491799760495,6032.957260888712
1176.0952771762973,1240.2314226754115,1314.9226570276282,1396.7781171304125,1482.4462677929935,1569.2432122641542,1655.4449343921149,1739.5257251880132,1820.1089937083445
1880.2203857963807,1929.6339615486866,1988.0594744031034,2050.767514389176,2111.6487815442406,2169.810874853346,2227.101540797884,2284.1087654732455,2340.2670442379303
8614.540706652666,8798.426254903925,9031.649138625433,9296.274563621355,9569.163416169025,9847.561399195016,10139.656945419656,10449.047796396202,10774.869085015072
3251.3211004554205,3324.1091395382423,3411.1044325634734,3505.3633404358366,3598.3487639586474,3688.626589705048,3778.8122659823266,3870.1920534439873,3962.66260724007
11325.15975879728,11529.74779450476,11760.210540692316,11991.958427672504,12193.538752660013,12366.195550976563,12526.889437387506,12683.134982288573,12834.687357877816
25795.350254401474,26183.320007546583,26650.769499024438,27143.91429497707,27594.07888017743,27998.765527951688,28388.226420302486,28776.03774115963,29160.60919443357
15118.348307316166,15885.631792422459,16720.926387810418,17577.486775109177,18396.682388062483,19169.204884057148,19915.10556076632,20645.629618918578,21361.82542362648
26826.234128393382,27068.310954920147,27429.746685414666,27848.997901861916,28247.954965902216,28624.01038432526,29011.396378800462,29424.68302908822,29861.05123082384
3112.537953476919,3198.9568910970415,3291.974258191694,3382.9383834745445,3461.099877650295,3525.1132505375076,3578.7380187241224,3623.5017821412653,3658.8877916891474
1862.189077967696,1966.2312462860416,2073.2275054382167,2179.2391594769097,2279.791237512946,2374.3991017838107,2464.875501342858,2552.463768820985,2637.960224123453
1742.4421281794712,1855.1868907492137,1976.5893750783862,2102.2491368338037,2228.011852908135,2352.435873825424,2475.8288331767512,2598.618713156004,2721.156483422489
2990.95917628716,3085.0387906140522,3184.6979196905595,3280.8363116948317,3362.02336096347,3428.386924908185,3486.03644091694,3538.22074205465,3585.679050325801
19154.45507035026,19120.258962572032,19178.975487841406,19292.15957500844,19412.121161294443,19536.07199917111,19682.73695893172,19859.493399637016,20063.65617620984
64558.87569671275,64396.82546063465,64617.845064133806,65051.645758301915,65490.08079623888,65922.13281422446,66428.67062792223,67038.0079840661,67735.28431182164
34015.495558602204,33917.73182865201,34047.1643659356,34304.57516391304,34569.60064182214,34840.02519728836,35165.757462699505,35563.789470309,36027.0432795368
3735.8678341428977,3785.6855655216687,3851.9056389644575,3924.770998785606,3991.5477704200434,4051.630425490603,4110.141068827786,4168.420879458399,4226.094586019758
16659.245655345487,16730.573176531416,16889.45044606802,17097.72526513497,17311.159708051593,17525.802090324138,17756.944353811785,18009.06252723498,18277.845140324072
61902.35593933133,60506.46956488947,59474.914069508464,58654.59300828338,57867.96509559816,57107.1464069076,56438.757890614535,55884.40568711052,55429.84370573662
2513.1899826308436,2538.2274283894353,2577.0815101574026,2620.8102071786934,2658.6987769887196,2690.4946742144493,2720.866710496068,2751.5600070623796,2782.1087468010455
27515.87211137087,27370.683074820343,27325.384831359897,27322.13208382663,27289.1025340325,27226.22658225611,27166.84589983438,27125.397109047375,27100.22165617586
15820.475826943431,15921.106365918618,16109.992379032317,16342.443481804861,16561.892677376156,16768.284234798924,16988.201542650877,17232.763840243926,17500.276169381345
2783.248348055493,3194.583448264517,3599.3370682634413,3994.6119101115705,4375.829882206944,4743.412688605963,5101.719530707352,5454.462795012237,5804.1804544630695
23317.82957442752,23072.196274251757,22955.492976302878,22897.94492459272,22816.22566629784,22712.309979088954,22625.05022765358,22568.9098360127,22540.03700711635
3805.957253505109,3893.266976058739,3996.183776677657,4106.733846146753,4214.283454633497,4317.35168597445,4419.788970836122,4523.498337077344,4628.143286557316
25434.153752885468,25690.55478337943,26092.949606619666,26568.521575327857,27025.000669307447,27458.875189905437,27909.590972630096,28392.866951212643,28904.21269435417
6515.928900974731,6574.2987387121375,6666.935794658456,6776.514494618619,6881.526338834582,6980.037934913846,7079.751489184326,7183.259116692393,7288.987555348304
11502.688072317962,11571.294380703242,11708.316857764703,11878.498003109775,12037.741408445541,12185.131941368156,12340.325638036875,12511.653707834843,12697.741186313051
3121.802437598359,3308.997708033913,3506.249387860727,3706.3636190421093,3899.0938882486694,4083.145589103538,4262.715496277464,4440.691223555428,4618.285790421231
9438.678769386368,9537.490912828665,9674.164926920414,9829.810932608216,9980.70651608012,10127.571552810072,10283.336386296967,10455.014949685692,10644.356377402255
5515.246460562787,5661.440929916739,5840.32233293118,6036.8353310295415,6233.42383723869,6428.246104392835,6626.767688434929,6829.355977583077,7033.773019518298
874.7692672317776,908.6499947965333,944.8420851150341,982.0915994614719,1018.4515070198515,1052.9854957262846,1085.9032754279522,1117.6793469950028,1148.5049318249473
65813.7865063073,64480.99515028899,63545.3010399381,62834.825712420396,62148.3487291835,61475.25287910629,60888.7983961555,60411.22518074501,60024.10378628978
7521.886665608674,7765.764887706054,8018.990080389933,8264.016732170958,8479.53326691079,8667.318055722784,8840.13778165306,9002.839205764016,9154.842910458887
16885.709388970787,16741.594753479145,16671.696252536873,16640.113399480793,16604.567129919844,16562.716612629632,16530.658160945062,16514.109789547365,16510.263222154943
62783.13211956485,63311.47810220012,64046.25904294599,64852.68398959356,65562.1491019594,66168.32153559751,66744.8361509237,67324.31835075357,67902.00509970241
46876.437921037934,47296.9545418028,47933.0426363586,48677.96780356896,49400.858701467696,50088.52276177265,50785.63071673899,51507.751504076004,52244.43904276041
23175.995645991992,23170.430606746824,23279.892296292175,23455.265478617952,23635.560456791653,23819.111881051278,24032.399884886676,24286.413445515947,24578.663320647174
27898.40621602466,28642.786709667238,29490.346759744258,30383.601308422396,31248.006750934645,32076.20894072188,32895.95436912081,33718.197024201334,34537.959089565
3287.93702096582,3422.87044348193,3562.196984053157,3699.0623834009525,3824.816336377302,3939.4161553502454,4047.359253719789,4151.616400207504,4253.592113547733
11128.498736449988,11302.035678723434,11526.830918760537,11778.401141505894,12025.403615982908,12266.339580963187,12514.73850717219,12776.65574803085,13051.35793175222
1665.3592359957465,1768.889382161525,1885.5508838693959,2010.1715495388012,2136.316019424747,2260.765469620168,2383.180634690477,2503.197519553011,2620.030448216835
27803.400433940395,28258.965363206324,28864.424565415353,29548.916956743382,30223.09036813605,30880.711618735124,31557.109787072157,32266.49415609493,33004.13185419356
22109.200477882787,22350.552779922553,22691.828604193932,23073.65255960591,23422.750958187524,23740.79862651038,24063.932006930565,24405.895088144614,24763.403627887823
3903.4361850156993,4103.888952126112,4320.694234109494,4545.691263409215,4767.769632507711,4985.185391033181,5202.28908688389,5422.078878771692,5645.739428063974
3705.9032866708058,3911.9520658365295,4130.988353000254,4355.77209683769,4576.852442513486,4793.007077031598,5008.368375969223,5225.961228334229,5447.505234430623
9262.474096390728,9432.284036404466,9648.388760096344,9883.966551310137,10105.800826598617,10313.16747916183,10520.8890447227,10734.293670330471,10951.525074564164
11946.454512539163,12222.457171711072,12546.978446215231,12892.361127919568,13223.293253364676,13538.420525613945,13853.960197868266,14177.514319247288,14508.92355580624
17148.701827154386,17152.48082244167,17239.624248994918,17367.44430619806,17482.68235822319,17584.621485405005,17697.257185250935,17830.68880044839,17983.1790462139
7275.735963408154,7488.615176297298,7734.97143475434,7999.453055567783,8261.912273311515,8521.056191845719,8785.648648008157,9059.98075575271,9344.021152841831
13070.04782923623,13122.604256644987,13209.42379314832,13302.438856400313,13366.867228352407,13404.842056436033,13435.303254044182,13466.563593502276,13498.393452313152
2715.739577437563,2748.6023700081896,2798.0644845870443,2857.533803345935,2919.3475656409723,2982.3525087039798,3048.875275694328,3119.6632323741974,3194.208552877456
28148.141917412915,27991.757170385034,28017.802092828904,28160.761583112777,28345.837480552014,28561.582733321782,28826.550100046505,29144.117650348726,29505.036314224635
40944.149956368135,41056.58332831841,41403.22626682071,41882.02139380828,42367.10446264773,42853.28082387433,43393.203578921035,44007.97717684879,44691.197891997486
28676.67973496663,29106.535357192704,29638.973480242064,30196.55944582309,30681.845802767963,31094.089475881858,31480.00095543851,31861.056293503883,32236.534711973643
33007.27722516986,32469.03778941207,32137.490773853337,31913.666594518796,31680.551202536768,31439.59702758449,31244.675011452415,31116.42861980088,31047.042993633448
35598.6611365979,36613.173843969336,37789.851538085415,39037.69183859528,40238.79477217882,41378.99042015322,42499.49827228068,43616.96095655825,44724.537336658585
26246.553514798805,26337.134868079567,26542.87438738148,26807.33099162779,27059.46671347727,27297.681157948467,27553.36585041189,27839.37006714867,28152.526043520353
6735.709505741195,7082.203256180398,7445.948220704409,7811.62912739408,8159.5247770986625,8487.967649262548,8806.152497450164,9120.586552806764,9433.506504287378
2113.5351342781823,2183.774204633621,2265.874982411081,2353.0317371897413,2437.4994356386164,2518.630851023247,2600.2091978134936,2682.589982434511,2763.6781141690003
36815.75359061913,36901.30360885539,37223.17344262611,37654.7192195221,38036.044018916895,38377.66454120324,38764.25322746241,39225.68910730383,39745.84450270549
11553.198500271183,11799.82389912095,12101.323519213782,12433.45282536143,12765.157795194174,13094.361782028582,13433.966440147322,13789.91807404575,14161.71163307848
2852.2864369500317,2955.198689849812,3071.5859831097523,3193.7871466630745,3312.5052576088783,3426.3496679503755,3538.5639553350125,3651.1604009085568,3764.860732357753
22738.208606931275,23185.685747819258,23772.984666681125,24440.28638061565,25112.06780833061,25783.42728561341,26483.509221198983,27222.642400867167,27996.392269854667
33109.77879104296,33266.292649747076,33571.50119339681,33944.97009332322,34287.90159028467,34598.46679807841,34920.533155898076,35271.37348579132,35646.22340470364
22495.688691709667,22701.06111973363,23004.708269876795,23361.9317406585,23715.826861489306,24063.759180721918,24430.026022121772,24825.125926718614,25246.93265358947
1347.9410588143985,1413.7676880148877,1481.4063151281428,1548.1604586211392,1610.5495748018918,1668.0167892282589,1721.812478975791,1772.8609217559683,1821.6405984548712
6753.333929272616,6792.176445162358,6854.983794219456,6930.199775050048,7003.522896318005,7074.3326874880995,7148.847658699335,7230.203849818451,7318.678608642777
40457.679326239304,40270.977583689,40214.14020939736,40220.56663117394,40205.7746771431,40167.19653269705,40140.54911391041,40140.17901756785,40161.404407763745
2562.641682923652,2670.6518996829154,2802.476611643235,2949.4119396697442,3100.151761612458,3252.5959506271315,3410.1776025794497,3574.4438240410796,3744.9425845003493
-8533.78331227476,-7816.453651435796,-7148.2314672755965,-6509.577172709235,-5877.365000752904,-5252.111046099354,-4643.0085953477965,-4052.392130191961,-3477.139481939953
51670.60057193791,51306.50186864446,51146.18847014954,51077.11296057142,50959.76751005647,50792.75160200935,50638.1571789414,50521.15148166577,50435.47837223161
69362.07928515588,68611.27505487303,68280.3916450509,68189.32042633544,68120.79773610133,68070.1515195865,68129.25562563319,68332.52290799905,68666.78432616281
34999.06072035752,34337.99298932999,33878.622051006736,33521.179655137654,33146.532279135645,32756.688906196334,32405.608966230637,32112.76941399977,31871.457495800445
46625.128695989886,46284.3682682547,46182.00480906989,46193.556452533725,46170.45305093584,46114.172946503175,46092.749855083144,46131.483754097266,46222.739311033445
27238.769455273636,26799.14531103397,26486.8328913067,26242.622718144874,25994.745590084516,25742.190989644852,25515.73338378106,25327.14523572318,25172.42229901565
10041.812140801103,10116.182830806732,10244.375730749924,10402.214628212261,10558.977103438989,10712.016143491093,10873.572736289334,11049.37910077841,11238.141344277992
4878.962319496833,4969.060147173432,5082.447692845067,5202.769667178334,5309.5432031949995,5401.78560591177,5488.0410007503315,5571.9504298472175,5653.3385091361
13976.002162055032,14174.462298560507,14427.617907656066,14709.586195491283,14987.614457125172,15260.394822520215,15542.629513365318,15841.4656366833,16156.896642299822
14376.378958742576,14705.396842677425,15090.040152155425,15494.975346680998,15874.74558797443,16228.586009217846,16578.63597165451,16936.03996184199,17301.811508645074
23024.315722145246,23650.54127873932,24398.901357301853,25221.083983959506,26055.604116997278,26893.216940728114,27752.875308975566,28641.78448606537,29555.671482813825
9729.88198014971,9979.171026524527,10270.744350606124,10581.269884696845,10880.14774543643,11165.58593523325,11451.075626555208,11743.003653200922,12041.10051955213
5576.160680713592,5634.633158870308,5730.895440590825,5850.541463791688,5976.80844822757,6106.855901652505,6245.129605160903,6393.079761709451,6549.498969270874
61683.0569659401,60912.64954703747,60414.26409466821,60061.172767025986,59703.86053197047,59328.14163571525,58982.43351320894,58680.83690912227,58408.44278719116
30537.182171109034,30792.34252088512,31190.49036801222,31661.426679273187,32115.167843314986,32550.61455985139,33009.595926553404,33510.222584677205,34049.71209021305
9328.596204150903,9222.827853249773,9193.828217353375,9213.512998154047,9249.574827889875,9298.118594986123,9368.297203824068,9462.168348529109,9576.395268512073
38572.745763037405,38437.304042189964,38546.53994009429,38780.03102363475,38989.095624969865,39173.491562519994,39400.066035727315,39694.14604018874,40048.30370668773
15034.382657094522,15180.308410427442,15395.099938964717,15644.838136878541,15887.557957190289,16120.01705924353,16358.232370372903,16608.71380758232,16869.642662820726
10156.472404198446,10194.91270705278,10291.137430904073,10419.425734239823,10547.971805183844,10675.55855949148,10815.795530439902,10974.580610986393,11151.351574960734
15084.899735393765,15016.300552144245,15036.71462261577,15107.374705825288,15183.352805226954,15260.88084252973,15355.330277722005,15471.31567518674,15604.716263519866
32109.35873752029,31721.53570062795,31483.987572674563,31321.346514859244,31142.904837539627,30945.812449709167,30770.257711990707,30631.193308896993,30522.114205703834
56154.66054994379,56139.69081719322,56404.55378199873,56799.796006229386,57141.582651858305,57428.16585767096,57742.67313781034,58118.651104033575,58548.569451628005
42827.231788089746,42692.88560817324,42845.658958472,43152.64116940463,43451.24274617673,43733.07284242919,44063.358616358826,44466.05142517211,44931.31136099388
6808.635752643535,6805.288782835235,6842.166936934863,6896.966458662906,6942.3238287804115,6977.614200315489,7014.831987502833,7058.761626616977,7108.322466831942
795.6340520932255,889.4931918994855,994.4165648017276,1107.6210634292916,1226.1710630315058,1348.077027609826,1472.3138640432583,1597.8562320093781,1723.8147296457084
23704.91348023745,23402.637499217988,23237.975390654923,23144.322688621727,23042.777145085052,22933.369494009614,22850.51168442287,22806.28159509366,22795.797095043003
46542.04918390085,46269.35244896778,46248.45441491141,46343.216601601605,46385.8616998133,46380.64507758161,46408.21893289588,46499.35291281239,46645.992847779096
10744.328219699866,10630.921800793394,10573.231686319448,10547.937817867041,10526.942047344874,10508.93641685938,10504.844628893343,10518.775840864222,10549.044193636666
5494.590826948597,5617.286874564864,5761.7621573141,5915.2839815931775,6062.545561092217,6201.467170011771,6337.0077024317,6471.090620279587,6602.872735245982
4603.578744210087,4787.141590092138,4967.41145923349,5137.793859924253,5291.327671950911,5427.763124595362,5550.388741402247,5659.815261613241,5755.164527642951
12730.753109800482,13184.303166240941,13694.641015707124,14219.584695449808,14703.557486747697,15146.435491557515,15576.138930372099,16005.664885519986,16435.483894080215
1765.9669120923734,1829.0143229097657,1894.6204572352092,1959.211690716402,2018.1814347465704,2071.4785409640867,2121.7858461792134,2170.870654790428,2219.4407534012475
33577.01810337076,33510.46376357602,33616.59581867441,33793.97812443692,33915.304727474395,33983.49242849451,34060.2822519733,34169.71087431232,34306.30827036276
11083.697556197858,11708.236505743107,12368.061033456079,13037.843044421255,13684.543210673188,14303.409774908041,14906.520002262643,15500.581088908115,16086.274662055364
58436.72689635102,56985.78463542512,55823.44980885265,54824.46046411596,53842.29588173535,52871.409978328615,51968.00574267418,51151.197631208655,50409.91656573052
7724.114433470321,7922.401160273934,8163.520096083998,8431.602960672959,8706.814263006154,8986.161334755292,9275.56920922705,9576.758387009906,9887.838479093007
1977.17048693252,2029.5572278641887,2084.8566005697903,2138.456808790889,2184.602887871175,2223.340523422377,2257.7768827049904,2289.8633807235465,2319.8258968613954
3466.644960721332,3576.4628276557874,3712.6449068133193,3864.008872121807,4016.0997683914857,4167.048323128504,4321.974122276643,4483.164221845726,4650.231271810958
27414.274133028994,27323.95547421288,27389.91179110406,27559.145575386883,27767.715407445063,28008.490968334565,28301.579682217456,28653.089471472707,29056.819364813673
4054.78244694328,4171.702467637878,4312.146418337286,4462.159920974866,4603.182426497213,4735.236601372011,4867.447804460767,5003.8659492428005,5144.318968306346
10757.205587905488,10764.09970280967,10824.642766895775,10915.38222077841,11007.2638854453,11099.550925865193,11204.94662963583,11328.772717860458,11469.9695440114
35145.018374104315,34445.255824779015,33972.797787249896,33638.10071428394,33337.105410082004,33064.155412768385,32857.02598273803,32727.34297320705,32665.80668266874
33564.56944091759,33905.51079410912,34411.95273091166,34998.02867949606,35556.596868289555,36091.08735711545,36656.53971292767,37275.83823871755,37945.39035489466
29117.39299188734,29130.59734962286,29300.205976619698,29567.611907860835,29859.85303555316,30172.526706980323,30534.04510818035,30955.23152890951,31431.241432243587
38832.84772646208,39287.67845341155,39985.78647459982,40808.9108447129,41607.38213959493,42369.77395743499,43152.12770615179,43973.54971648411,44822.156385010036
28240.975895333613,28887.503576395877,29638.52534680038,30423.520348861875,31152.175022048585,31832.639033836134,32520.06426007361,33240.2845314474,33996.30387184598
1959.9326329040757,2010.5143333310484,2070.8426354755575,2135.605330368716,2197.806870853733,2256.868996002049,2315.752229596354,2375.99273482565,2437.7529624623617
60001.35311395366,59883.525315991996,60004.70585846117,60232.33947568527,60400.69786048977,60510.15128472318,60638.36670368729,60817.73926695145,61042.152480124045
24779.40609172107,24955.69205232528,25270.645473655,25647.01191986414,25987.72106647762,26294.183501693242,26613.55742820623,26965.304255015133,27346.6855145558
6588.14471572512,6604.449606319033,6647.1887267112115,6703.565702371468,6757.657630154009,6808.600146607396,6862.968521401937,6923.5729044898035,6989.758317480016
17082.846916262493,16922.90693125419,16872.461081942518,16877.39578090016,16873.2310858089,16859.76533483705,16865.15004692299,16899.78964504497,16960.204599353918
44552.01941368703,43633.54623161401,43039.88363448841,42620.06774329803,42198.99887869827,41777.05422882877,41428.29759847103,41176.00668227382,41006.86797385154
44508.32194562707,43751.558917941285,43208.85555773653,42791.634213326615,42395.09537374645,42013.69686601213,41686.45605795867,41426.22632172506,41224.29886758505
4334.9556779851,4429.116403179465,4539.3580991251665,4656.632510560248,4769.606720516885,4875.833835575708,4977.876747565751,5076.525669387852,5170.7041475693195
27670.71598321365,28583.425205246567,29637.435482137604,30771.094335483318,31904.887449162707,33034.31329044886,34192.14692296259,35386.90964480545,36614.24072009523
69872.60225401523,68770.2256829211,68075.05866842785,67598.79059178678,67119.32065491473,66627.0842072998,66207.8318510635,65891.16573063775,65661.17283189608
1473.0178305066265,1533.131412707933,1592.0803788303137,1647.3342863851574,1696.2731164398624,1737.6194659968605,1770.929618015708,1795.2800631080765,1809.658296583305
90217.51511553185,87651.38020599807,85717.69163950809,84147.32646012948,82631.49819849091,81155.49590073206,79830.28882699017,78687.41100150872,77697.78160107891
21545.513542253768,22358.358359784717,23244.19950024282,24168.948039201587,25088.02435145064,25998.903177925837,26921.19919597373,27865.337431971988,28831.489511059994
25524.27711614322,26089.340234832747,26763.280780014917,27496.02450040949,28223.610565321927,28940.70689900149,29672.764419011564,30431.5166716563,31215.47216566185
12572.870121458622,12678.80858252961,12851.257762880894,13060.32771400855,13268.28143509417,13473.259669663981,13691.11642249655,13928.673266221955,14184.641744489983
2643.5432403794753,2722.942210960132,2807.526160130398,2891.870898492693,2969.1098279352886,3039.1003339876215,3105.309312160495,3169.72895406005,3233.021836306165
3433.877928559251,3665.1630554710378,3924.636793314305,4201.2572072471785,4479.664630966388,4756.6184441696605,5036.049494926616,5319.252076430216,5605.262260029387
3145.3266087882703,3238.8935637479035,3337.0245195079324,3434.7858299993572,3526.7591540066824,3610.1543973905195,3683.7725866836013,3745.1225438077067,3791.7284733695114
19279.433373918888,19395.288092997274,19579.978027007874,19792.75189115377,19981.992485946957,20148.248502146645,20316.879870012985,20499.01287859031,20693.60219579026
97189.58450335018,95080.98574201224,93601.91067405738,92461.63995804655,91315.32748351766,90168.25775017914,89174.26841422074,88386.5242364572,87780.92950385404
42615.16128585871,42935.34085566002,43432.26723879588,44029.24235522754,44633.01160277083,45235.537336302215,45870.32486712494,46549.08651945759,47264.4224160967
39202.883455712974,38349.779666025075,37722.505155479004,37234.39040544261,36784.760340084606,36365.10469786379,36008.372577851595,35724.32319939823,35503.38080830559
29192.700552286457,28646.22205660758,28220.22937247513,27863.08468324869,27513.34067935271,27168.20991219248,26851.438269767445,26571.661142537505,26324.7315444491
27035.331290988564,27467.99813628351,28023.105827521467,28642.228772218725,29249.872603921278,29842.583199995206,30453.080550581228,31095.569364354335,31767.169606207586
2756.9034964633024,2768.32186469556,2793.3483985828175,2824.0221430343922,2850.4139264755645,2871.982460150138,2892.6323506310605,2913.9083905219018,2935.371034361888
16673.9019629737,16899.165679343794,17179.75352530312,17482.900168098822,17766.621980434567,18030.806795209835,18295.857823555718,18570.95026491456,18855.362612601002
9826.807970486865,9892.037542300784,10004.961824271675,10150.45989829533,10309.10522515534,10476.244701582013,10656.883825457908,10852.80383142803,11061.692376656767
45570.800914713,45529.79516073776,45682.279923643895,45938.94126570657,46187.51338316769,46428.088596691196,46713.6991913981,47067.41033650842,47486.03799809125
56318.91571593453,54631.284136428774,53313.232713402016,52234.97076521975,51249.751143081434,50342.32828910872,49555.350017257704,48898.76411877255,48356.056319727395
19803.375093859304,20004.218209168077,20315.809285064923,20682.692721704858,21034.128535168184,21369.13993432717,21720.101159334536,22100.29052744852,22506.92701117788
8765.524212888953,8891.837883892551,9062.711182788906,9257.64029452639,9450.224885353255,9638.881875063304,9834.390647544045,10041.286640297365,10258.556804168007
14149.949111432654,14567.12447122737,15024.912329952,15493.536519308027,15933.319049867416,16343.8981637811,16745.535064154283,17148.482298074796,17553.312053208305
14639.012274892151,14768.250479809623,14970.481259117194,15211.194749015855,15447.078935918898,15677.065555876728,15920.74072277152,16187.049033528408,16475.49773256256
27667.798465720138,28329.515994608108,29166.574953740044,30108.58898878952,31064.86256076158,32027.968526757322,33033.12358609382,34094.686790825464,35208.00637467852
2770.249591461423,2878.492704194923,3001.7336373623302,3134.0848686622853,3268.454082867033,3403.165082433171,3540.4654699351872,3681.9723730154,3828.444632551729
25827.723587996803,28051.773780939147,30403.14720136928,32798.09844251464,35121.81515587258,37353.36096306978,39530.3949645923,41670.180872999365,43767.39141684332
13625.73625608754,13732.097970123183,13901.095249301745,14095.68280502079,14268.718514034892,14420.656631552412,14574.377660853332,14739.854848412037,14916.22353180947
2239.8114871973908,2321.1442010865276,2402.4176617395865,2479.800144846487,2548.6487851679153,2608.0400002820065,2659.2592972965826,2702.5069123314806,2737.0446018107245
62691.37997247411,61209.18015713665,60129.93729576333,59299.37875380456,58537.87250098738,57834.86464658424,57254.49535214617,56816.546681244225,56504.92974303776
5632.984411542934,5840.160689921633,6052.600081075129,6260.130432425789,6449.493904821296,6620.152920543242,6778.623323469894,6928.4219390145845,7069.881369374305
19025.6132705112,18949.0870766894,18992.150784434536,19102.53912001109,19218.794562260413,19336.57534653984,19478.113636361155,19650.977547826427,19850.518134792503
21901.234129344037,22106.40101629128,22440.169451248283,22826.684159583823,23168.586998267652,23469.435264004132,23778.864001210713,24116.65766522844,24479.76299270229
8802.85654756944,8959.958035910038,9131.206876845119,9304.1369473168,9464.14666197003,9610.805623331958,9750.575184144958,9885.952380547806,10016.348820438827
34609.41615396879,34442.8897321925,34457.63018543158,34564.93129230941,34657.15544877399,34732.38152438468,34837.30602790206,34990.26294231956,35186.29800672285
16154.170645179844,15911.00091029232,15742.14213000836,15605.999008421644,15452.9136590231,15285.041100274757,15127.761980865867,14992.895343537319,14879.507756458812
4378.153766238807,4430.73836315025,4510.91047410432,4606.3570398215925,4702.225651188438,4797.148242887641,4896.450318200019,5002.031117766186,5112.856559495202
19451.80580285325,19502.904873109997,19644.995578322098,19836.2988947645,20025.016009227827,20209.66288092836,20412.71886686486,20643.253657162582,20898.89911029365
4591.562899452136,4640.220424957944,4705.9198134205335,4779.454037717134,4849.807783141599,4916.432288145689,4983.714070919071,5053.158450142115,5124.046615270998
18890.562037232437,18935.95042592153,19051.027657519448,19206.88705108575,19364.090240576243,19524.57988999604,19709.52110725132,19927.96713996687,20178.386179925994
27283.92932803469,27388.51347577756,27562.084126168607,27760.015856225044,27929.354161027557,28069.96786300054,28205.94977198228,28346.50552781987,28488.98141666155
45934.98013024933,45625.58727364659,45493.97300157333,45449.88197743097,45381.82789942929,45285.66763841788,45206.56967104799,45160.34325865508,45137.09868358161
2282.483090122558,2344.0178447987037,2404.890627740218,2460.7738085090314,2506.3714679533346,2540.0341748138208,2562.791227540511,2574.5914715666754,2574.2166449537467
2948.6393310379895,3006.851423010202,3075.0996366189647,3145.4431560509656,3208.520856007206,3263.2932130737427,3309.858275487925,3347.9074459936073,3375.791548369926
631.1172975941068,712.4645451007749,781.8651205254356,838.2657025601862,880.8848548085923,907.204860446979,914.4905189903737,900.2450436121389,862.25238450187
431.1733699863399,529.3161215250719,633.8325697064129,741.3575137086376,845.5199504943561,942.6851662127502,1034.3125518819936,1122.9152782386936,1209.203512064556
30120.45355258025,29927.115633451576,29878.630284925282,29905.589426034094,29925.26036937829,29934.175401479773,29965.943931778274,30033.519987874475,30131.945491417686
8646.1121098666,8720.953781592058,8850.93118122522,9009.213983244066,9162.051634978994,9308.680947897532,9463.784885027235,9632.88716674404,9814.2881695122
14650.406828924917,14743.660983898095,14909.314785538632,15114.451079480712,15319.557965091322,15521.970058747667,15736.67524725433,15969.018818312847,16216.339862704512
531.0309285118813,592.3294810542318,659.6286773046382,730.3744588472691,801.9839988348801,872.1973972587881,940.2347202895162,1006.230338801373,1070.4179180261544
32264.265986589213,32714.87557889137,33199.52886422818,33674.804628436046,34089.809054740086,34449.22660564285,34782.67910830696,35102.313001707174,35407.63530703788
49981.28404950758,49221.522463532165,48758.259720285794,48463.03371009279,48185.542113765994,47917.61929786969,47715.42642239846,47598.263528733165,47555.49583891143
5186.768050169695,5273.491296752606,5367.589622967845,5460.078265320336,5539.720664900652,5605.638134289347,5663.224467150154,5715.334948086251,5761.626715020161
7452.39703684202,7671.892674043666,7919.6162173976,8179.808225283552,8432.382998366249,8675.61917249503,8917.830186325624,9162.8530834225,9410.301764733118
39945.146893220015,39348.752249302685,38971.77120446061,38695.28853773131,38377.40057567979,38022.92758177586,37699.227199372115,37430.72108700626,37209.846522877415
28649.477329000627,28566.384774157712,28607.302769838727,28712.006014967512,28805.89457764828,28887.933439010172,28991.767429291816,29131.81450571125,29305.65159470561
16637.168284896063,16534.176200370206,16514.009956900358,16538.306939221537,16560.427929474074,16579.24850383133,16614.869580372662,16675.516700557717,16759.344593957852
59015.731273905265,58614.79768331883,58585.909282842,58760.76472643277,58934.854761466435,59102.494029395726,59348.92489291351,59705.32276243589,60158.803976159055
7015.601178253876,7255.7234414518025,7515.606238231179,7781.769087763274,8037.344651027042,8281.371098625854,8521.604086991014,8762.300792348995,9004.445877297348
18450.585976093116,18338.31212344812,18310.24546002593,18329.101475933618,18349.64032594685,18368.65794735934,18403.116113974065,18459.962140444015,18538.161640386552
8218.813490070843,8409.012332626618,8625.866932986693,8853.646515597828,9072.482854794065,9280.622685152506,9485.759237368526,9690.882748695323,9894.854089513963
4749.542999137602,5002.515819256122,5279.242342793862,5568.528622472809,5855.218450491971,6137.239727380053,6420.832046962159,6710.193152316642,7006.144810448686
3095.056755769856,3212.026266774198,3366.4849800590478,3548.6213175841035,3744.8021182137277,3949.8568784070967,4165.50767872947,4393.061817677408,4631.126128434297
5565.320382143091,5628.926845408036,5718.215656810485,5819.106280454804,5914.4627946178,6002.421906990401,6088.808285918853,6175.800821002929,6262.425932963622
41044.54420879629,41826.01754085792,42706.35233230992,43599.75488010436,44399.255560107435,45098.76199109622,45743.73192205299,46355.53969317266,46932.8656350523
1072.0390731646044,1181.353119757043,1303.7437571328567,1435.637542223988,1572.1261468049404,1710.2313804735297,1849.4106926341317,1989.4155054294997,2129.6084847650177
10370.262510773091,10417.038430797682,10518.075124827024,10641.430187381398,10747.91754039341,10837.041625262973,10926.717529354808,11024.602739298149,11129.797848231387
13394.931369529604,13961.589178911978,14584.954582089922,15244.224038131892,15911.971443195329,16584.275376757472,17270.843073847715,17976.698613402346,18701.922516918414
22777.079198909563,22779.087187637426,22886.84776600176,23046.5770566694,23191.391644565505,23320.04989457739,23462.08196693804,23629.711009406532,23820.302077309057
42529.71926663466,42420.956207410985,42494.95239036851,42656.92396703576,42793.27534038061,42897.459646316805,43014.35122970554,43162.41441618496,43336.70592811823
40143.11047874225,40224.90225561674,40483.167996700904,40803.31523023018,41042.110913111064,41203.11305728004,41357.71842250256,41536.72220344833,41737.6826827185
15753.949472543201,15906.77743403726,16128.527660651489,16380.679520337691,16616.36475924293,16836.771874388898,17068.521082330488,17330.76635191635,17643.86253856269
23600.83856177066,23990.23277742071,24407.903833839075,24811.85647639547,25148.103030582723,25417.71984966639,25649.496921901067,25858.42236820574,26046.334950789013
57581.13702064764,57351.094515211225,57371.35335713629,57535.88731766022,57713.75470364063,57898.80680005015,58144.01325443618,58469.835145587436,58868.00200004236
5429.109400764695,5607.00535056503,5814.995554627846,6039.169905387189,6261.131154834352,6479.624934294906,6702.593505253644,6933.804876092853,7173.082715743633
28849.421863134954,29159.803096375534,29642.803044857374,30230.235830791862,30836.50062483839,31455.734078556052,32121.581733625822,32847.51300557394,33628.81789621011
26211.207628257936,26859.4771088791,27590.057552285423,28343.749029310224,29044.423615213473,29686.730277123872,30302.400565420496,30906.156564610115,31496.380033785073
12486.051389957613,12798.7272801018,13167.789278084829,13564.400782544111,13950.693898912852,14325.0285270231,14704.573668747904,15097.323237750898,15502.878791402409
21518.66082126041,22377.11387698073,23397.695705899074,24531.413134891187,25713.082224855047,26934.992596991608,28220.852206991116,29580.78457333476,31011.53875056408
21818.917835255,22170.093987598182,22670.91825559843,23247.742937174793,23805.60176503105,24342.76054773358,24902.36760898172,25501.419694513148,26135.627018797735
61799.76689010771,61825.68008555793,62140.057306453935,62608.27178033288,63060.47126611628,63495.4837858181,63992.75728564969,64588.54515813877,65283.129831797916
24743.318408000745,24880.575190348445,25200.78639793936,25654.02344956438,26178.87455617656,26769.591519859114,27447.82179058321,28221.512232063636,29086.068464123062
11252.558580749359,11304.636963261715,11393.987925454923,11494.714233438075,11574.575346255788,11633.89680647318,11688.687949781817,11746.629015921008,11808.114923065368
20927.303305709742,20627.448828999906,20457.637057255917,20349.322761609394,20221.680963046583,20075.688521193086,19947.62043451594,19850.59130259213,19780.425847642422
5620.49838972531,5730.364854730808,5872.164161599548,6033.8936960292585,6200.818029819001,6371.537622209499,6551.32207893671,6742.837979777668,6945.581612754645
13706.304114572693,13961.610795781431,14287.285709833142,14650.993780437704,15011.663172336894,15367.007536787643,15734.560209258292,16122.401243506882,16529.942902421128
2101.8466718284462,2229.7613537707016,2377.8477597365822,2541.559831561751,2714.680143706034,2895.3511074710127,3084.5973847058644,3282.898458402326,3490.06187581676
3543.6863430498165,3713.5322756056935,3895.647303630209,4084.102176547976,4271.776639485209,4456.839072008538,4640.956002266418,4824.8611829994525,5008.436573908547
13521.501897384405,14352.925502818476,15268.611507225738,16233.22161989206,17200.540122607912,18160.931980751062,19126.851331766138,20104.059714960935,21091.431109281995
2648.713462746706,2638.6825329652197,2626.6474400741745,2606.497152786259,2571.227435923564,2519.850818621961,2454.5194111130036,2376.027006612469,2284.016590366582
43259.55451338631,42146.38566071476,41291.08394529775,40589.146400104364,39918.78012282339,39274.852798693384,38703.10533322571,38218.22666516891,37810.22066380156
3587.4312200329027,3737.4185167495825,3906.4103086816,4085.70970739524,4264.5922220710245,4441.625292066581,4620.504104483562,4802.499126979242,4986.907706127147
60544.5919280106,59496.111956984074,58743.62106191809,58169.31457990847,57631.41648934308,57124.77738774261,56706.047363045305,56395.97963077373,56184.99842693858
25942.20228142233,25798.119993381642,25777.472000764097,25818.093500777122,25844.729416195994,25857.534127517032,25890.782715794747,25957.71497185624,26054.74089442156
17377.82776172892,17548.882448105276,17785.463053404583,18052.30362928463,18304.232729821433,18540.09106720863,18780.439763863127,19034.575530844777,19301.675067071585
37341.33405346309,36241.026432937484,35408.083282838794,34728.67709381933,34072.40847773902,33435.584751869654,32868.2739854033,32386.15578052022,31979.003419432876
5544.1064638960925,5609.6631294407325,5687.202575227014,5764.2617927479405,5825.068840319216,5869.611428594402,5905.465340728493,5935.767484585718,5960.037616096857
21753.50046100342,21501.577442808477,21378.279235671453,21316.40471891184,21234.94137653342,21135.313510218304,21055.1179092655,21008.679245354535,20992.307058075818
6178.726574351377,6293.33783060882,6433.876008717693,6586.298181278856,6733.3723856279985,6873.7761136068175,7014.253361999978,7158.0094540618375,7305.157580787519
2948.3491059871294,2833.8102052667364,2740.4058035454286,2659.098928064578,2579.6895603193157,2502.464915096794,2432.057095734371,2370.316577203664,2317.098272784497
38679.38007150871,38774.92140926992,39077.05473337729,39459.429838654956,39761.59613441793,39990.002723743964,40225.209839176,40497.42783743083,40796.38276748048
2570.236385824794,2566.869044247664,2578.735206717997,2597.7476511731247,2614.1345127507516,2627.923880476238,2643.5721911313863,2662.844353777114,2685.3815228408794
75397.64192156815,74172.75375986687,73310.13663138094,72623.38575351571,71888.45212677632,71106.13153974758,70377.39534212319,69741.92110766456,69189.44761295946
43980.33208222117,44207.80913199794,44629.8096538346,45149.395122576665,45646.74153988519,46112.09669180556,46590.045280282444,47098.03996994962,47629.07411427323
27884.389015650926,27981.230547304138,28213.46361759778,28530.155222926514,28868.06896653014,29223.113463708734,29619.76533213514,30067.300927419034,30561.379621646105
5525.401407733485,5763.855555867815,6029.880844023716,6302.310510232038,6553.237649521782,6781.948018064413,7002.4435085478635,7222.144875689805,7442.005801130904
35198.31380487264,35013.565666160255,34970.40794556683,34990.73367261936,34977.66991275356,34930.46902866113,34893.01073972032,34883.39383690726,34897.71188876216
5312.922423568827,5493.328840744799,5689.474100190355,5891.091520002271,6084.17853112321,6267.315734458789,6446.377562375373,6624.757172749607,6803.125603536937
17869.87429398178,18283.64479904522,18829.4821868615,19452.881103539214,20083.755287414704,20717.70176310952,21383.758181959827,22094.267263547525,22846.961673182574
20292.43263146505,20129.086596166046,20110.239488774998,20172.587275677663,20239.600854220265,20310.25516290756,20417.45684808717,20573.24045150762,20773.32668402291
36302.943974204725,36998.83817878328,37860.08157862788,38775.906215447874,39606.319609724604,40348.67814293468,41067.56124229963,41789.95660454277,42511.5099872062
12475.369308379139,12395.33689983248,12394.4101297728,12439.618500651108,12491.208089578106,12547.147099231293,12622.832867576404,12723.78906872867,12847.405871616109
-3704.234400009719,-2561.615760230471,-1396.485067397436,-189.06423572260422,1077.613735930928,2407.450462000848,3804.8325803826006,5280.3389948965305,6846.90199673109
5309.342507438171,5525.813955497354,5763.470823178234,6011.165248698042,6254.304894807726,6491.172368231745,6727.53331622947,6966.25523019959,7207.353253788137
6364.235915139317,6531.326245859984,6725.579391241895,6932.501181943555,7133.974520118642,7328.572049579735,7523.7082039813795,7723.2028224844,7927.6236872545705
57982.86058807747,57610.53301143591,57460.14822335745,57423.345140976606,57364.93309226523,57282.06289576307,57233.663699132056,57243.51601909832,57304.69892825965
7674.289758472083,7917.659106791453,8177.791474643622,8441.15748051035,8689.090758588642,8920.08946734826,9141.477164624665,9356.318544460622,9565.200680896678
4756.476811646791,4863.947320903189,5003.019981931464,5160.070588894511,5318.293646414429,5476.069680714116,5639.837145348697,5812.693903321131,5994.635194740503
5091.2991129312695,5525.5420463915525,5994.2823724553955,6487.862032171057,6993.070513038758,7506.349920290858,8030.990948371669,8569.26574178359,9122.604790792513
25032.944264814887,25154.888024182925,25408.754218744893,25739.302371890215,26076.76566883855,26417.772847771375,26791.132387094378,27208.357489646827,27665.600333852428
15990.259727023229,16368.822216411141,16806.037261964488,17254.925898238136,17653.724322684953,18003.462515443178,18335.529490793622,18664.10912525759,18988.864221130792
2022.5262996134657,2085.287054727069,2155.97353098213,2230.382270040735,2303.045050237925,2373.0330010656667,2442.0693389997605,2510.891922289261,2579.220956206807
25422.787659546713,25140.755514477474,25041.53458416882,25042.96131822834,25047.548218794927,25053.82194077061,25102.557710968955,25207.678002721826,25362.97746365893
2614.7824656187486,2754.184499189586,2906.972397824385,3069.287044412232,3236.758175629257,3407.98550733843,3583.9432842577353,3765.3460056784816,3952.7719599578722
9297.361215540159,9399.874354428273,9551.476173572959,9732.944621798812,9920.012843049231,10111.3057469299,10316.827362602393,10540.852475068585,10782.423317556884
11448.924496818267,11883.437992652038,12366.228300852139,12870.957171982443,13361.856181593985,13837.583501039277,14315.348551329242,14803.748622986475,15303.088904705452
10038.179066790522,10181.033427761304,10358.483509201486,10551.147680190024,10734.546191845442,10907.847074220886,11081.883743987366,11261.32080808261,11445.447986408124
10855.07723690118,10924.508168714161,11044.905986947446,11191.148586102672,11331.60541916775,11465.248166027295,11605.875619889295,11759.541813227344,11925.4631429225
12275.31892375344,12210.86093164524,12210.19898882991,12237.835089985843,12250.729079179997,12251.315195821695,12261.135546954101,12287.130956349289,12326.630279050745
29453.055130678444,29256.44369287256,29186.894244850777,29173.787271209592,29129.787259218716,29055.370063828635,28991.329207261555,28954.633326381754,28942.37182611614
33006.890008462586,32162.644535341024,31497.132162858918,30944.52018860919,30429.259238967,29945.352715400608,29517.47133577098,29152.370092583173,28842.263023507454
13755.389818899412,13941.003574940274,14175.597841196373,14432.213437007505,14676.844147779178,14907.189778522665,15136.995849683664,15372.57261525542,15613.189025575211
8632.631670301029,8902.50680923022,9212.310939820461,9543.654419762835,9871.56658586771,10194.668722018578,10524.290472966719,10866.073323200182,11220.28141766055
7392.709810951993,7560.427141109806,7775.561258345372,8016.759366119468,8257.001453172901,8494.441551950487,8740.02790178392,8998.38725610681,9268.762912624456
26749.106410599812,27297.279829367624,27957.215023660734,28654.105567328195,29293.401637781542,29875.000841578523,30444.47973399029,31020.401603389277,31599.37924835855
-14588.63498071468,-13875.921587125462,-13208.322366889453,-12550.723383721659,-11862.358323994002,-11141.105082653114,-10399.831378435396,-9639.386835613466,-8851.681336283978
8515.52021535847,8850.17320022951,9221.100873025696,9611.102232439192,9996.73232408884,10376.214754553004,10760.221200567801,11154.835705488495,11561.21586905039
6706.752040591576,6978.546551165125,7295.055933829498,7637.480521846412,7980.717537485585,8322.650448751208,8673.722753741946,9038.88184745253,9418.068097106188
23576.638751567833,23361.47863190199,23306.21694106263,23331.61360490344,23341.672105171747,23336.46442745318,23358.07039381198,23420.592683637697,23517.115274215426
15031.307860366865,15337.924573077862,15675.56619831254,16014.52599087367,16316.784876005768,16582.515812383688,16830.694489568774,17069.758419931273,17299.398285037812
3924.515817874185,4008.72037867865,4093.2986696026132,4170.092369824787,4228.4289139665625,4267.016758789371,4289.923747355205,4299.1268546527845,4294.165996800621
45033.616931533164,44922.0816833829,45027.00520413972,45256.00153074549,45496.2225952628,45741.412530746915,46035.819358272835,46396.430349522765,46816.116785932005
60832.004241060975,60728.541156962834,60843.784035653094,61051.510667872055,61196.719128842655,61273.94418746393,61348.67855280192,61447.674268975825,61563.50097270214
918.1085341163268,945.3893504534296,959.0641240657652,958.7583751817497,944.4183876769648,916.9778152053917,877.5190201947844,825.0015223399224,758.324893817161
3241.4376959460637,3437.9661912930646,3670.551908234442,3927.133755462279,4191.621127143617,4464.451578091163,4752.226336083536,5053.419597749131,5365.079893421357
35406.62813337333,35163.34331810507,35087.356328024216,35117.6249514114,35179.9935887833,35268.93892227838,35411.41519480936,35617.059882690985,35880.06064167702
1529.7203656890115,1653.2247318334767,1792.8008531575326,1943.9095155653615,2100.486178291526,2260.4884545840505,2425.1662098142815,2595.5358578283444,2771.9467972165376
29182.94279170087,30087.128429601806,31136.344583857423,32253.569038241574,33337.122466790104,34380.73166713788,35427.31330594958,36494.93259936129,37579.081819144056
16317.505954897422,16641.488954090044,17024.278650808374,17426.411161732765,17795.993506103874,18133.22951969571,18463.891541079338,18800.113335138478,19141.79398525527
4763.587816469055,4897.967876737949,5073.353740015923,5273.811350474374,5478.684418757968,5686.006455454518,5903.654084792573,6134.798307163974,6378.5187208688485
15462.045153936237,15499.041733893764,15586.500250335532,15691.55152422977,15772.943218965305,15831.16808411946,15886.828498547957,15949.886735610919,16020.865404889839
29598.17070871434,29719.90453336858,29971.267402584428,30298.267645118358,30633.761013784417,30974.70073443772,31348.416540101698,31765.323215512588,32221.375753659257
15265.129771682801,15249.637544794186,15304.796063554359,15398.805900770194,15493.305788206244,15587.006237312511,15695.188677639822,15823.55897599209,15969.928958907392
3399.0207208083852,3603.2107293658373,3828.4094879618315,4065.13102311582,4299.544907173949,4529.593003664632,4760.642176559117,4996.012978695238,5236.620812949162
571.3938470930337,597.0324587589619,625.2124977533274,654.2726139779338,681.8818016306179,707.2797101773996,731.2163451178312,754.5410470362643,777.8157061889053
13739.125326671145,13775.164790580578,13865.737807637719,13985.441471592098,14102.994781857651,14216.117517960973,14336.859300240645,14470.549302312133,14616.45608163768
10931.51601077564,11639.83040077952,12457.73887737821,13343.612108777077,14241.090842335403,15134.916931661535,16036.510032942071,16951.90043094263,17879.606760483322
5767.910568271033,5768.089616798976,5825.866696134481,5917.353470165153,6014.998863122585,6113.618509959793,6218.403780436994,6328.53833105607,6439.011160643999
12160.861103699279,12064.908759211152,12048.620676183642,12073.119297141071,12091.037173171686,12102.277761342675,12127.971208883198,12175.99916560065,12243.857915532755
9290.96067796282,9522.614691573774,9792.928935805625,10079.266132174596,10352.059196810842,10610.688953109246,10869.479298661312,11135.715823263232,11410.204897950993
3396.421360418064,3532.0032379165023,3677.9071785432848,3824.2997780829837,3958.134899702241,4078.992976191955,4193.18543837273,4303.839846821187,4411.103618327175
6853.726306613718,7071.475711369861,7315.40805726626,7572.707810176091,7826.6948705702525,8076.194032552187,8328.403171337044,8586.999372801136,8852.15311745599
17107.290691487196,17438.21638587327,17921.7217268938,18504.19495814384,19117.58670010379,19756.671143173196,20447.89108580712,21201.613022330577,22014.62700984915
7231.392497777537,7556.1043245886995,7930.739126617764,8332.006169838134,8728.27280880188,9117.58031105605,9513.989738011356,9924.10454837828,10347.843936523028
4120.042437048792,4171.5881286342965,4240.695502936441,4317.182607641844,4387.729916049935,4451.680350955826,4514.712803594957,4579.41330600768,4645.655943872921
8843.388894206031,8807.291401908169,8823.863918303929,8873.9410884761,8934.554467679418,9002.898296488307,9086.004606442877,9186.222793341058,9301.705657552322
8655.60787840703,8615.400794954454,8637.787984360088,8695.63149214502,8757.125329298564,8819.58857593173,8894.023326699966,8984.226012220392,9088.113187029481
74827.74993261063,74912.05922172693,75227.15047897473,75610.46671224738,75861.75795719736,75972.38043927983,76025.86232069411,76057.05452693591,76057.97380407395
39106.499374350846,38343.68135275764,37767.22279960882,37293.51890536229,36822.65109528115,36352.15692663734,35922.92158247741,35549.76025836036,35225.9439155183
9463.420989501452,9589.284394019383,9767.039834948551,9975.665932664926,10189.20108392692,10404.733206331195,10631.034930541462,10871.13776696951,11122.83320764975
40206.70253709399,39598.64787282888,39272.87999827737,39093.53349297142,38897.37497798631,38687.75285478254,38539.54901837812,38479.28510481374,38497.426610831004
5806.143386918732,6059.158702204014,6322.085882674606,6582.418263215733,6825.787775362993,7050.554950040635,7261.915168879749,7460.731693367868,7644.961483436188
7711.192191772801,8207.376155806141,8763.191458703885,9363.895071236018,9989.208121134043,10635.611227250103,11310.685153154502,12019.047072681256,12762.036087529943
2425.346033568637,2475.3174644491523,2538.0640158842275,2606.4457531346065,2671.128459545771,2731.8073899376845,2792.7043294621567,2855.5904858831364,2920.1463293161887
8067.890407394645,8009.534651041505,7992.209550721527,7993.803467308797,7987.770175688346,7974.075651872489,7964.705723817652,7964.51248800243,7972.762767464709
7228.929612114598,7338.0955617002,7482.133642275521,7645.947595216487,7810.796286056801,7974.611895208339,8144.004244811623,8321.784097560438,8507.229166867204
13241.988250099595,13489.898916067457,13791.341198613296,14112.888178253785,14419.722260146771,14714.274829756747,15012.382308630698,15321.112426406002,15640.59751701353
5534.329136538451,5550.989506120301,5587.720471394748,5631.5864481371045,5666.876465366651,5693.243600946882,5718.233400402531,5744.506397484692,5771.077350490678
20812.51304537608,20696.860402692782,20697.657046362547,20755.53180081751,20797.88963601969,20824.309354098586,20867.18732314176,20939.41773212543,21038.220793264965
2228.6031302760216,2333.810946894198,2470.086712547084,2631.9722711557224,2811.846641451345,3006.601273459278,3216.236108088166,3440.0975043471753,3676.810560165118
5355.920425664172,5466.989731247004,5593.935193965503,5726.256071493745,5851.805312043693,5968.652346126578,6080.410831601382,6188.602543329039,6292.616325537142
22942.84781157643,23057.727649553686,23269.908665936106,23526.106169132523,23758.06579022554,23965.839883572437,24182.05460146162,24421.0469074737,24681.259283013027
29222.783843247784,29726.00462141641,30365.142338948008,31082.26103558358,31802.468182911478,32520.872356428008,33268.303916248886,34059.30800526399,34889.92110144313
7716.928957344116,7908.880035087065,8096.04348971205,8266.174098376925,8405.30464409279,8513.220719683071,8597.52304146655,8661.877064127702,8706.820386281923
483.8545821511334,525.5828181007865,565.6802598590548,601.8635604015914,631.2396722200815,653.0630795982435,667.7951245387179,675.3376656477832,675.2387101108463
26715.974920904624,26627.138065374224,26745.195212971088,26979.747389884327,27221.301743865308,27467.679720255022,27765.68027773403,28132.57287807622,28562.50766092254
1857.4542681598912,2045.4744672397246,2248.0912470140483,2460.580313186902,2676.7912844867747,2894.70455566589,3115.5172158839937,3340.3499236071066,3570.0004547109115
53230.7182294791,52410.37893271138,51782.30854989106,51245.91902942481,50677.94659208678,50077.80686655788,49500.21799250807,48967.44407541742,48474.11179876549
14889.341719685492,15398.439357582236,15950.306635329904,16521.140636046846,17081.226610310205,17627.566805323437,18171.883662075747,18720.43396899379,19273.842648084166
6369.688999343528,6958.935988065482,7558.130669113634,8146.887837471024,8698.949475175112,9209.442272477456,9688.53603665313,10144.316059724048,10581.065499017992
61716.18041424495,60636.72404039925,59921.176477943925,59408.96060116959,58910.628084060576,58417.239233644636,58000.307293387064,57682.874082158094,57449.042351174
356.27271570384477,415.442715114789,474.6135691272716,532.8411854128883,589.6643432780767,644.5600092527015,697.2418898721554,747.6934838029533,796.188510109407
87478.48528578956,86201.58156534331,85333.0358677021,84695.01801414325,84073.36633515652,83458.73241576432,82935.45723889396,82533.85892498652,82237.31276613264
1992.4162977227963,2056.707307410963,2129.5757720305355,2208.042127677227,2287.977971225163,2368.9663098166043,2452.728555536331,2540.2089466016505,2631.545621655299
36598.634083548925,36663.81927774813,36876.53194278392,37152.11548328185,37388.79495541733,37589.07301166198,37802.40089450811,38047.62071818279,38320.010755671756
7984.156416151702,8224.100781305671,8510.384895391422,8822.681008629143,9133.554437790564,9440.9813393097,9756.117460450649,10083.442967075362,10421.659185820015
17289.88801746209,17307.458122444703,17402.235363182728,17533.128571112553,17648.326829656973,17747.02498978515,17852.332541707117,17973.782432028445,18109.28352374659
6777.082056112343,6854.815442730308,6944.0773162467485,7031.850599077645,7101.32292512147,7153.232958669293,7197.051943072398,7237.923042320752,7276.955694378697
19032.813254866975,19293.10079646649,19664.805429293505,20096.06383078535,20520.43089684555,20935.45472134883,21370.313465589512,21837.32791713496,22334.04600496837
38945.977716904206,40085.92265578696,41371.53209746878,42713.387453203286,43996.67691942949,45214.05790776974,46414.32895376365,47619.666820192004,48826.944681057015
10370.575094166836,10417.778468491199,10517.809381903928,10643.914878333979,10763.39459762015,10875.1242030569,10992.804495473154,11121.377191245374,11258.836464013653
21059.974116219088,21329.085912975694,21691.027105170033,22101.82873575658,22506.487907350296,22902.339285838556,23312.206144354917,23745.33630766694,24199.24274259699
24505.44940286681,24361.23110962507,24324.7057297831,24343.824431668934,24355.856929365767,24358.386484157152,24377.670813462555,24424.839334119868,24497.72853037694
6471.529074231574,6630.593177355084,6822.067108462125,7029.1448518898405,7230.069796975316,7423.219106916491,7617.442132384208,7816.6372509778375,8020.211314753504
2581.4323769542157,2586.260238111779,2597.626318515694,2609.9513915242637,2617.015817558696,2617.772578391305,2613.9626153665768,2606.2482177782144,2594.234488477383
33276.3285200568,33499.203249954684,33833.40499028288,34201.31726811879,34506.344626782695,34747.90721340172,34971.62825722513,35197.92100818444,35424.931885583515
10166.027181988824,10171.293530265637,10198.79971694618,10228.112830119,10234.449899629954,10219.193015622726,10195.772168702217,10170.364541618035,10143.151401316492
39455.20484637419,39238.634278398386,39211.85642104353,39272.6769073673,39295.595430345384,39281.248328181944,39287.897617434166,39339.228373867634,39430.530808609314
38742.685689569735,38313.670949930376,38153.245718321006,38135.33679696585,38107.204044166014,38069.202028154745,38089.292943442415,38191.95902570477,38368.42940872473
68505.26377046181,68542.17097525619,68825.2677826002,69232.7023654027,69613.71146166083,69959.4930377298,70330.32380168862,70751.50916334815,71211.50211241737
2678.598124680441,2781.15061964453,2874.7464919960084,2956.18319539405,3022.253565377887,3072.630801108158,3108.4760255985016,3129.8868201536575,3136.2352305142867
3594.107499667997,3755.5722322738025,3933.084370970404,4118.058789623861,4299.853528826317,4475.932231572797,4648.874186063396,4820.150789997015,4989.886324912706
28499.931576310824,28533.7912458928,28777.465247432134,29144.60505430924,29530.463329722945,29929.00176585838,30379.989274796062,30897.51136329837,31474.453464050912
41241.56508228536,41497.2678962098,41842.91072869169,42210.71265495334,42512.988993888175,42750.52527148977,42967.04882742525,43183.13376075213,43398.12698748776
711.382899611814,794.6247519736463,875.6706299304053,955.5204110877249,1035.707962425859,1115.7136848360844,1194.2260340130651,1270.406866545859,1344.1317298094655
8254.147747661975,8474.2461917416,8739.175162997464,9026.127903008548,9306.149219024757,9577.424404322534,9852.452341213924,10137.004700149984,10430.875399304137
3528.792423361919,3661.4368249842605,3812.9652933589737,3974.008399918597,4132.172827672831,4285.702316231741,4438.776650133747,4592.690318543535,4746.207012681629
23833.943662889953,23650.862222151754,23609.982597904982,23639.00164471077,23650.283006819922,23644.440126081674,23661.3526433258,23716.101695931102,23804.802320387953
73218.71623064918,72062.56847302945,71213.03405731646,70532.39646080195,69854.55825312153,69173.47821930924,68555.21829923111,68023.47025747759,67565.89499574498
20000.63962761405,19909.58211881228,19907.630044804562,19954.70499674049,20004.866585297907,20054.599330736713,20120.021442637397,20206.374655631316,20310.12233286278
14287.565963508912,14411.93250044691,14604.021241338527,14827.572076952209,15035.960835358408,15229.190699325536,15429.588303203118,15646.781229181066,15879.470334061647
18667.00349010658,18647.418723927698,18718.35702835819,18834.70945660161,18940.281161921095,19034.132286754826,19141.2872810322,19272.11603841997,19424.538494519235
6955.590517384803,7145.688365143144,7359.56822274388,7584.380345821179,7803.637661118777,8016.418370221468,8229.723475923096,8446.582985846337,8666.892467810163
6368.072944712969,6606.86656357315,6887.736262402234,7196.373736059272,7513.729405503179,7837.69516234146,8175.2183720140765,8529.270668049594,8899.180855404853
48781.76597772722,47926.82491087672,47270.93623633615,46723.65789577383,46176.00077119065,45623.99549049436,45110.608437293464,44650.976108369905,44236.77976847312
8122.0110078696225,8085.8195110896595,8084.845706349518,8100.084576701706,8109.2484125196925,8109.720156605488,8108.220916400705,8106.861047439222,8104.0612284814815
2429.2370324237872,2546.820535194064,2676.7898881907913,2813.7590925209292,2950.287592855479,3084.4514624107906,3217.9041996650353,3351.5491920484305,3485.559287316244
2113.490080474697,2156.6163443286887,2211.270367838822,2274.058019949116,2340.3918799531866,2408.429153148591,2478.2214365426994,2549.809801934617,2623.021982813233
56047.2591361784,55234.83177701404,54680.462013223616,54256.702539826576,53811.35886294409,53344.41974933995,52923.09164575798,52572.2606317719,52283.11449011593
55363.76652855169,54759.71878024585,54431.60916651369,54253.38430088712,54071.791905606304,53884.440023234434,53757.67841994696,53716.79572610043,53753.0751636392
19687.737226806956,19860.116743132687,20148.402889849032,20500.27619827871,20849.273766244238,21193.884859313268,21563.692286972266,21970.533301300584,22411.37979807073
15479.434214309662,15285.7423612198,15170.901839589036,15094.908516663376,15009.674845134565,14914.46610993308,14830.075245027912,14764.756307344216,14716.581163363915
43900.59450913542,43677.19693289801,43715.11924341472,43915.82623608296,44161.22132329883,44441.81595950442,44799.11245524637,45246.8928292465,45774.913609424875
14927.489592274436,15527.10227071279,16233.08704643456,16990.849108170114,17728.00756509718,18439.348285581425,19155.001523548897,19887.536307661467,20634.489994308842
25868.853541291443,26633.3836609717,27546.02553546873,28533.69327457121,29501.377395295818,30442.33795711133,31395.69516556176,32378.152558362115,33385.72411055063
4495.172468089588,4614.6134421404995,4748.493123948382,4886.944322440606,5016.513783974653,5136.701509156422,5253.827315790279,5371.20758696953,5489.274906819113
164.47411453192734,250.38990611053086,338.9050951689036,429.8521103385387,522.5675696333946,615.0343460665875,705.8920611832825,794.4851969907481,880.3383102647582
9617.581564317301,9648.317523708722,9714.181040342373,9797.207609707331,9874.790343391845,9946.196379578572,10021.336548780555,10104.552402245325,10195.149479710448
5529.365159238884,5733.09109990211,5954.9576361428135,6183.169210254635,6401.449395154687,6609.198134894061,6814.197003109877,7020.610429340518,7228.964201696777
28390.035823657498,28129.111753914396,27995.512654689475,27916.082322219245,27801.78434485743,27655.567945872728,27520.51148526792,27413.35428896344,27330.425908463032
6312.996094997112,6472.394215852327,6644.838922426235,6818.159292927634,6976.560462404583,7120.022396532769,7256.636556533471,7390.653198104367,7522.539650727242
5126.424343609092,5322.786605061831,5552.599465661854,5804.721926873012,6063.763807604621,6328.512025647369,6606.139035609651,6901.004742597768,7214.585562814565
17162.78694622972,17076.76771105762,17074.487223171214,17122.0639041212,17178.176243956583,17240.66929120457,17325.77639071193,17439.578816804325,17579.30639202126
39436.45563749546,39438.87841872784,39634.757364183315,39923.41413173619,40177.97709317969,40399.039515947574,40646.21196200313,40943.71302821172,41286.293990549406
31855.91017813002,31529.56022152868,31400.96780238087,31373.317721710682,31331.178917180732,31276.146499740793,31260.643337595622,31303.150844732318,31396.822658414723
26523.83657429839,26576.39213723924,26797.022753401736,27108.205557889036,27414.720056127633,27712.452965159853,28040.05867900562,28412.3862285093,28824.870857031096
6350.2874940266975,6486.215497671117,6654.0650433059,6836.30788214116,7010.462984455253,7175.94506701037,7343.0348415650715,7516.31553088367,7695.479367075008
20869.007498499013,20982.727997269336,21216.684542436833,21517.22758398409,21819.056849029188,22116.085021233892,22431.51659608865,22774.68968733085,23142.447961268615
21153.201288918073,21565.223947575436,22047.64689698621,22556.92554961982,23036.871810681117,23484.342541801612,23923.33179586519,24364.76704389321,24807.24230964278
32132.415415752956,32586.628822359395,33226.80350556003,33987.00360242401,34781.63935606651,35606.27051759058,36496.529873065585,37466.36496926284,38510.495586343975
-35017.78812010977,-33666.418454358274,-32482.509686194975,-31405.53016585171,-30362.039007408923,-29349.085693652236,-28392.14574571469,-27499.938119580755,-26668.404875941975
56815.55898426185,55962.88880148106,55410.57273658668,55018.64787766234,54619.69318910016,54206.50806780368,53844.27337012804,53555.539283770064,53327.88763843604
24167.765182834886,24400.40417352787,24698.96161500911,25012.71959810822,25278.28530301735,25495.260669395004,25693.34000531719,25886.33112796094,26073.7539812709
32615.29847363016,32670.40287475085,32856.75653622644,33118.06321186844,33384.92409455506,33654.853879298,33958.02112756101,34308.22898673188,34701.99555019248
10803.630624684658,10985.935971532403,11246.307897675955,11558.565994229144,11890.896359154915,12239.9591807369,12616.113660240575,13021.744434006798,13453.718206438203
17022.560069764575,16823.005860783902,16741.64794847149,16729.49936580858,16728.151551757575,16735.440464015497,16774.39269473111,16852.752347347516,16966.065213440863
32681.40619801459,32229.952860153822,32048.58049768426,32022.66044383644,32015.297718858514,32025.48947658469,32111.465177100556,32292.784893964596,32559.90219679127
1387.9458569653707,1455.9053827068421,1527.2383006634936,1600.0215173213842,1671.300810918705,1739.5055668071968,1804.7079673556377,1866.9161373152267,1925.625665776273
12080.946664837458,12528.761120794165,12997.086196665343,13463.691974133935,13897.051629825184,14294.70606802258,14672.423635526153,15041.506136057715,15406.04686740805
52384.31167542578,51974.282810573546,51839.29706030664,51833.969837388024,51780.803263130474,51681.42701472083,51617.894375168,51622.42026584024,51687.74047447114
7663.682832868501,8085.944471279499,8555.990404175953,9056.940579377773,9568.4846370444,10087.040026020652,10619.305455604159,11169.7893748544,11741.02292698084
2711.932404081398,2802.596269194846,2910.434826661918,3028.687182630333,3149.2592409093018,3270.7907960252037,3395.6488711110646,3524.521475674874,3656.769461369914
14578.501379769144,14847.314963816983,15213.53116405156,15636.04306895485,16063.193464790396,16490.950796640795,16939.132343725738,17415.535017986665,17917.716887106348
34774.291676082474,35277.086554849,35913.81909403125,36600.697247227974,37230.23800891497,37800.82303821695,38362.762302139054,38938.496854061945,39525.72365297679
10373.298108222463,10616.075358541813,10904.213340880166,11215.616279554402,11521.620705818204,11820.669377444807,12125.162664469282,12440.653724936468,12766.396142182566
33057.88340363941,33209.58996447237,33498.969093709486,33844.72870782381,34146.159301855034,34400.8555032209,34653.18313246368,34921.8004650855,35203.15376415354
31994.267941486083,31888.535528868666,31939.11422932014,32077.55517606725,32219.277641987723,32360.63935427762,32536.201646650545,32759.4370113956,33025.450896373244
47952.22563126733,47705.094162068664,47818.06302009434,48158.99373247963,48565.02128659914,49030.53089639245,49622.13930404445,50363.23964793888,51241.56812638582
56392.123678067546,55938.39941136275,55727.06084153105,55661.11496358423,55622.426350371454,55601.61553970025,55639.82376467986,55750.1443945953,55922.819610239465
21294.63179181234,21206.54608225255,21213.519509368296,21274.719055865786,21340.71190649619,21409.306055680332,21500.714183388354,21623.315454753978,21774.98269273199
4120.369619988736,4211.052904800072,4315.38307116341,4425.386362552063,4530.387993135283,4629.639687770956,4727.702644478309,4826.75149905791,4926.493729709626
54000.95469576288,54505.197476892594,55160.11178320324,55842.73584334805,56402.08366369315,56831.18260466357,57195.1955891756,57524.91819818477,57819.75186978096
4524.991141392324,4546.365981125241,4596.9391756021905,4663.375997137262,4729.240018994049,4793.279146872889,4861.470303044962,4936.110024295332,5016.52315858869
20640.36264163738,20281.556520324186,20089.76255332059,20013.365339630334,19990.901567970297,20019.036595222376,20120.262586419965,20301.37700753379,20556.364190293505
8773.56505410088,8925.115771290033,9134.754099281661,9381.255924660316,9638.216042999833,9902.902642299961,10184.596649402372,10486.751652625393,10808.001814135936
6034.815315641697,6253.340175733743,6492.700552715689,6740.069898036037,6978.288809587627,7205.907144365211,7430.388917260398,7655.9719493341745,7883.491036617369
12927.952931444128,13170.059457393261,13481.163805770664,13835.196971641992,14199.216671843238,14568.577756958623,14953.544345431848,15357.879376248657,15779.628274748813
6678.30692926438,6711.527439270365,6764.160238931861,6823.339471813634,6873.193245145067,6912.925439980592,6949.087510443933,6985.698389239014,7023.505176959852
8639.481757712729,8586.18040290189,8580.397797043423,8600.478551274606,8618.323703074762,8633.282140534455,8657.818454049773,8697.59867506917,8753.528313167057
32383.36748554759,32758.930944446307,33243.03912854083,33779.33778754448,34300.095993787836,34799.57748400349,35302.50648710666,35817.579767082556,36339.68301013703
147174.69098290094,143537.310370658,141015.9415967015,139217.47875025682,137687.39989454745,136401.16148547997,135521.59423177817,135096.6637330153,135083.3145624995
8763.57263494536,8945.422157423238,9173.638787889706,9423.981674268853,9664.959437797046,9895.992917962016,10131.655101802335,10378.052134877993,10634.119698164024
12422.390287413082,12714.484085264015,13034.68331548842,13359.693718993993,13658.673094038777,13929.506401854453,14185.96981859211,14435.151091730933,14677.097846955383
7391.686006259682,7537.409150071576,7706.069997475911,7879.7469772112445,8035.390652371465,8172.446533311771,8301.81597344721,8428.510331263973,8552.359730887765
18943.97162341636,18905.42473656761,18954.24477519478,19051.29144850824,19148.727625947515,19244.142467324014,19356.87220089055,19494.876610587355,19656.124235805386
80135.91343011017,81113.82757778962,82270.933262273,83494.00008922111,84659.83551323778,85769.74672265603,86879.40353326676,88004.86828295923,89135.81767204727
28635.92993213006,29162.767398355238,29827.797606229295,30542.003906300968,31189.957247080645,31774.576169413212,32355.470070438314,32958.7324066741,33582.84242557028
5987.327952772822,6066.437410745332,6172.225819757916,6289.420629525018,6398.353130843423,6497.960470970352,6596.632662980576,6698.055049035741,6801.5978534379055
37237.23376603445,37306.30493795102,37528.56946448762,37813.374515997224,38048.58652192081,38236.659718211384,38432.39720885656,38657.704011500085,38908.32639886572
1060.920796416651,1155.8462841783587,1253.2382021422436,1350.8164187756756,1444.8236015066793,1531.8981990906718,1611.6629668940716,1684.8334826015976,1751.434298306725
2404.3187693276745,2485.054234100092,2580.2958777549043,2681.1534763923287,2776.3980441747694,2865.593825341231,2953.6543720046825,3042.6971355744504,3132.618167566264
9007.531566751604,9386.158829163587,9807.041807154777,10253.574840751286,10703.55536713352,11154.94039738984,11617.090611809155,12094.926804246115,12588.77111561704
4089.794603153872,4191.217995837761,4325.788084553218,4478.104206195743,4628.128055281932,4775.7346579043315,4930.415457485415,5095.979694151406,5271.873580801596
5000.169477209328,5166.837204987783,5357.4868515606895,5562.346067653721,5768.745753304433,5975.177753174278,6186.306483272108,6404.590345435381,6630.269768388803
23532.379817467674,23732.11094411352,24102.278328296678,24583.868823142533,25103.76513352547,25653.95024861699,26258.780376088733,26926.339031872216,27650.25394824701
20173.71799131092,20300.345996016928,20477.772365101762,20663.737999667635,20806.023405522432,20904.37773656169,20984.10475804719,21057.58920008937,21125.34010792762
114817.42152734718,111870.71329615473,109525.42643310702,107521.5608163893,105555.66019220412,103610.79538185387,101795.14793868648,100141.71568801235,98623.16180228896
4463.843935538395,4854.9404446518565,5243.625329600182,5623.655819490322,5987.226648564473,6332.760307412635,6663.110981363278,6980.009119639472,7284.327054142252
19731.455891456513,19943.87338096204,20232.960841138065,20548.20833264544,20824.769265566087,21063.081308064968,21295.257258340236,21535.858127327574,21784.253386890116
6625.615840318245,6863.344813007584,7133.215855147322,7419.304180768978,7701.059113302635,7976.3631030918705,8253.185216021966,8535.018213575979,8821.31184913119
9567.439605481852,10079.261827526956,10673.128744966894,11321.246258840283,11986.677785100075,12662.557218647222,13359.654070379625,14082.157667149992,14828.75248890977
9273.98385605771,9372.695713867817,9564.514171698464,9818.06901627246,10094.377133471453,10389.969775509573,10718.929802725414,11086.345679409156,11489.922171712262
18738.362874583265,18916.36300440055,19179.20334518524,19483.259957512546,19773.60026743972,20048.029998143127,20330.101330580554,20629.450126746033,20943.507104735592
25029.589057640067,25601.51002335704,26316.262810467357,27117.883726300708,27935.24885988068,28762.268957590375,29626.748163148757,30541.090386180516,31503.483312620556
10635.557890629807,10683.573213648699,10783.323348345259,10913.114507965347,11047.236450274784,11183.592622610367,11331.72907476626,11495.646166382905,11674.456673986424
10130.967676616106,10650.834602028972,11195.955607089503,11742.948676512124,12261.211797550439,12749.87092230899,13225.225455650094,13697.247803909146,14168.961256851548
9861.219245582895,10060.59190387419,10296.123625842174,10549.566734670227,10796.945366436614,11036.107815588979,11276.319273477695,11521.841683195224,11772.04731822076
45534.60987973655,45535.87246058086,45749.44540614149,46064.69115036668,46342.01285126585,46580.95015291373,46846.233504130774,47164.62067646891,47530.72088632081
5487.243981904821,5598.461821827382,5726.972290786044,5863.360252327942,5995.703721872168,6123.04817933433,6250.297320140919,6379.95460627655,6512.126308541964
2219.9594111618158,2310.588984742937,2402.0165053224455,2491.7304494375876,2576.967192923822,2657.438502167276,2734.4652979125185,2808.7134633669157,2880.3974619973183
5759.299552429001,6106.190904091446,6472.687853034852,6841.1715342906145,7189.0347556107845,7513.022323581351,7821.768707290093,8120.41676419072,8410.113232668984
17358.529868582697,17305.481019772586,17330.13717321108,17388.27129603511,17426.502080826856,17444.690454061016,17466.976357340292,17502.966543829734,17550.27630749456
48750.73855023805,48411.63627938002,48410.31926564286,48599.82189463681,48802.10427213516,49009.53151022638,49291.878519032376,49672.41053437175,50137.44227359736
25974.867155265572,26293.550970133318,26759.712960259778,27293.71128005146,27797.564419391332,28267.77498041038,28745.89754884418,29246.870344778068,29764.576546426004
3437.4668560475166,3571.155633358569,3710.0188426154305,3848.461413856918,3979.3752491265345,4102.181181173313,4220.517297371256,4336.848760305447,4452.255522248621
4495.784304148482,4499.534255050359,4527.600661632103,4568.892202851949,4609.444539252354,4648.913874122199,4693.344636772816,4745.198758121658,4803.884727302447
23520.35818546601,23458.71965126124,23509.814613909282,23620.743255298403,23728.267962940277,23830.72936661121,23954.278532288532,24107.63709586971,24286.064538232644
10981.59367417076,11678.01846213832,12432.913353285878,13218.000976396144,13992.924801361825,14754.39205272774,15520.413151056817,16300.494543505292,17095.650625714698
4470.509440731158,4636.330760056069,4824.124032745191,5023.3393605881565,5220.701165456903,5413.674433999361,5606.263088704483,5800.727198216281,5997.368179710269
16402.401999439768,16733.04250870921,17129.43112097394,17550.06243205686,17941.39190227855,18302.615661013257,18658.692984247715,19020.575729725217,19386.977877473764
23453.939657333794,23571.971138944326,23773.41977439598,24019.513931009926,24260.913581054177,24496.294833321717,24747.9470355061,25026.155756978253,25329.260476929463
35214.26001110709,36063.78653948631,36980.67149689072,37889.68179522922,38695.19308337333,39394.67743034642,40032.9111364813,40631.358353560354,41189.16282059952
9849.813447471844,10118.601149833927,10433.11171360629,10771.519699018676,11105.849600351958,11433.874235420039,11767.117044451006,12111.026905814735,12465.311696420289
55814.289778948565,54641.918790558586,53762.54538137692,53037.79361466216,52305.57968724475,51560.39117382939,50866.13767177297,50245.721529009235,49689.20815438563
4907.268493741186,4986.838432313643,5093.446227439417,5213.760559983289,5330.581890647503,5442.735594495427,5557.034800572725,5675.961349390576,5798.123568565588
35300.64252589651,34828.16464147341,34533.4667619382,34334.490942935096,34132.749295118854,33924.99930835954,33752.4677903647,33634.13319500365,33567.179486385794
10084.354099167804,10091.36527010685,10141.214829031449,10214.343658046506,10287.613817649713,10359.059631751486,10436.75118608505,10523.169733549968,10616.150821880132
17043.173450376325,17064.54916217299,17167.92260104949,17318.208124246245,17471.522491352534,17625.136078231815,17796.130680485854,17990.939008246267,18206.51267474099
1163.208662025711,1238.2671640404044,1322.902419409252,1413.1389047263574,1502.8249351301015,1590.5370443748327,1678.2913532570863,1767.395987918308,1857.9783454149904
29998.154207633186,30526.307727795927,31192.715428832376,31923.12781460154,32622.346630913027,33287.33665907744,33961.02149766733,34662.49216921199,35389.48210568958
4068.703995487383,4212.615666047801,4376.484423815091,4551.3086760162905,4725.608442327887,4897.939073939039,5072.428497575947,5251.215285854821,5434.357541281221
47045.99195464063,46744.042084904315,46608.417475496906,46561.87354884249,46510.26324216721,46447.88014964597,46410.62837672434,46411.91695950241,46445.69342456386
4983.692431697354,5139.247108367444,5297.340725852206,5449.30700570072,5584.603513219448,5703.60022934593,5812.639347873672,5915.8613953973245,6015.032161472396
36585.41050223461,36346.32378675383,36342.211846528306,36478.36679560052,36639.47325215291,36820.551511112375,37067.43388287929,37396.276361801836,37798.92427212311
8896.081996069954,9019.162475299974,9180.463296708522,9361.106364051122,9538.501503598514,9710.322929946566,9884.590868069088,10064.357021166963,10248.480316225829
21987.326647532478,22421.77116406205,22976.183741337147,23592.275511216998,24197.144880102653,24787.43081234254,25394.15087030949,26029.49421486191,26689.815608803394
5015.103915998915,5233.454673889287,5461.006006614326,5687.408426512548,5899.241134055781,6094.773326341083,6279.427606548595,6456.988949048177,6629.102339132723
51031.117303629515,50141.26206046972,49504.52783884148,49024.055423495025,48584.863843738545,48177.932747288374,47842.3966344801,47590.29672589901,47410.90764677583
7587.398821914382,7778.048084918061,7986.690821228315,8200.992013291854,8404.878560419806,8597.390240183728,8785.511226039189,8972.756641427846,9159.208902513703
27971.518854967977,28416.04118539063,28958.040549102425,29543.130023379657,30102.36462524579,30634.354031785693,31170.9807095493,31726.186014049126,32298.051441471875
20279.52481091402,20446.354627462584,20718.00225409562,21050.09699083523,21390.925380995977,21734.561246051384,22097.4498384619,22484.461764087682,22890.712277608833
46529.38031433189,47109.36614288347,47836.80285200563,48614.930281830064,49325.43335736392,49959.09798246843,50562.23887336742,51155.414243306855,51734.91810088049
5766.985099736545,5930.110280743936,6129.255958440897,6351.413258789787,6579.970229619154,6812.695601547319,7055.206869012382,7310.067207917761,7576.879369045226
7095.409986717001,7268.494728689759,7455.147411121789,7644.5423101302995,7822.5953638632345,7988.426113317115,8148.352806931236,8305.756247175217,8460.94259163642
22248.130087304682,22267.608148864616,22433.37856145653,22692.383298648114,22980.24391213785,23291.397758279632,23648.63166084534,24059.905083468715,24520.174180743423
7329.3152303288225,7561.614273645533,7827.220340422938,8108.876077982676,8384.391328856345,8651.037519935973,8916.747354257664,9185.391402030795,9456.887074616163
73427.83583230487,73516.23629730825,73980.42585135794,74631.45838462627,75237.687017116,75786.20550186739,76367.68433519939,77015.34756174355,77713.44142190488
32145.926938748802,32363.867007347297,32766.381496248865,33292.80641248733,33868.75245033378,34486.05774339798,35169.76535512052,35928.89080185318,36757.62107170773
11011.435966925255,10917.296922380436,10888.58078241362,10894.072291092718,10896.710455832163,10895.296883160756,10904.898082111227,10930.991288041483,10971.362759804071
12755.087978409796,12852.451324802307,12983.512091545686,13130.606000330836,13272.198342917982,13408.33088828734,13549.234103878898,13699.182229512215,13857.434887682997
12736.743295132483,12595.296072695064,12529.211805917255,12500.42744986014,12463.965139200294,12420.285161780577,12389.105169713439,12376.582358340296,12379.866702134836
44406.17372225132,44564.77694152906,44911.135161149046,45334.91540045883,45696.18301205025,45996.150014642335,46301.957033494415,46641.234637250294,47008.672083098085
9580.77909005871,9835.659464462125,10148.41582406147,10501.695079031422,10871.51077584323,11255.896781049003,11663.384101693346,12094.656550412636,12540.87651051317
37406.066680242715,37463.788959574355,37655.643666514974,37916.43352539854,38167.84232769781,38403.288567022544,38650.48269290099,38919.332522049066,39204.43342137646
20212.391644251267,20236.025177889358,20421.16407737003,20706.967086754787,21018.212905666485,21352.303980170946,21740.665398858764,22195.112618328327,22711.284651687878
13662.150843332904,13955.740877255445,14312.417307070229,14692.336442709582,15043.967069021657,15367.4608618333,15688.393493087258,16018.197208670439,16356.47675192762
23674.748077071974,23245.047654011323,22976.125248006985,22802.131881320773,22644.82570233386,22502.17471325586,22406.153738488454,22367.957169235626,22381.687324471106
46031.64145711902,46599.68496146018,47410.510968399954,48375.07751323129,49379.952068734165,50418.55628991133,51537.512526883635,52756.100204897106,54067.91784328445
6957.736140832376,7018.929579483421,7120.845484635129,7240.964686789991,7351.734430351453,7452.296914078534,7554.607573783778,7663.477600611586,7778.164222982731
48697.05004489565,49217.287093118095,50012.42764521809,50957.22403975682,51892.055386801876,52812.724799468306,53789.71980189092,54850.76918999047,55987.0263784222
7499.6725642239,7768.774520445572,8095.611482315615,8456.148342893504,8819.378371355966,9182.508810729836,9557.693774211974,9950.227304933425,10359.226583387284
6221.847788312827,6320.870929271638,6453.399593025859,6604.593222526455,6755.893262473311,6905.756012816864,7061.322426087531,7225.618211233909,7398.032478778245
4216.031847644347,4295.672314073402,4383.399790881182,4471.106412917972,4549.192351561968,4616.335992948596,4675.77964545769,4729.137482013149,4776.41245051233
40799.81636418549,41896.49537865471,43100.73767321541,44296.10364087594,45334.1809487078,46209.52885439392,46989.06500793648,47702.85182816001,48347.64207694242
35937.446927719,34771.61169975762,33860.194498306424,33109.774988087804,32414.519792354375,31765.019716452472,31193.445092149163,30707.358656327142,30295.103565159658
16364.423301781513,16523.40272446367,16817.914557717508,17206.740936813734,17635.435110284292,18102.481694241676,18632.091517217716,19234.160740717813,19906.213757839083
5434.277979733563,5634.830223894964,5853.876628353209,6081.653227263904,6306.646250790173,6527.18503662179,6747.03957207415,6967.683797550796,7188.706173732429
4182.036240138856,4316.8260738138,4458.265654195239,4598.317323338846,4726.823262413664,4843.744185745225,4954.3506797259015,5061.536679051759,5165.984202788927
35059.43349284519,34975.420542574655,35049.24662395678,35196.78195523475,35313.19074006247,35398.136613084156,35499.78840368044,35637.6277233659,35807.05146779185
2992.332239264979,3093.472567911971,3211.1554542783438,3337.7895125394616,3463.5674208071882,3587.181773973172,3712.1049224718313,3839.8978499442555,3970.249836740695
38603.889748447444,38904.02340187439,39359.56850290786,39900.32657834995,40437.08809018472,40965.62664398643,41523.48577215785,42126.44611566979,42770.34799208341
28053.89702353418,27720.298022081846,27515.0114009998,27383.49747855046,27259.403854199,27140.064493012604,27052.12021251843,27005.646619636875,26996.533605963436
13170.038558172879,13473.094576322957,13814.650857883342,14167.1490126344,14495.586610707682,14798.886858840266,15093.585891980538,15388.314398826276,15684.230301641202
91592.29169411061,91602.030742415,91913.39668972399,92355.68621810191,92715.58778951515,92981.07548054605,93236.97769482603,93516.53225505451,93806.89868001343
5215.695603936552,5237.108715867281,5291.2548879033275,5362.267177670447,5430.4576506030335,5495.16510034275,5564.881864611155,5643.15570207575,5729.396151618157
31379.103714917113,30810.211074972423,30413.133376076818,30118.201212773623,29842.84435447279,29580.891596203077,29361.913060401348,29196.702714868894,29078.50565637056
22512.393742139146,23479.162839639896,24511.018054570006,25556.020207009275,26546.202663475786,27476.825446754032,28377.886955043956,29265.12486794918,30139.569302103446
3227.3463285921225,3455.3087241157023,3682.4299757889003,3899.941376550956,4097.147009019496,4273.187182283525,4433.583951312797,4582.426889485305,4722.390679066359
14782.674179497862,14966.126175462276,15224.814210644776,15524.660895420626,15822.369821196045,16115.567657912468,16422.45804588232,16751.098401452724,17100.31732565623
3716.5376370884283,3878.150800118473,4070.295561883288,4283.101762550931,4503.161426594889,4728.349259858773,4963.170988899597,5209.816755544056,5468.243167144207
31452.80234928572,31650.91957849926,31990.439591819446,32388.60395200211,32742.68441727073,33050.130636654205,33356.332429069655,33680.33143792411,34018.59206590673
78036.19069405543,76628.89553904622,75659.92272897449,74918.88872507265,74159.35797311278,73373.21882943135,72656.42311716061,72039.6198695689,71502.73177161874
35490.77163107665,35265.56222061226,35232.14880146245,35315.73888638979,35426.727228109354,35556.702708434255,35735.44911921856,35972.64341316403,36260.79398889566
16872.74277019595,17256.18490903442,17707.30855701314,18198.658523347593,18693.974395618145,19190.158654588904,19701.721280017795,20235.21283777182,20789.201012007048
40018.72330977192,40395.96160889315,40907.289706975724,41464.24800873805,41956.160412792844,42381.042495788184,42790.434785587866,43208.26381721324,43633.28441742752
19510.159684971914,19703.90833094422,20010.49419622657,20377.32729282147,20738.692068342276,21092.402101241238,21467.25448346848,21875.633816300833,22315.676255666243
22779.766036948768,23062.795715261847,23508.676463917112,24049.330654662008,24599.413024893154,25153.586159949304,25745.102966207018,26386.45579259205,27072.29478161984
3908.2179139808213,3899.894459817881,3909.3398516607695,3926.512746783824,3939.901437938293,3949.2446838532323,3959.7727549848537,3973.8777890372767,3991.4615476908634
3428.0159710145704,3514.6862461792493,3610.1358737005335,3706.7904749495947,3794.808457028624,3873.9428808035054,3948.963514760004,4022.2235291514517,4093.7754265045805
50826.07534154063,50649.16921913662,50725.168304551364,50930.45461979123,51113.17223963872,51271.21604012692,51471.816224069786,51741.309927577146,52072.07611950516
32546.416028191972,33100.897034228954,33781.866314373096,34533.94917473172,35288.135952119614,36038.46833502621,36811.21585138481,37617.46995459982,38454.73586332493
10982.493094649082,11449.267352398452,11968.809791573492,12517.16400809292,13063.878964296051,13604.759717657937,14150.63780918222,14707.226290679777,15275.010325268227
35252.267192306936,35585.57470476452,36033.760958049876,36528.43627017413,36982.03323694731,37393.14788251992,37802.33742931465,38227.931910513325,38667.91771526138
5271.40695599763,5334.77497448284,5419.203253147149,5512.214677187345,5598.330793312222,5676.738512506413,5754.04408530277,5832.9581516140415,5912.946998198352
18210.857744311787,19052.163218499176,19946.537741936445,20862.802153107546,21763.32958779564,22648.546596432665,23536.469917785435,24436.556877746636,25350.45382175114
6147.759027529616,6322.635719144144,6508.930988118063,6696.9714595115465,6874.012827188607,7039.654122194772,7200.089294141186,7358.516017744207,7515.1108505474485
29236.695569370924,29330.16030701548,29565.681845844818,29878.868683275028,30190.236149536348,30497.44018557862,30835.18272193961,31218.432736846644,31645.10382679071
17146.72816560626,17582.67375664238,18065.985354042383,18565.92059591908,19043.182590029162,19496.048505466228,19942.795424042542,20393.22144336161,20848.61419314178
20827.34201629517,20874.395952883147,21016.186902546753,21201.26231616452,21366.763285796995,21510.68941073568,21660.35534511186,21827.805278123138,22011.839849700093
5730.931034858519,5840.620925674424,5966.9142505640775,6096.768183949773,6213.647751099338,6316.965125547258,6414.168161171427,6508.964476314452,6601.032628338038
981.6360759259987,1069.0810421596084,1163.0561097572604,1261.0499733101233,1359.714189755154,1457.2701833216959,1553.622060617603,1648.8763681939593,1743.1217707486826
4224.496947150046,4428.01920235217,4655.755003426,4896.128415858174,5134.8156872620175,5369.4812804755,5604.844532797105,5843.135758334359,6084.451725546283
9532.730694389786,9761.597509258743,10049.321184257593,10367.13863253733,10678.34117382426,10981.214717386953,11291.908707400598,11617.870204044635,11959.106230735124
8139.137744369165,8481.121866643412,8867.64681917631,9282.077141343858,9701.673970703994,10123.185674515125,10554.888232883479,11000.993585213722,11461.461393944917
4440.401084713073,4507.4432600336495,4596.962430206194,4695.933718374932,4789.310502221998,4875.320467343491,4959.666311970304,5045.6393787316065,5133.445636907606
42379.94704179166,41975.55225608158,41777.48321721017,41672.73389991756,41523.67365540268,41333.13313300925,41166.17072335572,41047.93506397068,40972.13074955012
7127.925814245583,7357.688991249295,7608.445891945485,7865.186794707281,8108.104059811878,8336.36061167656,8559.462049629554,8782.743164821775,9007.299544477512
12077.753448254542,12309.749093320797,12579.054347911575,12862.896597267578,13132.495442813128,13385.93464857763,13635.455896951426,13887.185544488606,14141.199087398045
12821.009073794841,13076.849627220294,13406.430008086683,13771.109367676789,14120.673839369489,14453.295648085628,14791.155012060186,15143.150124291165,15506.9252834473
69165.4777221104,68261.12168221519,67672.7960163021,67261.31673584157,66860.63862718706,66463.08529775907,66133.26607108042,65894.3850220551,65735.19145180778
32972.48770650865,32521.242525242236,32289.03596213885,32158.064154926895,31986.683470274293,31781.880622929075,31612.590930362865,31502.70885262053,31444.11543027742
4021.1799858482377,4101.701769820269,4192.231855755753,4283.15117419721,4362.45827346598,4429.547836173898,4489.733101832321,4545.49462035096,4596.7299838611
3557.912933620862,3727.04983091569,3930.214297929424,4155.434948820805,4387.429006199242,4622.412582859311,4863.563853330701,5111.701948579844,5365.180258697715
3267.933451682748,3314.752667598048,3378.5813557981046,3450.946727982717,3521.2964016654623,3588.9111806391256,3657.9936892253763,3730.1295738442614,3804.6775066882196
1775.5388174260227,1795.4026318809113,1823.5629765085387,1854.5898785183142,1882.858267910137,1906.825318540582,1927.1988406211672,1943.7214725438282,1955.3994990058634
19872.977881752857,19872.004653283613,19955.673195334242,20088.991551816824,20228.831377007413,20372.87618910117,20538.42263642058,20732.499221060683,20952.933927976184
37005.336505110274,37208.83420010392,37554.974219439195,37962.44325525591,38328.60243009846,38651.30777089815,38976.444710179305,39323.13172437668,39687.23280600147
16766.704853335814,17120.913999096756,17574.112624508936,18085.910069394366,18604.138429826726,19125.940087379255,19674.078202952336,20259.08706840184,20880.270562089627
1374.8367381466676,1462.6838256202645,1558.942397083054,1660.2647795583152,1762.3517813735536,1864.9123508640248,1969.5227665084874,2076.859058184239,2186.996399793099
73132.77212542795,70997.30952757344,69338.97730370396,67999.52809763468,66801.81518548548,65718.20558738319,64788.007641004995,64014.80837905321,63372.71401228024
11763.834295014376,11839.322584154903,11974.01389611214,12137.25275721294,12290.140836283821,12432.495840485355,12582.544027326016,12748.0292700262,12927.805842952725
69018.77781112044,69285.55517242667,69815.21976525453,70479.75934016528,71121.32516396136,71729.39683234745,72365.26864857557,73053.20277176521,73783.70224312345
22241.702828750436,22320.463111084748,22517.12965007872,22769.96798048645,23001.959400051033,23212.421165537125,23436.519976311865,23689.065427863054,23967.83829774243
23460.092418603042,23289.934425722106,23253.82421551524,23282.230438338895,23290.323554386585,23279.0348365634,23287.689108835577,23331.553733394612,23406.975461349808
25639.739278142086,25198.83488326568,24920.98862279946,24743.868508534455,24595.010294549684,24467.534530177323,24384.536638233105,24352.671833416935,24364.922057302425
11100.73631867771,11083.103175360688,11149.636684069965,11265.307114101315,11388.219795121191,11516.621952403926,11667.091061739286,11845.0114219681,12047.308027021787
38698.716418580494,38198.90696548446,37962.31931311628,37883.3637904361,37837.668900661665,37813.35028928574,37850.45255508202,37960.32999060011,38130.72116512204
10545.248556097582,10582.979691432778,10718.877001409894,10924.022086039557,11164.49925566941,11434.09409154339,11740.615744372213,12085.833976336657,12466.314229593952
8615.94079653817,8928.903473050408,9282.105126185714,9653.387452556024,10013.685922474695,10361.813340324727,10711.406178100315,11068.956055371293,11434.481426079796
12128.60329523204,12156.024861112277,12235.270453067804,12343.130195103382,12451.658013520348,12561.373520698695,12680.974267362513,12814.23201817107,12962.811932924797
36023.80566894684,36407.107396714215,36923.434846757074,37493.99025930708,38017.7667016838,38493.54129256492,38968.515246905416,39463.23959574066,39974.51969408474
7729.3585313556205,7963.212279791541,8238.381311432575,8535.077715059582,8827.652446534188,9112.218395989323,9397.268803058989,9686.584871521978,9979.23253225076
45255.04605946683,44819.921708563015,44561.909256060426,44395.60759719076,44217.720247242025,44025.06476587079,43860.90936458397,43742.77893800217,43665.90213298136
10996.486182469349,11368.124135929378,11798.016238077698,12258.039997310698,12710.928049748156,13152.869164991947,13597.623743684662,14049.10463329184,14500.369269940353
98367.16813109709,95452.73268484778,93107.59013291016,91085.63627570227,89100.13350876805,87146.84550512789,85337.49326664831,83708.3082146994,82237.70307836813
44094.14548152119,43659.22898278298,43495.98519402459,43518.95464733577,43627.449065951,43807.71642042696,44087.062414654574,44471.76433276847,44949.74958228909
18021.318325790387,18503.068943354403,19078.095109989757,19701.324666531404,20313.879521979627,20912.40036420887,21522.079037046027,22153.87133847778,22805.712024745288
15648.815443788686,15584.325220445113,15597.641971135055,15655.325677012872,15716.35182666985,15779.865586809947,15863.67983332553,15974.763786049307,16110.926675095943
38639.4700430287,38862.14381744336,39161.207044591734,39473.767521738315,39721.746451495696,39906.54764247787,40067.176037333404,40220.84893857404,40366.083863523345
3237.4662519897156,3316.915613133362,3397.5365167822692,3473.280519779983,3536.494375874625,3585.600259999731,3622.8197605055398,3649.472436928126,3665.359450375839
5191.999839385488,5398.365469382232,5624.041285587668,5859.1231035431065,6090.6169249647855,6316.664061336974,6542.052438108792,6769.620786675992,7000.0501858324615
15922.151643896099,15819.049777196778,15849.195132356639,15956.494610786363,16073.468449032065,16197.65282230857,16356.055068269441,16557.892198371148,16798.843862547117
13620.863912977926,13605.738159694403,13647.512854142413,13721.412223584037,13797.608253853468,13874.17557289712,13962.370800661054,14066.213660028074,14183.598034029274
15275.679559246208,15388.404732512005,15557.394170581336,15757.220307233789,15956.622266820135,16154.044192291425,16362.45215754215,16587.34818879078,16827.623060365455
52157.074070161485,52303.17953225394,52593.56624117806,52947.92907275067,53263.82034608503,53538.17539958869,53816.18221482606,54117.39638844584,54437.75091368305
2758.7434809233373,2960.3553137056583,3188.526211788965,3431.0322315094377,3672.6847310914472,3910.7733888542257,4149.630941842958,4390.8528062074265,4632.959513186036
25514.95100419848,26597.4847810833,27707.764857744725,28796.394245170617,29801.842114523934,30720.33785367294,31580.170356651666,32395.710797615284,33168.09610544189
61800.31629189698,61144.03988535969,60933.82344058366,61000.00343130409,61142.03074173908,61340.88687174907,61661.5396601633,62122.013991545195,62701.34743829625
41579.86257849373,42034.24513050886,42681.79196476099,43410.7248751363,44079.6613653992,44682.17600849894,45277.81849708274,45890.548057709435,46513.40600302302
21111.84955370634,21179.56447336101,21324.522209964314,21500.020187698217,21642.158718360355,21748.69674182889,21849.63815060133,21957.602899501868,22071.54798282892
7670.565373467751,7810.534097981861,8002.144080774482,8218.040798481683,8423.015740713628,8618.073710176226,8821.04669868722,9039.144393404218,9271.336813269769
5539.637264945767,5692.539160280009,5868.951121710767,6057.909916696217,6244.5677506035945,6427.432492222087,6612.546381117347,6802.972071023321,6998.6272092639665
59912.735068011665,59493.6502258042,59334.44394250562,59299.34487009567,59220.268039375,59096.51495446381,59004.01638298668,58973.29256064711,58996.51945043202
25213.048466075634,25179.7648996994,25221.94892904277,25298.015222406088,25357.122738600603,25398.7794211853,25446.010611431608,25508.086561563687,25582.718667547302
13872.178134089816,14282.84958691814,14760.99402003086,15274.109396838754,15780.081897720513,16275.854433871336,16778.826291834484,17297.01570457847,17829.80932813812
7522.948706880354,7691.40676346178,7888.715577341066,8095.231887224247,8285.988787047663,8460.039421662052,8628.617238110002,8796.856109875465,8964.481528909619
35782.578143032515,35867.44411393611,36137.94433628479,36473.613349181556,36723.16098138298,36893.86607427327,37063.50672396627,37262.82798130046,37487.17164998968
4415.053915115821,4468.5057769916,4542.5809176894545,4628.614769176522,4716.576194796411,4804.257124598015,4893.628075479656,4985.17754851501,5078.091142964053
29276.804976201605,29352.4300540871,29575.409596709975,29864.36937623894,30119.986723187783,30338.897056445214,30563.068334835294,30809.41125571031,31073.38577027631
5376.8353943739885,5649.575281875926,5946.31968175863,6254.461763155763,6557.495149824626,6853.400995510032,7148.919885154123,7447.990748358714,7751.44886377949
10071.450441151872,10194.05127435195,10359.94689241148,10544.095820314678,10715.326689227611,10872.852532398127,11030.898156741456,11196.226658852149,11368.778899288856
50830.24888590464,51169.133400382234,51714.513202584945,52349.13749545696,52926.50796780342,53432.20103888078,53916.77948260358,54397.648362209315,54862.93052396799
36282.02632938597,36724.73219900796,37322.95864320225,38003.42713933046,38675.77550401474,39338.81049104925,40025.90382416081,40740.75245687083,41473.6194643768
4766.083371124598,4885.1926454297945,5014.077464425573,5142.9804745258325,5259.290557811565,5362.46622043497,5458.547721721802,5550.659042403991,5639.097621851923
11383.85739422395,11589.53806233197,11842.21450358424,12119.75950284903,12394.05488109104,12663.421690024597,12939.362966881037,13226.34204413141,13522.697531429025
35285.07961216429,34751.60542551319,34423.90513756697,34194.78929088306,33935.28381671611,33648.71751295746,33395.438726905944,33197.67677422395,33048.873973978676
4812.659879968848,4884.667758672702,4989.166897904881,5112.055610845712,5236.034168033715,5359.997115287616,5490.824258896375,5631.163047577322,5780.140351374175
76050.50413601837,74072.44421363893,72553.27829516264,71323.05089817745,70185.97942928037,69124.39638111014,68199.89419487587,67428.92011234052,66790.89923412103
41177.29286063401,41088.9800930702,41192.88145265851,41411.58280427883,41649.1632819653,41900.8928498746,42205.36751721448,42577.64871000645,43011.88863273198
20313.391202133505,20731.450917623242,21177.64631687847,21614.205178050677,21993.071383677856,22314.311898633314,22603.02063180121,22872.96436001112,23126.64555555211
7942.417896976733,8093.423804572347,8274.935527847845,8465.028077615216,8637.526390028996,8793.089088038774,8943.173211976522,9091.880658790813,9238.995680778213
7276.393634928676,7619.994881921772,8001.165379994541,8400.318594427425,8792.846921722496,9175.846396359988,9558.488004816292,9945.34402558658,10336.53194282533
8515.084153461716,8408.056783817852,8358.166062270304,8339.208805642163,8320.218396683113,8299.870505976629,8290.263700399237,8295.681212109075,8314.3802753919
4556.065012806022,4711.193156224065,4888.64938422869,5077.743340636138,5264.223437116956,5446.345168662884,5629.40145938539,5815.562740273597,6003.9539386706365
29845.328651223288,29451.880398953846,29210.003748264637,29041.448113059538,28849.985494483815,28637.52400874564,28449.244631367514,28302.713042899042,28193.59536845065
34207.86181215937,35063.61634629964,36020.63993710716,37024.81081069562,38004.98318768427,38955.42625782407,39904.611275091636,40864.52521923112,41831.22631722262
14678.28371059023,15226.494517774716,15844.919557122508,16501.338539108754,17155.331880883037,17803.975599912395,18464.690118243503,19145.996461302493,19848.231378926455
20360.96231014408,20810.782398303905,21321.25563737751,21848.508355380614,22335.838444986235,22783.05643966835,23218.961512081863,23658.60956887211,24102.84299033864
79212.7152718495,78412.4695836085,77934.8268402918,77608.51271104073,77222.57235773311,76774.21970649145,76355.8287731553,76003.57269162503,75706.2357200152
11617.910919108002,11804.836223795855,12076.32325810431,12399.19327294253,12731.805014956699,13068.941600988432,13423.646501604744,13800.791314212058,14197.953939794144
1892.6206474796654,2035.6608339984707,2186.739138387308,2341.509291549633,2493.9692231573254,2641.981684238078,2787.1267401532978,2931.02958965877,3074.511481956007
-85374.70701313841,-77733.42067046628,-70464.13095726915,-63325.16533095999,-56055.01550243431,-48632.21163047,-41125.6097688876,-33541.87235104018,-25852.765329218284
16011.653866237653,16126.254588499,16332.629723136197,16594.972768803258,16869.466960214428,17153.23930994186,17463.546544138986,17807.62939968802,18183.751590174907
5200.327258884196,5462.694134058656,5734.586793357665,6007.414372688153,6269.871799825059,6522.238709533411,6771.250443006769,7021.11806400376,7273.361221321743
42968.03775982186,43495.26313572606,44203.07431185327,44977.65114986893,45672.12740244695,46288.34149646723,46899.02096478841,47535.280918334436,48193.102999634575
20097.58347827071,20272.006224529305,20524.787310079362,20820.063423810832,21113.503813809537,21401.727531797595,21701.8235766921,22020.76995848842,22356.541223979228
11281.832002116367,11555.695374542252,11861.087659024175,12175.79344304555,12472.935507830656,12751.508274193206,13023.42167927803,13293.658830554494,13561.489488315476
14129.952043798156,14539.549711309928,15035.771243504896,15594.093194324816,16182.032150531915,16797.94762684527,17456.56694796652,18165.314675551657,18924.68961000403
69269.12652858274,68870.54288443002,68746.23052201392,68775.36649504014,68814.14951678502,68846.16591293355,68915.71984589972,69035.7311911074,69192.03354504479
8250.749105568873,8266.717007019028,8305.059652722255,8351.58623766917,8388.76328475625,8416.102357774853,8441.215869952208,8467.168352491813,8493.099142691088
22005.198881712033,22112.016048965743,22332.97362041687,22608.126918218335,22862.363940540756,23095.441654383234,23342.37659051696,23617.910264534363,23919.76748347356
1986.338771977638,2065.912276397535,2151.849746808517,2239.219258241796,2322.053095998075,2399.5412702523295,2474.153080227794,2548.0602144822683,2622.226478138826
12078.717832139668,12178.092389561365,12329.386294101088,12507.737570740297,12681.364368595614,12849.39813175366,13026.028050132598,13217.440383661035,13422.68882778569
31309.0231921703,31085.530882375206,31059.598251108364,31142.05688445055,31224.751373948267,31304.943547689276,31427.869845362427,31610.67035755172,31847.448238254692
2021.8341082267218,2137.1787686195635,2258.4200217778325,2382.2630831206566,2504.3135210112064,2623.172803094568,2740.491930740881,2857.60653197073,2974.8270741431998
4819.975460045073,4702.057214032273,4593.294782397792,4482.232875437279,4355.737081554911,4211.6815117085,4053.176479450169,3880.6644593390115,3692.387308754418
44654.009772075005,43942.496825969014,43477.85647877835,43125.27352202668,42724.74104757158,42275.355268097366,41845.83644315807,41461.10753987743,41112.17670531821
16770.688477562337,17410.382601914345,18144.618532047134,18926.40998461935,19693.947676633103,20442.764142000706,21198.739025363997,21973.30113671956,22765.36130291467
4652.1081347619465,4699.750232811066,4767.397017326208,4846.699412612599,4927.4734813786945,5008.555495028405,5093.389728441129,5183.4162375451515,5278.180725760423
10738.201093338923,11265.467094553092,11855.709418684824,12483.327708023413,13114.42188699424,13742.553872564597,14377.71506470078,15024.414072828044,15681.249575179234
7015.275449881941,7391.80036090558,7800.581268362686,8219.974132868701,8621.041368775086,9001.689073961343,9375.07221547363,9748.196803176368,10121.419859798922
11091.626067862495,11333.098218375744,11648.020917667329,11998.847758309632,12336.790618888283,12661.28289692361,12995.239400515453,13348.372582726233,13719.549344797708
780.0125841341717,867.6576805471046,972.0770225360093,1091.5715249526556,1223.6144393594404,1366.6619426841146,1520.1722782436573,1683.6286377122112,1856.5141047258091
3086.8957005897437,3121.6407201167026,3172.246741180529,3229.0152527855244,3280.0247185669505,3325.109717973784,3369.6875362959963,3415.6692711501073,3462.3895949431408
8120.54884660885,8223.714985420133,8361.151779261736,8513.532724684474,8657.601025561828,8791.890336261018,8925.94618581195,9064.004048974166,9205.730034245966
57285.30672955941,57028.37189171283,56952.787016626746,56938.78776442285,56838.75930587221,56653.445119961,56452.63772410923,56266.52818351089,56091.21341384605
3078.4587056064233,3135.5148527701,3190.7868365862223,3240.912526463332,3281.9241850385133,3314.136496955391,3339.915119575074,3360.2765586348332,3375.20243874914
36027.42364637165,36190.760285325414,36520.225932519024,36922.38470981655,37279.26730941151,37587.59711769155,37898.57038893074,38232.63838170503,38584.12160702312
4917.957943870522,5015.821000617566,5135.898512893465,5266.945080372723,5394.551873802995,5517.6022756433595,5641.7983932556235,5769.653898966477,5900.804668180101
29591.798499128614,29664.008331687404,29922.286086443197,30285.696872722787,30652.386701882846,31022.245443265434,31443.144474816407,31935.160149800868,32494.360850802877
20573.067696674752,20892.839472840205,21299.028787470776,21746.121214346025,22176.1309190237,22587.03612487887,23004.978786325217,23442.162563224072,23898.384483120975
10090.693022631562,10232.110578870877,10430.483560533441,10660.99372842746,10893.011614467441,11122.9672444823,11360.649998283865,11608.995411624857,11865.421266834259
35681.41824070202,35326.74313228031,35194.04633774204,35169.34064652278,35114.662051805055,35032.485762145836,34986.588684309485,35000.296636407045,35066.16380410895
1662.2323307384595,1734.6847331159115,1810.5679548992762,1887.3083212979543,1961.7158403335502,2032.976181874754,2101.854127874805,2168.567819146181,2232.9176841219264
2291.7549310634367,2459.306560931188,2640.9463769657577,2828.7549010199577,3013.265855641288,3192.2852152176306,3368.515782169136,3543.2811919046844,3716.42026491824
14038.247796528207,13901.928535237133,13842.676106436285,13830.284742189215,13829.191283881928,13836.640565529926,13864.938708111982,13917.851782448079,13992.075376861669
55624.59189234903,54813.470406043634,54385.49143122748,54172.18985740961,53973.35458208323,53784.49105185534,53687.93432190024,53712.525717102166,53845.068259738255
7742.42328129506,7948.42801289205,8182.0260660886925,8424.332478559343,8650.194331786442,8857.655580629265,9057.1044528293,9253.114918222036,9444.668637100012
6267.376594885324,6424.061846166802,6602.612876641156,6792.429254690322,6979.747258299904,7163.685858258761,7350.1524349302645,7542.027614204614,7739.271602093694
27829.51685667298,27683.097337619172,27693.76867960743,27788.789433008573,27878.414453185458,27961.387230730656,28076.939525047863,28240.132577114662,28446.31171488702
2293.1005659143234,2394.07589332646,2491.2878392563434,2580.654586275994,2656.799083028275,2720.5138042119656,2776.068500406915,2825.9372227911044,2870.9124869394586
2657.37205784195,2746.4460867484845,2841.4432736109407,2936.2045455353596,3022.685691629167,3099.2744841979347,3168.39510072643,3231.158395158425,3287.2458728076526
25488.487265208987,25474.61543461277,25581.329291545553,25747.6197651363,25896.778432914318,26028.672195866588,26178.837993467976,26361.96083145694,26575.0619515359
6306.773983924063,6465.079170873189,6658.306275501875,6870.3253800823595,7079.761288583128,7283.875743695259,7490.072811627675,7701.913631937854,7919.344372003137
1247.9443222906343,1337.3804374921895,1441.435207355761,1556.385091533611,1677.9477499596546,1803.7604823370032,1933.3077150110037,2065.994122086293,2201.415879192193
16281.938982772717,16890.28169694046,17603.394608297684,18395.976025166674,19234.204706048025,20112.789001950478,21042.422096388484,22027.509471285022,23065.85518482405
4106.4055330315205,4265.336531003334,4423.3383008466535,4575.865115063259,4717.962265681975,4849.629895142758,4973.890029311098,5092.443730104351,5205.9565328986955
6699.9958915552825,6845.704724677091,7035.900238659674,7249.050509096155,7457.45961002206,7660.076148146439,7869.236785230523,8090.086540267137,8321.644188551252
1884.8466632827872,1923.3189388436606,1974.032840807001,2029.9756424346776,2083.855936160355,2134.291500609252,2182.8654685912734,2229.8125657739542,2274.6202668700566
9475.46731192908,9841.447737284912,10245.552736840938,10663.372653625556,11064.339408899323,11446.34821446208,11822.656435072287,12200.350500106066,12580.32426938929
1561.7105446349005,1695.733202153801,1838.9486465319487,1987.3941777454284,2136.676425895727,2286.5211627551303,2438.0328481341007,2591.122366936454,2745.9080191141493
6159.874107022397,6451.844948627477,6776.992797937505,7121.606153714512,7468.517776320471,7814.225163992541,8163.980003715772,8520.944496592658,8885.664280984742
24603.91808516942,24627.58736079755,24820.347661140357,25122.48040466391,25461.62686402436,25831.332384882957,26256.76208561768,26746.209190303187,27293.891594384713
18039.297461754846,18136.455056320814,18307.292287597207,18518.47045513594,18728.61254444747,18935.564052485886,19156.306897428858,19397.836799549943,19658.105158874616
9448.28019818955,9577.033433888488,9737.148912647137,9914.447658445706,10090.112613585237,10262.847626528763,10440.64783855277,10627.424040063905,10822.802320909406
22640.74255756026,23427.914587024985,24323.41587671836,25283.036683579627,26249.655481396858,27216.51746796422,28204.339955045307,29222.631058411727,30269.908009744322
2155.7600246237457,2231.01265815252,2318.359975345488,2411.678658455895,2503.4554530709684,2591.848932291785,2678.585984294353,2764.731081133959,2850.367054426463
2638.7655537119194,2823.7548114622923,3027.572482574145,3243.301431681729,3461.0288107689717,3678.2024060460126,3897.7313395725023,4121.371115316347,4349.456524588172
4725.067818933035,4953.307279999184,5190.774478915364,5428.930833271736,5657.4973926087705,5874.501331181542,6084.68512499108,6293.698988045612,6504.614916826893
10736.745642530701,11210.187754332339,11727.26363817688,12262.699461645741,12784.378460377438,13286.428404716793,13779.016697816509,14267.746898333027,14752.711468232614
47443.1762424147,46798.39451142421,46408.21519984227,46171.76601878489,45969.7879542681,45793.83599365032,45686.514793697905,45662.30533890687,45711.663993999515
12266.951217172596,12563.524256913584,12882.220540655404,13204.387940786797,13506.178517720758,13786.086174970531,14054.339836877516,14315.814109617842,14570.337075171377
8001.7097503561645,8111.417968598055,8234.911275932795,8356.823252352802,8457.96693641079,8537.433492259346,8603.380445478275,8659.193933958353,8704.121196696115
9053.010332809736,9308.878158041416,9621.994780463845,9963.676426041291,10294.082902370285,10607.246177605159,10911.43954544819,11211.413873468455,11515.545870641816
12939.851705523282,12985.048413792003,13107.06769758157,13269.260040384266,13426.91174857193,13578.359557019081,13742.589033368962,13927.583150983366,14132.161447813885
23208.44356803157,23083.761043561946,23065.79438828812,23100.955264327218,23123.27978093839,23131.596883130573,23154.74561020446,23204.043223953922,23276.04645543661
15655.605299289866,15827.381333021704,16041.451271676326,16273.018985590246,16490.284803359747,16692.890355267406,16895.87467808387,17106.608722362445,17325.272583261885
13142.50352046098,13314.404438163661,13559.959742502382,13841.750231095886,14112.411402010855,14370.902815950816,14638.678504087136,14925.075099711426,15229.14773096064
3743.280584383808,3845.7679291756563,3965.699352216462,4093.36608805263,4216.037421595247,4332.650123377658,4448.422383306612,4565.506687991927,4683.232485080293
9706.648421935104,9779.66360726406,9902.806876118839,10056.035072841152,10213.9286694477,10375.105741439424,10549.82570430268,10742.175100288461,10950.833328422965
18910.20947215759,18847.962892345324,18856.7059543336,18902.883358099945,18944.1190737429,18979.90315057942,19029.690998154016,19102.070645490352,19195.934673754036
56113.723210967306,55075.73707515042,54309.62285986877,53699.81107502128,53109.18593277684,52531.580413455835,52019.880756222236,51592.94946796966,51241.21310534896
6047.882635818136,6205.138349774914,6396.303653393757,6609.596114070087,6830.358600699048,7058.274529219154,7299.52680877468,7555.658711784607,7825.666362003878
3069.4297310993534,3195.8483711740146,3340.353801467308,3493.8120662672923,3643.9709213334468,3789.8091171850288,3936.4843463037146,4086.528624336655,4239.953128519608
53264.56293668052,52731.37659561839,52414.076524976364,52194.78746706708,51929.63745642106,51617.95704501186,51324.397945700206,51075.20638113199,50864.238164475784
15080.08354261131,15222.55145150266,15422.693993869045,15652.61712525732,15877.112672480846,16094.787256593188,16320.809265870961,16561.533660812485,16815.41261723191
7298.821651952801,7573.581245830428,7875.786689976161,8185.420637592931,8475.339229001973,8744.313548340244,9004.683534304018,9262.4738542052,9517.94702170347
66106.4098940354,65714.53934877444,65621.85050844816,65664.34288923514,65640.51293774175,65550.67325942249,65487.320997936964,65487.64579882657,65542.98242047078
9188.642495435923,9533.838471793304,9949.844972117213,10409.816274656354,10879.740015709049,11354.280794319771,11844.046576127432,12353.62061643066,12881.869648844013
61992.36274341237,60807.388799942324,60000.18632566787,59425.53122882511,58915.19181305842,58452.84064955775,58090.68314357961,57842.076281383175,57688.32144927879
14039.906727142654,14022.954574457865,14087.404963533902,14196.793158839659,14306.203466769572,14412.96870383925,14534.816632275335,14679.181324608026,14844.384480437797
66058.51882481673,65533.56368320103,65222.381149432906,65007.02270988087,64740.38687218251,64422.5835199133,64122.05362233431,63868.14915895061,63656.14951773208
1099.4307983311,1184.7981010005908,1274.0039865174615,1365.6517815963664,1458.6715161686543,1551.4738370360533,1642.9033844780306,1732.0143562489563,1818.096632268622
24619.000302202017,24648.309550862956,24782.502509071357,24967.164413218532,25136.038687035936,25284.756101169354,25438.677507326913,25608.68764952864,25793.57903371321
36573.04031678051,36792.59282343591,37191.56825039787,37694.486445171,38207.5695620831,38724.87044734037,39283.39914646216,39897.86753050719,40562.8932544514
1547.7592052337532,1656.758771931394,1769.2779489114573,1882.6269481751096,1993.0427529585795,2100.2026817879546,2205.9031469284846,2311.3710625347353,2417.3013771626993
45093.09328578708,44390.487812601335,43988.966323754066,43746.14278350255,43493.646807454556,43228.60762404839,43020.43220475624,42892.85860179981,42834.963402838075
21704.437252869793,21652.748560534616,21712.666767553896,21822.829531609128,21907.13788857938,21967.044765075818,22039.479170578958,22140.09834455751,22266.50679779037
3556.2642457656275,3671.0182097400448,3802.2440826251664,3939.302081294827,4069.4898766790398,4192.197360838405,4312.917857171153,4433.988708268761,4555.339726499748
9490.629843052846,9816.392179156808,10183.990779497783,10569.75342618859,10943.979330949798,11301.730600848563,11651.936028445283,11998.940724044498,12342.687300256512
3554.3933208889493,3838.260424149276,4128.31853545794,4419.314753121102,4703.3242570078255,4984.944120315043,5278.882266735034,5602.226699547901,5956.15503873529
31798.303117692463,31860.003436678813,32073.219201934407,32361.333754913732,32629.06285539342,32873.42957406601,33135.48486141836,33432.21046988437,33759.70551363538
28837.54400740089,28356.6559545151,28020.470386587236,27754.97268623541,27471.64913944185,27171.293618817836,26893.7506982594,26654.081361922115,26447.707209184977
49668.26804029727,49765.736785269364,50082.67918042514,50514.32634258703,50929.699893037156,51324.4731425097,51755.28583795983,52245.98401185933,52791.08942459906
6988.943287259221,7108.096166617235,7250.493637106424,7400.295023718344,7537.005914104463,7659.6221199518695,7777.253631152194,7894.174104270043,8010.0507482012845
54686.531209408604,53651.39821907385,52849.98486683107,52159.26746643873,51434.380019508884,50676.96291330999,49955.55196467531,49303.22203696905,48725.72795042691
7019.6547660271735,7293.191125395212,7597.625050762667,7914.113897193437,8217.593651121873,8507.131891350778,8794.695489309082,9086.203296262376,9382.234371714796
75532.85800136655,74127.04823489371,73245.79840396853,72698.26329677309,72265.02243688109,71927.35791108335,71756.66236938663,71772.78788316909,71953.65728836696
29598.038920798674,29770.999672467737,30110.966983327744,30547.824558740078,30994.873024306522,31446.68254195625,31937.551687148392,32481.14324124589,33072.81012042841
96282.83293626922,95394.17927187002,94872.6944096794,94516.54508279453,94080.15835876622,93559.80476283381,93063.05741680051,92633.41696143748,92259.70642422921
10115.305188630831,10545.1110585483,11073.922098727418,11675.508309759547,12314.165134319968,12985.644312327242,13703.27162865003,14472.926351476677,15293.275476757797
6984.465045103033,7323.122263566548,7688.583601603221,8065.659842346044,8434.231237023396,8791.94298271568,9146.84874748745,9503.043616757954,9860.610142150323
30090.27930331531,29721.38347600594,29535.398363076903,29458.69733050919,29402.867239439067,29362.449420052177,29369.970066642916,29436.41109789909,29554.725920269793
4878.792909406243,4939.774857780635,5010.855599251486,5079.683484175585,5130.51662466904,5161.571504159091,5178.09032427878,5181.9099474018,5171.867933033123
4239.225142174958,4327.621944650762,4453.72085685524,4602.858287132145,4759.789697779314,4919.207750633261,5081.241756537337,5243.791473471587,5403.4240330339235
2585.4412014089658,2680.7652185180723,2789.856249730791,2906.4314057904758,3022.9488418593032,3138.2767565728986,3254.8458668868984,3373.9045966394915,3495.537864357023
3522.3651146367924,3621.8185677048987,3735.451601278914,3853.9109610901983,3965.296434964544,4070.071865847862,4174.14191799212,4280.153058213222,4388.519806260709
36003.54734204692,35762.314926688334,35701.207781406345,35730.41232450474,35738.9493628367,35727.020880952194,35745.36461014545,35814.173371046214,35928.60638073638
45037.55902211247,44845.99116765753,44842.127658271114,44935.39183759147,45014.439080272095,45076.89770521895,45170.88473746819,45315.13250013567,45503.4379794884
9845.927678108546,10076.221195417687,10368.462957942475,10700.233555175733,11041.960856465037,11391.159244816447,11759.231414417887,12150.21049005654,12560.620460468026
21214.587228087516,21709.310665979465,22266.425282332366,22845.811233935445,23395.169902758127,23914.715188439335,24429.946559774275,24951.246498706623,25477.236271505877
14216.712835413673,14794.255178895302,15456.763925128027,16175.01717930362,16910.47155557127,17658.024461523295,18431.070785125165,19234.59453963445,20065.862631399366
17830.124453924334,18042.843685622567,18378.33576620501,18785.313231962387,19199.698054678447,19616.939140585433,20061.944202394916,20544.858204368393,21063.076505472756
12476.542506848082,12438.255172393863,12448.593138621893,12483.568452823942,12512.934608447746,12535.877251593673,12565.517076401125,12607.460867173473,12660.61249632055
57252.47990457737,57615.951810028266,58237.047604271844,58988.76865756891,59715.50890021713,60410.55528147282,61137.73082904275,61920.033029777514,62746.63796180672
35856.14242776382,35640.28216082888,35577.42329648639,35591.54583313178,35589.147800478495,35567.782843581175,35567.373675407245,35603.7069419642,35671.86344282659
1830.75580415614,1869.5005503886332,1906.923894170795,1941.2785997276244,1971.1711350390583,1996.1934161975264,2016.649576128042,2032.601574687977,2044.0130918504065
20288.440585578002,20182.635498942083,20200.12553548827,20289.02639876816,20387.116649637537,20490.084930516234,20620.699533131006,20786.731418077612,20983.501749068422
68417.83399598303,67014.37125360045,66106.20742539933,65534.47831686331,65120.30811722681,64836.531692409764,64724.88481827915,64790.24611469449,65007.062584893254
12187.69526989685,12379.87016344824,12602.636889916537,12831.41164333578,13035.466779312123,13214.819513954779,13384.50747804957,13551.223687372238,13714.495740200997
12794.07389631935,12851.887466894224,12951.956467529835,13067.433096790644,13164.006499701127,13241.808142162641,13317.34035269742,13398.129354153763,13483.852925898977
30840.635595244978,31791.76688396735,32879.57701392451,34012.85206865899,35070.99363227138,36052.91594276097,37017.52162267026,37991.012936327395,38970.86424308857
28271.383252405125,28468.502225743312,28750.67623424363,29063.059871284466,29335.086268310402,29567.837942381313,29797.207507559207,30040.182930133855,30296.56069034746
16811.035539642693,16804.19365849721,16857.671621101017,16944.274029150536,17032.626903013574,17123.400041346707,17227.752040317624,17348.35918962926,17484.219592630954
9916.373578058201,10047.626144585072,10219.205703004603,10411.234372895366,10599.431234896754,10781.539966306564,10966.575377372843,11158.471040924644,11357.224875309576
12317.193823647844,12863.371733473632,13473.278093913286,14118.372793351584,14761.326938552345,15395.09752527013,16030.35757806158,16671.31376678947,17315.596639452084
18862.986313680005,18810.31637953154,18901.686373893197,19080.578487006453,19279.33133494398,19493.57163867849,19748.350536459027,20051.807072509102,20398.653939651944
8524.009969052866,8504.45497477431,8527.498114429982,8568.6573971117,8597.473308373865,8614.58830385881,8635.22822208165,8665.852872039448,8705.541817445259
15139.54733247873,15529.348462652795,15984.042373322345,16473.25508468644,16959.12807442435,17435.627350284452,17913.700848784145,18397.955669426785,18886.758970219547
26900.830940338048,26961.40119305139,27119.75609811027,27330.07768781178,27535.11528360364,27730.93181577152,27938.722100487852,28167.222039764336,28414.3893462971
45175.21673187938,45416.72538982566,45902.97962648072,46506.686440966194,47067.90916545127,47587.3473851677,48140.359638794354,48756.60988914883,49428.883576570784
7610.5888880916045,7932.909690371045,8284.94741180084,8653.290038382715,9020.521328316758,9384.580125060029,9752.187464579654,10126.922515041559,10509.06153841538
17610.43067960935,17869.586758090576,18243.717007335443,18696.48311936961,19184.012219769564,19699.118101282438,20253.372342741448,20850.12415841122,21485.3079271467
12838.224278999423,12997.03608772002,13223.709894434984,13481.754478515742,13723.95080983237,13950.568466770575,14184.514982994591,14435.41374624549,14701.758652768405
10007.67288250946,10331.389007498077,10702.04078177034,11089.173585175291,11454.525152433756,11794.609511217981,12124.272259429736,12450.913696064317,12775.156148140586
25271.38752390564,25978.896304014113,26812.626024235724,27716.67353163005,28616.48729980565,29509.725082429304,30431.44015560797,31397.963098416916,32408.28694069636
42582.51731142921,44055.93402840861,45634.57989463524,47214.323501020524,48664.26201971437,49971.54018804831,51185.61903609497,52327.834624000294,53392.18771128608
11570.065361082536,11660.32412305671,11782.111097721701,11916.432388082461,12040.430409026589,12152.442627728806,12261.401261424295,12371.247073957577,12481.448432166952
6179.072915585658,6143.904427058368,6152.277619346861,6184.76249249062,6218.052855961963,6251.2758788048695,6293.730496071667,6348.532805859603,6413.940630649043
5739.632378618362,5812.722055576055,5911.332289417914,6020.263688412489,6119.992179356262,6210.175693712979,6299.83550394548,6392.920891980932,6489.029955190573
67538.32490458616,66704.54137366121,66143.4537103635,65725.6225862734,65297.22325240679,64855.61527838315,64465.65672938207,64151.03587736256,63901.909208408215
29418.296538690855,29600.784686417723,29905.15178533302,30270.449345331454,30621.788557060467,30957.33682665212,31309.676938123856,31691.058408523688,32097.227795037554
16534.395205587865,16443.21959815167,16468.420482785008,16553.263098460175,16628.850378906864,16694.527725829957,16779.94531084175,16895.181161184402,17035.474326991345
19586.92400564948,19782.67992809431,20047.797705763627,20336.77530345527,20592.450916650683,20815.250703746744,21033.0369406522,21257.72044554431,21489.267085273266
29806.407885326487,29862.704264066047,30111.703497205497,30462.780636366464,30803.872245101727,31131.423593223335,31492.306687332988,31903.44079874713,32357.609128315715
52617.55336044633,52764.371409910615,53071.0212921048,53444.65573495349,53774.76829181527,54062.85133945544,54361.49992889319,54691.253593740985,55047.34937348677
4289.982120285863,4379.217315108927,4491.344448004772,4615.972456535745,4739.764881800611,4861.569542238759,4986.773920586907,5117.908334295434,5254.725062282447
15471.809013069747,15613.21617778704,15829.334813855949,16083.270405038684,16328.975844406441,16563.11962123702,16803.453837768942,17056.485426178715,17318.80750202789
15523.371544507627,15954.689637986456,16428.96032069959,16913.57547396252,17366.114437533448,17785.544290560567,18192.581172509603,18597.580370063257,19001.241197044073
8128.484365364717,8102.4711608000825,8138.45348764474,8217.354118537145,8316.247073850476,8433.617344564878,8578.422604674864,8754.581006635373,8961.593096440381
13297.650762964377,13379.316908582741,13552.602684716727,13779.775805258587,14014.619083522364,14254.580098135388,14517.961804775121,14811.69568507223,15133.290703057515
3418.6114572595743,3510.3504179347933,3622.8185986698113,3748.729381995369,3877.5951122562947,4006.451937883475,4134.258691383704,4253.437304209306,4352.347953920341
4351.068836028058,4462.110061156487,4588.866182816674,4720.560122053928,4843.766083551905,4957.809022372615,5068.824181007942,5180.103503045604,5292.103801764484
27545.927606351463,27947.09181872125,28450.812034950523,29006.98115019025,29552.83531827531,30083.123789857425,30622.811724422387,31181.21827229572,31755.27825477429
30935.450679837635,31203.022720731384,31553.58283956004,31931.355784421874,32267.476052141767,32562.287531004382,32849.167471685876,33142.50557841084,33440.58156895983
6123.894729971854,6362.8746776006665,6643.379730163809,6946.324947514885,7247.705078687384,7542.055617411837,7835.975132363603,8133.4680301256785,8434.271520622755
19610.66789533011,19498.087398191827,19454.96994391924,19441.400507579718,19409.248232168316,19357.85923182205,19309.342993788872,19274.856546866904,19254.933914947498
7955.755785025543,8029.037833980222,8147.103355739643,8291.087112734202,8437.572466894087,8584.696835904957,8741.431600265758,8911.567382196168,9094.214499535663
20335.904789055217,20495.342316073704,20717.115792039338,20963.41641834563,21186.743684215697,21387.39971642729,21588.407872563184,21799.706019956513,22019.9673733019
8408.208229943926,8475.89753958578,8589.648499283507,8732.530271396694,8884.404476976395,9042.224940646001,9211.731661376436,9394.86374177388,9590.128305902754
53754.59942668934,52828.626309894586,52151.6646654556,51594.511197030384,51002.06197393084,50377.72003639588,49792.473472615944,49271.72710425508,48806.28041894263
46150.55849648222,45635.686934347716,45398.77277592175,45299.62806759926,45168.267718473115,45006.469108509504,44892.18085776573,44854.93218835363,44886.27768012518
1451.2581246716725,1553.4473376723172,1651.362254973037,1741.8140649473198,1823.2468034350572,1896.8761520542305,1964.6461652147423,2028.3789265998557,2089.6671163727665
1469.881218741417,1533.9865251669119,1613.0269091112136,1702.1194832895847,1795.7216663062325,1893.8202362797072,1999.1499931072874,2113.4069748512597,2236.1999052348324
15763.53198251308,15771.14262972873,15851.380446246896,15962.167138951145,16050.349048566462,16117.001509954764,16188.18296819153,16274.8882447148,16375.718800316821
9209.00517470558,9352.727303500618,9524.202432012984,9707.81529890484,9883.822834562028,10051.079376478927,10217.942485927853,10388.516522096661,10562.906832752644
33297.472805319965,33016.05279494704,32943.294015009174,32974.26795712928,32982.12085681928,32969.16687292421,32995.7882438566,33087.26865418196,33237.97441420625
9771.861686947328,9827.325069082744,9888.363902495583,9939.203565338583,9960.553712112918,9954.56040165297,9934.194310874967,9907.457515046035,9877.592671810837
31743.562489851887,31699.110502452975,31846.49331876239,32087.709405014604,32303.487580386933,32492.888538266216,32709.512036143242,32974.6355803772,33283.49827348903
118773.32076116181,116779.99525418454,115381.66012023801,114362.95970674329,113471.75622808689,112679.3523247005,112059.71655711585,111631.2220237059,111365.11878062984
41210.160893007975,41769.568263547095,42483.15287551627,43272.421461246246,44040.23760113501,44769.59502513604,45485.32454834453,46194.464528385906,46887.281728690665
21958.27476477979,21862.09768407026,21859.458536436534,21890.771135585604,21881.962435286492,21835.78907065327,21789.555687214994,21758.82158778445,21741.522187222297
2269.592573717489,2291.544066265414,2313.5657931144515,2332.606551114267,2344.5526856652973,2349.087384626016,2347.8213000492588,2341.1390916068835,2328.368100121256
10295.101706449846,10437.129639880583,10622.290340813433,10828.325123925411,11026.858158720115,11216.683967868874,11410.017207248155,11611.751295034399,11820.407469295194
53604.30957120228,53321.07583453306,53395.59116064466,53688.49773554759,54033.524860609985,54406.656019719565,54851.90798682881,55377.89301406412,55962.86264853058
10769.76643963926,10966.15223140205,11198.804489904262,11443.685455157287,11669.834208728522,11875.883724607393,12075.514764310572,12275.509628009682,12476.246408991425
13468.274372269974,13525.93064669391,13677.347387155616,13885.45910547233,14104.822189835637,14332.40322314906,14585.599058054315,14870.809484825568,15185.110941361296
40615.50066771412,41774.391874923575,43130.41592748079,44568.99259847574,45937.578827899175,47234.917060560074,48535.88139920647,49873.64470443021,51244.27860947631
6067.556641249505,6137.044662602867,6220.41804421932,6308.347695737094,6388.742975075968,6461.4681537586575,6532.353533571981,6604.229788128632,6677.129596512801
13139.78101911155,13262.475118033355,13461.610229275926,13704.174410461228,13947.885311782848,14191.39663981397,14453.588703758816,14742.949366257131,15057.984868307714
8871.295106385593,8898.51744157534,8972.039902716902,9070.111687005385,9166.020474441231,9258.958833463981,9360.374202684221,9474.871743510816,9601.364687526006
566.3317659928475,600.3259127550454,624.5208627605332,641.0348747156654,652.339695413062,658.0425933802434,657.2194597594784,649.6238535025578,635.3581027855971
5883.471304262184,5937.90930817297,5977.514236517659,5994.125664115123,5979.230127764614,5935.101762138077,5869.2238896450435,5786.4542351465725,5689.599575378794
1330.6368403941015,1441.6458134708312,1577.1532312059933,1734.0584225593652,1909.187067302594,2099.532396967294,2302.5446687724275,2515.8431088659613,2737.8833093106637
29607.501053085874,29441.613215297464,29423.373603024032,29492.588014181238,29576.82224016607,29671.14409390832,29803.19726390134,29985.188530443877,30216.79386477832
5119.629042525331,5165.6798632038435,5219.142213201257,5270.327048289589,5307.882002262853,5333.498524431045,5355.280262705777,5376.8371982265235,5398.205001076514
1700.6609001111976,2011.3992803712035,2228.919543829029,2366.654428520147,2447.007935249217,2473.9220544058176,2440.6501548613946,2342.312250620642,2179.213845459463
50604.02404034737,51841.090272733425,53385.91314830772,55129.77564814047,56928.474788267216,58772.02121902668,60719.255847606284,62793.76306305869,64985.99704746401
26242.193509977013,26021.58680442313,25951.26637472975,25968.686538065936,25997.964798269273,26039.51786315514,26128.572482631065,26277.302911232928,26479.461544610665
19637.815537794726,19904.743113209053,20247.488798589387,20626.958341111065,20994.148380469043,21348.80958933422,21714.099234365163,22099.54447104034,22503.416479568434
48400.759515108984,47753.939508560004,47371.54645567441,47111.35550026658,46802.135203027596,46446.96692804354,46124.98590188685,45866.01585097217,45661.46299173514
77076.40671787197,76061.21961665546,75313.83408255709,74696.7908859962,74042.38688515178,73348.47174884137,72688.0643096809,72090.16312130308,71546.13041887556
30920.86711066229,30922.162183740104,31122.146897381655,31440.96335334803,31781.898273488787,32143.047374162466,32566.06390423723,33064.42340845001,33630.27535530472
22039.77347735036,22232.39969776513,22555.04497230263,22953.65511084025,23360.636781045938,23773.447937397777,24221.011992514737,24714.953199776348,25252.113290148343
2862.0284402531906,2911.0466550448045,2994.663334134119,3103.560396563842,3226.1827562853623,3360.1608299895865,3507.7859203986177,3668.9237488026138,3841.7275472176357
13577.838104756742,13534.997271546756,13535.273999318331,13557.289220403849,13574.488523285918,13586.064251098822,13603.53243432402,13631.883581712573,13670.187227842933
30024.13523192143,30336.242931215907,30799.86767461868,31348.776986147077,31899.042876393833,32446.578837570178,33026.57081139601,33653.698551301575,34324.07703054051
10298.861473700967,10660.565395079238,11027.563958737943,11379.761105517156,11692.417841697692,11964.536238623617,12208.206119902354,12430.113228304068,12631.400563933248
3431.3356767131077,3539.385769365697,3662.223596646211,3792.7220607810455,3921.3830960768382,4047.250153030349,4174.0686649730715,4303.697522757404,4436.188550851546
22272.38708325103,22282.14974349012,22428.078426068754,22650.62550719123,22877.275187582,23105.58577087864,23365.313204440587,23666.455703790813,24003.85582565956
4879.082348086308,4968.5449612411385,5080.888586066453,5205.894731172678,5330.815484630051,5454.071347647429,5579.8364023187405,5710.371130310178,5845.392792233621
2446.716806818866,2657.721631428943,2878.8793152452895,3101.1285560650936,3312.3305786667243,3512.440576820191,3707.924729009172,3900.7252780194617,4090.643713639801
7411.499984820406,7762.480444724784,8172.840418555156,8622.614284367648,9085.03563638173,9557.502581466413,10051.17704853582,10571.595466878534,11118.738756367484
5442.957002485149,5531.0584885179305,5679.278807504544,5871.746482547839,6090.216842050425,6328.92500901476,6589.169800155951,6869.722809231105,7167.706434922332
631.1688452616555,677.8989160260379,723.7077280568734,768.054954188873,809.9461781207589,847.243201796774,878.8079267889286,903.9204125129596,921.5858519799718
32503.489329282853,33009.69438200891,33731.48551608421,34574.29785194298,35416.74392336758,36257.29174252381,37153.02444183523,38128.329872900664,39179.286633408345
13819.952299064742,13866.977924506964,13971.005050467584,14105.486365986759,14237.732022410848,14365.596616307826,14501.9243287017,14652.203546258193,14815.13276850905
70373.91918053849,70464.65073808601,70863.92396804558,71433.55159402601,72025.63367044328,72628.2960937159,73289.01784867988,74015.75187473712,74788.94406664766
7268.767865122764,7400.251383627197,7568.847517991515,7757.176260997509,7943.418004730623,8125.4977693076125,8311.403145803699,8504.273238871692,8702.966698439337
28109.163572228073,28224.08219830166,28478.545755768166,28791.05384946681,29058.848666492602,29282.522998731954,29510.515132116696,29762.128296456918,30033.046934145474
17589.003558941775,17817.54370960913,18116.10398274033,18454.777414667093,18798.029947762523,19142.392644487543,19500.150797964856,19875.272178785202,20264.816596426117
24324.748585630135,24505.215467225647,24761.17327362725,25050.201946064433,25317.797413869393,25562.414969875987,25808.562528852104,26067.162304915506,26336.595750131266
5033.445762061925,5436.3193292649785,5865.533148504926,6307.033353731305,6742.020085528588,7166.6657357796585,7587.324152082949,8008.356173908068,8431.701204801597
71160.09240584874,71124.84038232596,71346.85346649628,71671.01664026472,71908.75863111895,72056.53001119898,72196.18293404682,72358.55464296494,72532.62937456336
3669.418825460347,3746.776998418609,3835.762671845585,3927.8213531184215,4012.358939347758,4088.302214692455,4159.85455251107,4228.92519749837,4295.167816636223
2679.3208392161414,2798.2126248047907,2933.8942431501364,3078.843357222247,3222.8051780496753,3364.7078687297403,3508.793342522768,3657.0956928597907,3809.436292854947
13574.183846554246,13937.648017072122,14367.029002057407,14834.622626793158,15305.279219481461,15773.811632719666,16251.125766241108,16741.8606095434,17244.190526355967
24235.851578525373,24378.47417253391,24630.983458101342,24924.88644694331,25174.258333581405,25381.096350090986,25588.19355407866,25813.61312166222,26055.333270765095
61685.4709555262,60785.01837221938,60177.60839202499,59727.20734452621,59269.45147775971,58801.92603113824,58395.16074395058,58076.10775294309,57835.600862765794
5885.381812080053,6033.21056496098,6208.224867387894,6397.891135942151,6586.3555581433975,6772.281617345025,6962.126094017935,7159.162938408934,7363.579094489934
23533.26615352918,23549.25930061832,23656.874653014846,23808.494332696366,23943.973737266766,24062.52990387452,24191.615095253583,24343.065255718677,24514.932005770588
88089.40323655773,86879.23601340559,86168.63292965514,85752.12867300415,85386.74895878865,85054.14544710975,84837.28450826605,84759.12748675107,84793.50996305417
6608.16256988742,6722.792662066522,6871.304894374619,7035.350256899261,7191.798513942503,7339.74740547247,7489.298449012974,7645.079640404372,7807.006000829852
35470.75211633428,35190.34709791006,35091.40209950417,35069.47452496349,34997.095049041716,34877.857954219966,34773.45324484353,34708.31291272065,34677.63228096783
12827.863848754727,13477.445319285003,14221.616144593077,15032.719032596247,15872.663236958475,16736.55746883426,17638.742900295954,18586.116402363245,19577.971916848488
751.4139804484832,772.5815059751575,794.7204374259779,815.6782211510125,833.4550524669395,848.7020787347792,862.5579591822043,875.084394503702,886.0264750376534
47010.05574915233,46842.110071439536,46871.92920760228,46990.9980623875,47066.39273916083,47095.83483237934,47132.12893113212,47196.27226111458,47280.46966643253
29445.610092883882,29458.88373855412,29594.26993974319,29784.986851613892,29946.653125451634,30079.672001569452,30224.191067253672,30397.476661951234,30597.14953590836
24274.054073186056,24470.10582993918,24763.12456465043,25093.95971862339,25391.077669531205,25651.42489527192,25905.608504558466,26167.05733948269,26433.91220671403
51162.04924136267,51214.62856312287,51410.54617665698,51662.770665375996,51861.20694376411,52004.22964591851,52142.37448705209,52298.05816996772,52468.134785235205
26566.982344894383,26245.980819878936,26122.190278097318,26108.160587871138,26098.800734756845,26093.452464120153,26137.382023319286,26246.48122492755,26414.156581813393
12307.982107215204,12825.399938631379,13426.112949103188,14068.838478750373,14698.136826406646,15308.103864521023,15920.139047904999,16543.385579063186,17175.680735605227
67938.28310163863,68212.69216850812,68724.79258305042,69354.50619847976,69953.07538908288,70512.96679174654,71094.84786026952,71722.73082203127,72387.87010958939
3838.5357018665627,4085.4739001843827,4355.215088097351,4632.634102957392,4897.963367212627,5149.594876764249,5395.846110685623,5640.996950990269,5885.8920269310875
83609.60636177505,83225.0368438454,83278.30128884803,83567.3155522942,83845.25971198837,84103.24245062345,84443.06966578422,84901.95808486792,85463.5164274317
28591.916297822892,28893.007749636683,29360.89487902638,29928.679843932194,30512.483528908233,31105.36892443299,31738.592235508942,32424.078449445653,33156.46063227416
15770.949584978314,15949.86210086983,16181.03604016179,16432.295531753432,16663.422650413708,16873.928219530324,17082.690290561914,17298.138563864555,17519.791861347338
16237.560999910776,16375.794447934597,16605.113831051673,16881.55520846943,17150.694828427168,17409.545296850647,17680.30502404949,17972.289813359035,18283.663032997225
1453.537319115008,1506.7316305770187,1567.4752988579298,1632.7388070035192,1698.620309540305,1764.613834802603,1832.046492424654,1901.5146958627097,1972.9527596416458
4117.088469010329,4192.426039754268,4289.950480404627,4395.563768580863,4491.841156627253,4578.34677435902,4662.941868043039,4748.9517942283965,4835.661461208588
3763.272013824802,3939.9149321984805,4130.0877682283135,4326.74560911442,4520.78763135826,4711.036894428595,4901.163130095766,5093.44252181802,5288.587599061758
11495.118181553053,11656.895694588862,11890.704212258881,12166.014304173024,12444.455596239794,12723.571353785315,13018.770348703662,13336.247194056592,13674.027756219732
71080.44407248798,71468.64113941422,72290.75403574266,73371.12755135358,74491.75403760727,75639.87568524008,76901.09140480332,78306.55143313868,79840.55942114713
99216.39851219635,97329.21238900354,95813.32384639817,94478.14750754253,93098.05673535072,91662.28235096048,90256.73315246357,88911.61042419732,87610.80588972052
1398.6364601200119,1476.0906526358897,1553.4478808971194,1627.4008189189312,1694.678410950407,1755.2260121368913,1811.204306512207,1865.453672442793,1919.4905458118042
21773.75529735896,22472.101293698735,23309.689540154017,24236.33929949786,25186.66574744187,26154.00028511997,27163.15971403649,28224.88245604302,29336.197243832838
8672.387645838333,9303.873452599253,9985.741646324628,10712.411566534007,11475.107189755303,12271.634931357217,13106.136594094181,13982.188077997786,14902.233059209975
8494.456560299004,8692.066265270034,8930.429930566523,9190.365734392693,9446.855776550872,9698.318062093074,9955.436819388202,10223.469900466825,10502.503854406947
5841.357652069964,5935.230325292281,6042.351039100106,6152.423852171866,6253.034584152753,6343.499927190496,6429.300566524512,6513.47976687096,6596.658619126238
2477.8942955704047,2709.8126014978816,2956.794707017387,3213.581502391592,3472.970761614206,3733.8018000701645,3999.581067849281,4273.287192563212,4556.792390522422
6995.713413460756,7037.770817057598,7099.027459522351,7167.819593329712,7230.399818051063,7286.1514281077,7340.609949626252,7395.6700974450005,7450.351961388571
66746.0387506914,65763.96886907287,65174.94564530266,64819.950929677514,64509.87362403059,64234.04416775884,64062.2927285147,64017.17398452039,64082.8844806543
2813.0165438615263,2820.384124771737,2866.5310280736544,2944.08605807957,3045.3614645792877,3168.3435352101924,3313.1054395690326,3477.414097738745,3658.4872817398195
4947.502492044529,4932.489183300316,4953.417617225174,4994.583861697857,5036.345943909535,5077.899979859301,5127.100159494586,5186.516960034578,5254.588793256439
79569.10759461914,78282.0742018397,77366.98157808727,76684.00047430546,76068.53634950667,75507.55681659299,75056.08194616949,74729.27135069463,74510.2565612245
41543.29232952948,41681.73057278328,41944.94486400105,42256.55695026283,42521.365813511475,42737.419483899524,42947.91455286253,43172.2408511021,43408.12013146484
22960.979904330667,23185.186401486928,23535.12342841382,23965.37183659206,24419.322498002482,24892.813823706514,25407.57099069432,25971.973863649702,26582.416104382537
6644.2538949276495,6876.966862151149,7130.340614887275,7393.10437306274,7650.756162118237,7901.77348408793,8152.2619192990005,8405.94035549142,8664.070301657963
45293.34803008975,45640.43167679996,46066.22448934453,46492.65925437063,46826.22254643051,47072.20599006772,47280.49990995565,47471.13505964698,47641.223442053706
11522.555514202111,11678.238061665244,11869.049354837882,12069.26634732,12244.255766912356,12392.637322696724,12531.023613284384,12667.156177635006,12800.694183155247
3478.0596503794577,3605.118551349412,3760.244817958362,3930.9132947255875,4100.106924026892,4265.435751404728,4433.858867725963,4609.910939515887,4794.162432321847
8951.72169363226,8956.566337458868,9032.283230696574,9149.612268661022,9273.739287481098,9403.359331377813,9551.862073246051,9722.55457373652,9912.048559424547
5713.822372871615,5782.1051075030155,5884.373506530423,6004.5691810360995,6122.292481659334,6236.36616833779,6355.0412526153395,6481.421783348205,6614.264004999392
22139.21073907435,21655.265526991352,21284.30569090413,20977.781117101324,20680.34570650493,20389.19014103442,20124.25390607644,19891.21313762923,19684.712367468674
1520.0248158960173,1569.0822794192968,1619.891074146195,1669.8224204512805,1715.417317036945,1755.7805080049704,1791.951728268925,1824.5284334215141,1853.382726584365
49586.69067721592,50236.15928881853,51115.87955193118,52068.48191137861,52895.35968669257,53595.299715620225,54262.156520214856,54936.36042994006,55613.94749855958
29057.26995110369,28675.810844381802,28453.879920325944,28318.291208267496,28181.194985344588,28040.863802657983,27934.353872281798,27875.63680910469,27859.80004703118
4001.4285968128834,4092.893143359844,4204.446140445132,4325.53471178852,4443.644458000418,4557.172374594857,4670.429573599323,4785.658248154492,4903.29536269797
4556.627415482771,4557.192776437202,4595.335790639564,4654.8934217008045,4716.234725945609,4778.687991996448,4850.242916003313,4933.571156628102,5027.276441862889
35218.15501769445,35016.68667794039,34972.53396224902,35007.26890504792,35027.00543842186,35029.93799843104,35056.47162118472,35122.28618889794,35222.73985348906
32238.680731747852,31679.52402345811,31360.588956912987,31183.050858486546,31031.552766169138,30901.05417164407,30835.04714491335,30846.97616802015,30927.01329260809
44292.47815539111,44549.48330942096,44971.020029892155,45475.56528025517,45959.07739259923,46417.57505662634,46895.851194724935,47412.63016932374,47962.89698670251
54182.253324945814,54432.440265148434,54927.338458934864,55541.374821239,56119.348211657656,56655.208966269194,57214.47139377166,57823.30887611135,58474.09501369727
53231.66939069681,52713.18932073741,52382.862971281524,52144.92931623949,51881.32919951315,51590.07234845649,51322.3973173269,51098.5109957871,50912.31026330389
516.7106132156582,785.995675569793,1050.096980682785,1309.994903044137,1566.3188499492637,1818.0951600671262,2065.009981464616,2307.5735956632684,2546.79158245667
9717.795933176174,9925.841365681255,10162.259426089411,10421.142302026821,10688.320819370269,10961.061774412772,11246.719577446003,11548.571128275065,11865.951560542286
3692.722876384661,3826.6374068128766,3970.3679402794287,4117.645883694241,4261.43268193698,4399.9247836160885,4534.285137403957,4664.255782991018,4788.585683892279
31042.61655316628,31039.155424823155,31181.437522519875,31379.622869510935,31521.483545851795,31612.343473122946,31710.478140269308,31839.93670082491,31997.879769420735
8580.172939932681,8868.102948248732,9218.179372886363,9603.820243561797,9989.17899708327,10373.19458748624,10772.727982621926,11195.246357168171,11639.97037267352
3096.1448553171076,3058.752446375981,3056.204640987041,3076.5396784744403,3105.915936111063,3142.116543805,3187.8155439422217,3242.464248768928,3303.6034237145013
30041.376775451423,30850.123580824686,31780.81314043886,32784.58492231509,33798.088497922276,34814.85709795126,35857.82248746051,36935.481001282824,38043.363673960404
17937.027569626393,18096.975074559217,18337.639119364132,18623.54915421958,18910.211023943295,19196.08679727079,19500.59780502605,19831.74971026663,20187.92873770599
9917.73633490736,10047.001514783158,10217.329396874506,10407.328912137205,10589.626517453451,10763.86270296901,10943.091707402666,11133.47786009542,11334.983951761673
25822.988835549444,25670.50245282266,25595.83244520313,25558.31545847595,25507.8587617447,25443.980387605112,25389.189755372634,25352.765669000775,25332.534574665162
9405.318778665662,9553.762498579217,9734.97063777236,9932.198988338756,10124.188142572944,10309.513921389265,10496.777934183605,10689.566832188137,10886.926572152039
24724.004094865642,24686.420966054666,24778.104949896067,24923.88989107363,25032.68366411056,25102.49335199874,25172.61517132708,25258.632791450622,25357.000069419428
3760.891679694908,3764.8466060895803,3781.354850816022,3800.026111582324,3808.9273850948684,3807.7738722567096,3801.5280903151606,3791.7835536666917,3777.698673286886
6804.1494840931555,6952.033680741522,7129.7025750841985,7321.486775098987,7506.850896776495,7685.277413872116,7866.401865702178,8054.7027792587005,8249.948718847012
15176.595614035352,15070.574850349161,15097.605759731758,15201.37472122451,15314.115553573445,15435.004993534452,15592.762685080545,15797.12471179713,16043.654596344793
30284.987132471415,30229.837016968508,30310.304308697974,30464.46631707836,30615.919118403603,30761.881044860645,30934.562237345217,31147.230398544423,31396.482986302555
7751.642851949238,7829.7215448270545,7954.636297144772,8108.311439524368,8268.633289090885,8433.554836534056,8611.152384213909,8804.806385302225,9013.623168478343
22448.639760221533,22501.931656810375,22629.45882825761,22793.725523747,22950.28093677423,23096.63702203683,23250.09291977107,23416.97196163812,23594.36465424958
48701.937572279225,47847.61815642153,47281.837871614756,46900.58152485233,46581.77426446836,46312.958992947555,46131.73990671614,46048.65604778971,46051.44996862256
3266.8960274780384,3370.1120868739617,3492.699736391078,3627.2519636062334,3764.119569256368,3901.67451754102,4042.92448454608,4189.008090000788,4339.177995630158
32761.99741562422,32893.85105551468,33153.38103654645,33471.278203182366,33759.837676122974,34017.49028089759,34283.82418616499,34575.47351440079,34888.897278135606
4935.032214380176,5113.206461836521,5307.636011411425,5508.253758564648,5701.869943513707,5888.080935913367,6073.293023788021,6260.953519812842,6451.7522107581135
24461.39273540659,24254.658912103532,24238.86960819432,24347.650296002073,24503.329445559655,24696.84187443932,24951.343483106266,25273.186504909332,25654.47618367842
99157.62430896489,96075.79623990436,93680.3451316198,91714.95806611374,89888.22487344425,88174.85665689784,86664.40139925112,85378.05782954942,84283.2695538749
45368.60490275153,46081.52694250888,46989.37696085682,47965.735930749244,48850.36012938546,49641.67863383904,50414.691774502266,51200.43793477743,51990.888548533774
96208.40748564027,95163.44797251222,94535.17620757052,94075.0910323445,93482.09058381298,92757.0989663362,92036.82003336285,91375.01035516025,90758.25912091718
8375.440861007213,8445.394604977824,8543.79099561797,8652.907391491402,8750.877229948332,8837.53765224875,8923.205289842785,9012.645030540783,9105.810227225787
10810.752899776162,10805.084606373048,10855.766776582888,10936.316976714574,11014.82905235111,11089.225744496378,11171.490233949291,11266.291244520007,11372.17988497606
28048.06900284881,27765.430989307195,27660.863130932205,27652.61659768111,27642.1875904363,27627.919480732024,27651.321790848866,27726.810169089335,27847.898129991987
14661.222543466103,14931.871497305869,15224.521634153927,15515.19854970394,15773.588367861234,16000.004580205496,16209.913747913506,16410.72993001116,16602.79301959849
17301.069779465895,17468.471985577013,17733.48068689981,18055.000160254986,18381.290570340243,18709.157115896593,19059.095950149345,19439.078549602127,19846.133509608364
35260.702148669814,34944.36845890831,34764.354052337396,34651.90126074255,34524.958248521536,34380.401771192075,34251.878696281194,34153.00436581919,34079.99841482175
4119.540906414667,4204.848986940786,4308.550495743993,4420.73424702149,4528.323517734312,4630.619395388966,4733.209950681525,4838.401182666147,4945.487586520478
33055.46391573838,33599.7420118608,34330.86422276509,35153.5911854434,35945.85154622402,36702.028086211314,37474.32082227861,38284.29608568813,39126.77660622875
16353.952780949765,16493.80653614358,16720.677643504107,16982.07643112097,17212.649294707087,17412.06099301709,17610.1572786549,17817.946515154206,18032.17546865109
30080.88717866895,30197.331215556136,30509.569289761377,30915.25427440702,31286.165644844994,31624.17767111864,31990.23467155186,32407.776284582946,32871.31702599094
32264.343412891518,32699.14437291286,33251.1927358546,33860.20138505666,34449.65188786817,35016.677999624204,35594.80890584304,36198.388659194396,36824.36812105625
68942.2427875344,68003.07321823726,67332.72690992671,66798.73604043973,66239.32834207415,65648.96128466875,65093.49478536269,64597.5824894485,64150.815897517256
8406.169449503845,8546.777434452568,8741.189290499638,8967.732496853927,9196.508201683944,9427.319564882451,9674.57497753342,9944.346245520814,10235.722307342972
2451.7575784531323,2486.3037278937422,2530.6412361865405,2579.578870658154,2626.0254038609587,2669.6975951056043,2712.839860563803,2756.959462972051,2802.08477768864
5951.41465401921,6189.100376850817,6459.40240220497,6748.6561471416235,7038.22364412911,7326.922278033068,7623.037938784405,7930.532459244971,8249.237166001643
29304.014345756506,28880.47442029627,28614.18238435086,28430.43826538149,28240.512962022713,28043.743501909365,27878.48919409342,27758.926047427205,27680.095252726223
6401.013594754946,6537.966635162268,6704.40104024942,6883.48811226961,7053.730060207033,7214.323148436738,7374.834157343292,7539.605223675585,7708.518170999009
2989.132453713383,3186.2318817685355,3427.0427995835557,3699.3316941943503,3986.481052336311,4284.404089451731,4597.10581503601,4926.050610583533,5270.23718209363
25879.572831838956,26189.22173553848,26590.653156203865,27038.47575708673,27473.891248209762,27894.578262025716,28326.23022082306,28780.02353902065,29253.602058135963
18818.289437915024,18801.40586851772,18873.25147738969,18993.265819034157,19111.165524691147,19224.386593839263,19353.55882159582,19507.659770793387,19685.972269426846
6384.909536352165,6627.735126620333,6877.325898250005,7118.940729100535,7333.450139023077,7521.528040975947,7694.347592544803,7858.546365799971,8016.28467707628
30726.67086634963,30841.29618435152,31065.26243010115,31345.64585693015,31615.240640697462,31871.987322409088,32145.47949352555,32448.601730064656,32778.94098455019
51609.10526850932,51178.15573372897,51071.01052864477,51097.09253093134,51022.771176408925,50859.14933707724,50721.941804992915,50652.87897067344,50640.701918165505
21862.001078505316,21336.734164740767,20952.221624444137,20642.81340431768,20331.66614231677,20018.387888323814,19735.43986388293,19494.37525087909,19290.74884486238
54031.13580758267,53574.49096620357,53394.79257743494,53360.40398467512,53311.37698490528,53240.25250431271,53209.87826928527,53243.23157781731,53330.07309325088
21225.069413008223,21235.040732755402,21341.044189745535,21488.323643033207,21608.496095816616,21702.134351933437,21801.68696068899,21920.687139647922,22056.861777809096
18109.026558109403,18096.78409488036,18182.79853455038,18330.539331679294,18494.584605187047,18671.885059339125,18879.462283774672,19123.259673770055,19399.69101654668
2247.4682757035553,2314.623925281129,2378.2087919504825,2433.36163389783,2474.2531299117695,2499.8217895276416,2511.60787794854,2509.6530364597807,2492.9018775940613
12119.667042012024,12616.618805983384,13203.774751139139,13852.417230063318,14524.235797425443,15214.889670383529,15938.828183766862,16702.45606938942,17504.369294574757
13940.391886905249,13547.978208734407,13251.808899802087,13014.059330888747,12791.675066369655,12581.951719024135,12399.631286299269,12248.862855547624,12125.557874351838
3283.7642514887634,3329.3530023264625,3392.0470190368874,3461.930767373595,3526.276443891182,3584.8696687287757,3643.716473982121,3705.495723377614,3770.0230600588197
37254.27751301415,37569.28192205683,38003.4280676698,38485.22716734224,38926.28407207689,39322.74582236114,39711.950385805394,40109.24660853763,40510.89628457942
56340.37375084868,56087.12272831666,56206.72382602787,56561.304802568244,56981.310450714656,57461.94025452834,58074.709622461436,58846.72075914644,59767.374187940484
29273.529055198353,29055.196313476074,28993.157682561014,29024.21958014217,29072.929258911565,29133.92413623192,29234.608293613255,29384.61530060265,29578.47454887988
14411.70379712753,14250.294113944656,14205.6738492181,14228.495354507986,14259.935592225664,14298.845607824624,14369.591275505714,14480.412667447232,14627.394243536983
5972.352643985842,6046.357177610865,6160.889341143036,6304.865611050065,6463.658366070276,6632.101675001503,6810.91558605232,6997.358225431631,7184.710720493072
15824.31366481497,16239.82224396749,16740.667721692524,17289.073509700745,17835.332862391177,18377.679375291646,18939.052903367457,19530.1801136027,20150.35268631318
44304.21341021056,43573.001630681334,43107.50559706229,42806.07110395241,42550.314580736645,42331.589696985946,42190.995552881905,42141.41582383029,42172.3082917418
51572.82898210863,51449.75537960439,51712.87748183852,52220.0030194359,52800.08473518194,53427.171059720655,54144.64317772356,54959.20243028559,55846.86506433325
21111.805584100042,22130.381201247954,23306.96789329475,24573.03540991215,25837.22565320013,27085.937561415954,28348.76283337224,29636.3223161014,30941.934764442165
31759.035346126024,31760.87305366518,31906.320622779258,32127.939440225386,32341.91777489784,32545.492756706215,32774.35531952817,33042.75656311195,33346.3585993782
25744.73173624838,26509.71299075366,27492.93990978942,28623.347577496035,29806.0559398595,31034.844639319293,32348.656484190848,33762.895174052755,35271.93594308786
7072.985138521425,7149.934208645535,7269.715328147257,7419.478176783653,7582.409111579094,7759.753370140226,7961.63148494324,8193.48087343952,8456.375763086244
1481.1306836809333,1495.7540064922232,1518.3163995742013,1544.5430999496189,1569.4689122036962,1592.546162254469,1615.3797124580872,1638.4278324473346,1661.3144086309687
-767.7336376646646,-702.2197179622333,-637.2664668245427,-570.8488434269269,-500.68632158412913,-428.4668886450891,-356.91495087493377,-286.4095662631856,-217.3642135227404
26722.841534482046,27353.447255065585,28121.827317345633,28974.33230217729,29843.24682549932,30724.26028194768,31643.647416601645,32609.815046682925,33618.58925313157
9209.768225833968,9472.98762965543,9752.914324447453,10035.352283950375,10303.418918891053,10555.936857364335,10800.404451584996,11040.814230368758,11278.133395299361
11814.26682422487,11944.22102322966,12109.02656990739,12288.523271561655,12458.855416283199,12617.280413138024,12771.716016576507,12924.958501613983,13075.22722003061
3090.779512331142,3187.243654384099,3296.7952903183805,3413.16939847884,3527.9603968999163,3640.5466189010617,3754.468138878087,3871.6552264684187,3992.4853717811948
6597.007641823232,7162.95713639415,7777.291950446974,8427.203804009174,9094.072191824642,9775.603473473815,10479.820279895303,11211.091260848396,11969.104598961929
9926.922259042038,10309.108990438835,10725.545791547082,11155.256018889108,11570.34140083009,11969.216685461108,12364.981022148822,12764.752185958354,13169.421037027514
8473.436863530867,8552.70189627579,8671.481192375903,8810.671831410096,8946.425584111395,9077.652423084843,9214.503020804434,9361.470050893418,9517.947674197383
33016.1539931044,32741.326317196614,32639.129814938926,32642.82472256566,32672.279679045558,32721.22856696427,32818.24872639595,32973.05099914129,33179.09936225521
2280.818473228466,2347.766014035917,2425.2172071432215,2506.379912009705,2582.9461048401718,2652.585440847939,2717.2752738712525,2778.0595313395606,2834.6180992949394
43054.09402779048,43372.76724922535,43949.65291764636,44685.58863365042,45456.17633744151,46257.443140888834,47141.42651664961,48128.10370494306,49211.239015116655
4230.208666352493,4354.364969766555,4493.357419957128,4638.433398470595,4778.111521467249,4910.72811300366,5040.0833366067345,5167.9229009408655,5293.856230816181
1940.2517331196482,2224.689640430659,2480.6120156541856,2709.829104283868,2916.6685100618365,3100.6280736048793,3259.201367921645,3390.8276919000004,3495.4540739590057
63732.31558244019,63793.58354292476,64137.52890563994,64590.24028673378,64936.05279452394,65167.823326415164,65376.40782221738,65596.68041710263,65817.02157912856
25616.026350180757,25447.82647301931,25419.247199324764,25464.300202574555,25501.487641001553,25530.093127601842,25586.20294011097,25683.775836853627,25818.639294742512
27742.625564764287,27334.762961166885,27082.13939732757,26926.56638104092,26800.533563887046,26697.127351406743,26637.707940399014,26629.358092259296,26666.736875182232
17974.87698209172,18213.78110139747,18525.260291457995,18864.91550775156,19175.957949997166,19457.654897814948,19736.916822881336,20026.28946259734,20325.614195310285
1779.3987959109759,1832.3525835723283,1892.5976121750978,1955.0722082007226,2013.2152799846995,2066.195322864206,2116.3495786108406,2164.627445775394,2210.6520600828126
67483.01724186222,67194.85454359367,67166.15894849662,67279.83344773715,67392.51443498563,67496.87250327699,67649.3698736022,67871.07202500525,68151.89311495677
28681.785463751574,28591.40728543846,28681.049282101558,28865.066603929874,29038.14221056439,29200.82049990423,29401.26417424088,29657.16628255745,29962.53609914692
47616.74755194374,47464.67965434019,47500.401856231736,47626.6878032955,47722.06415618353,47783.69475560126,47864.41355943029,47985.45248448116,48140.77392792162
37545.225344772654,37433.135120729705,37545.7632751183,37791.62851292423,38059.76646118007,38344.13939077418,38687.323755869955,39103.41842351354,39582.66889117599
34416.55486850874,34544.066051884765,34875.59895630394,35325.462399616365,35788.74272153808,36259.17971850511,36778.17723750392,37362.18128002162,38005.8052678442
37030.61329984115,37151.916609277796,37415.68909125935,37755.22827006699,38086.07289599251,38405.59803297648,38750.77421299001,39137.41972875798,39562.16194784467
9135.329134081467,9319.1818136956,9532.469469357604,9755.66826595659,9963.724916121431,10156.432715677733,10346.250395065228,10539.610553661614,10737.208861693502
4780.608490754542,4804.585758470293,4852.506973842304,4912.776199600255,4970.8894724388265,5026.318018075511,5085.255117740828,5150.220665880956,5220.5492272738675
44973.127884285364,44537.42652047176,44328.74844354213,44232.97985674017,44113.45363169418,43967.35441746617,43852.80902327237,43792.45417497536,43779.73515773894
56796.82130863884,56880.79648306205,57291.06825313924,57874.96312256434,58446.676693240785,58993.647459957385,59585.95934107722,60248.82198920692,60968.957828048726
12651.428838310467,13090.1876927418,13558.534534688419,14035.047136228302,14493.558857920627,14930.404048130888,15354.502051448502,15770.03201412488,16176.264611961464
14769.486911534774,14845.58783102545,14993.238483790537,15178.84473224739,15361.087661368136,15537.79922370517,15725.503742867362,15930.370196967751,16150.119392302684
6846.151683648577,6893.77128968022,6966.517663028637,7051.2556744769745,7131.570418737364,7206.6286432218285,7283.32784053873,7364.860333444156,7451.046742052475
9129.979240048726,9244.256791167789,9389.826727801043,9547.832006974022,9694.152396454116,9828.61306873613,9962.875336315667,10102.42664907609,10247.180093340268
43821.94867152594,43340.47042115202,43089.4348620623,42967.81559812179,42854.45845754326,42745.68659741933,42690.78396608685,42707.15053948443,42786.180593291
7057.467412500407,7322.586035632215,7630.622042095278,7962.979217262312,8295.786494952883,8625.502050385696,8959.824059217108,9301.726320695409,9649.826997321252
4891.856597326721,4973.715071295781,5076.2167398277,5190.511673242707,5305.3669982681,5419.31406574668,5535.992692781204,5656.6046016758755,5780.199458672183
45376.47197342563,44810.62209493476,44516.24052850803,44350.681834194475,44142.22518392598,43892.8335362291,43680.89302926887,43535.87586403419,43449.2656674635
16574.92141513216,16652.49195132351,16785.549921075482,16948.865339337746,17112.178510315174,17270.220539798,17432.394924762673,17602.945266356695,17781.774410499514
5591.18444110068,5725.411071568963,5885.550979615633,6061.442840378006,6240.63944178209,6421.59349388578,6608.538522697754,6803.039459291547,7004.240630845557
18606.202198318824,18908.10217901194,19288.42495773722,19705.884880757294,20107.33385541646,20489.525105675595,20874.546283734027,21272.365739833018,21681.659383156013
45627.00409930714,45974.546533904526,46555.15266195514,47293.065312565246,48090.28531432149,48944.82300203311,49901.21898738637,50978.13024082042,52170.66567836642
1304.9066268310394,1546.7592627488357,1791.678106647688,2039.5464573122122,2290.0045943267455,2540.552042022798,2789.1433516549228,3035.088936007477,3279.1835245874636
5890.76574963628,5951.859551351883,6031.431823491265,6118.943149428135,6200.911805616975,6276.194197645952,6350.023677287009,6425.06816356652,6501.465817619902
7944.492184775925,8094.751621550873,8269.896467761122,8448.707682054013,8606.330011321299,8744.046209314636,8875.066388306646,9004.102828445484,9130.184129327296
42600.361750278345,42258.46800273122,42198.246269061776,42314.88400188755,42484.0058536589,42697.13090268198,42999.659474179985,43407.126973926424,43909.60329253375
41523.826555112115,41233.59194093102,41147.315133990836,41172.15652944996,41205.021544778036,41242.73050964355,41325.11784836768,41462.94148715801,41646.018921957104
52290.41798549724,51162.058141649686,50377.70927369686,49777.68067787104,49175.353002031574,48566.91661421143,48027.86953694867,47583.91314184278,47222.490029723536
48351.355732897646,47740.690982216285,47380.46714503192,47155.98051700027,46928.10248491815,46695.49490031712,46519.04208061949,46422.486338022965,46398.81801686325
633.7936158353275,712.2584573002674,799.8764563009976,893.8141390631187,990.3126057323431,1086.5449376407996,1181.2144193439615,1273.076983568372,1360.564670800383
26532.42843455389,26654.071208553538,26914.50305930154,27255.490623305544,27603.677162365966,27956.232971505924,28344.28155898006,28780.579188399897,29261.747022222473
53899.98263475376,53873.196345447715,54161.64170694193,54628.9939877656,55105.849758611446,55587.03562945041,56144.50927030048,56806.11321150443,57562.31553711226
8262.6516519196,8485.33347372154,8740.855915715272,9010.067048826986,9267.938013883433,9512.518119286446,9753.914324296697,9997.305624871533,10243.02257046862
25383.427284027497,25493.63047269522,25689.794626299758,25916.612075432426,26107.973795956696,26264.80465394344,26419.084681905424,26584.03053528502,26758.137789557055
3450.436856729257,3613.9685343422843,3799.401475442162,3995.7007084707493,4187.974570401981,4374.3732945497,4560.766766652077,4750.185929010664,4942.63574809586
16378.564541128104,16305.031929034323,16309.293732272341,16357.417056447734,16407.562751942696,16458.230350069087,16526.840126637002,16620.322653539217,16736.554362163326
3115.6232498218014,3224.382098036184,3334.8788893562905,3442.7038323165248,3542.5577061246186,3633.928240721797,3718.778875077832,3797.417853155424,3869.0165889261725
8940.399827332685,8980.674528068765,9052.066006544246,9133.783549890753,9198.783288935187,9247.229612114252,9292.371540183318,9340.26458359023,9390.664325394382
66808.2173157144,66171.2977162199,65837.27088495856,65663.00479838483,65473.080363117166,65264.90907525973,65115.225105403464,65054.50717240613,65074.00989627836
46950.22276001222,46604.43941487459,46478.23754867267,46441.90110037086,46336.30871796245,46165.022962896124,46004.389112707206,45884.97973917652,45800.902178667086
3185.678059274006,3302.19681277283,3439.3996204882797,3585.468314140836,3725.12600038286,3857.1887348949294,3988.022492583031,4120.702398094709,4255.452216363626
4527.983114412712,4583.880249578974,4657.889113926314,4739.9427011350435,4817.084578302288,4887.5661067851825,4955.929683466356,5024.333248167211,5092.308329216095
69981.31280551614,69424.55350557357,69264.7643519503,69312.75805599394,69339.22477102386,69338.4059728813,69406.00278563231,69576.74820638212,69835.78752746861
5220.308546865417,5579.793689666971,5968.9509394916495,6377.864713504773,6793.5059705055,7213.136534260989,7640.878808727661,8079.209941053462,8529.277974565459
58734.06279548879,58443.59515084071,58495.90270476424,58761.39805495143,59086.03605425595,59452.18078676668,59906.773261605376,60462.4064240311,61102.03855892539
9293.44493075289,9185.366528753859,9157.832662289118,9181.63573968801,9222.602554341316,9278.383552431289,9360.915245714203,9473.726627555325,9613.846304010767
24269.084582114192,24187.21753806221,24185.443370477078,24224.868227431834,24257.199863422957,24280.523223787353,24314.991372837154,24368.92292727495,24439.975525676615
6295.172862196261,6476.076905763253,6685.048852610309,6906.691128859775,7120.567969686437,7325.637606264882,7530.780854339803,7739.96232031908,7952.863698185908
985.7877126950283,1017.8298323759118,1057.5261088715242,1101.1916401643252,1144.1292992416704,1185.4288988215544,1226.4839004171613,1267.9266266683505,1309.5669266247103
19272.0035463512,19207.449715764138,19283.423865538272,19447.066907077544,19635.10397499907,19843.281824777237,20095.364933435696,20400.54799315914,20755.98439403567
12015.607666636919,12729.959958482914,13534.661981936528,14405.08586587573,15308.512535462916,16239.693081949117,17209.729871289772,18224.20250760258,19283.017845402013
7864.5268663455245,8301.549804241122,8782.984749037942,9286.520285764234,9784.243741656588,10271.392204547223,10757.510077025712,11249.13931758037,11746.572152623374
1388.4736428779736,1463.4346152977598,1549.6958383327049,1644.473767954327,1744.6053762616407,1848.4233081994023,1956.1088096320323,2068.31656848905,2185.9833042681853
3283.663514513524,3405.050833632181,3533.303192878984,3662.8059354139696,3786.018894886794,3902.473438823327,4015.6151016103345,4127.630072286064,4239.297451725991
7584.210932433333,7559.324933355053,7565.997166949344,7589.237794429673,7610.400868552723,7628.963891956008,7652.926890866248,7685.652630440781,7726.443704979533
11472.611297021695,11779.657899858148,12138.572441371089,12520.19602678007,12888.443845345511,13241.86707212974,13595.62958388396,13956.85743602179,14324.30140653482
3334.0033513558815,3428.205430602767,3571.5566099163793,3746.4787730105854,3933.61565173531,4131.28305443839,4345.148164261459,4576.104642052373,4822.679410168219
42851.176601853535,42978.09598512134,43322.67387909861,43783.10035642288,44233.33505941082,44668.360745940736,45140.36061485599,45668.907347772205,46246.561087301954
13648.424008985243,13697.653672778473,13815.513339634557,13964.599154409256,14098.126616911351,14215.702020869918,14338.785620194449,14476.325973452911,14626.797676448085
-1222.6236649064351,-1159.9769872209133,-1109.2465986047469,-1062.6492988876846,-1010.4342516874352,-953.6365656802432,-897.8778198031208,-846.3780433450821,-798.5554260942681
35968.59890784848,36045.97046259535,36228.79615470222,36450.86757818233,36629.425127934475,36764.17643093571,36894.5257051844,37038.78480893189,37196.16302881458
15112.204515291503,15591.473471431094,16144.679608964938,16719.744707101447,17246.421214619342,17727.103510818124,18199.511312281884,18680.33885895752,19169.10614815588
11279.059409954556,11303.207729739694,11376.646510650568,11477.653791113897,11580.269349055317,11682.01847975269,11791.84029281444,11913.03873896654,12043.900498269142
83407.01657105886,82558.02449194592,82197.84942517085,82122.35681811464,82086.6119382144,82080.26459227804,82200.75705377749,82483.97808205505,82914.5987098506
6100.773503586542,6259.096022256338,6454.468467585661,6669.2180109810615,6880.567602322726,7087.694176271226,7300.666783399296,7523.252337756492,7754.081272810588
333.6327387738797,349.4410374897823,371.00868062764266,396.58540749223357,424.030940381203,451.5818335981672,477.9582994398288,501.87966245257803,524.5921453392418
11794.16893708423,11682.86402394838,11655.31178670135,11679.49778033457,11717.533308576803,11766.473896557081,11839.542994405612,11941.018998608355,12067.758826231648
10437.989653714063,10573.014670548997,10769.493101775028,11002.099115447863,11239.308903659548,11477.13194234775,11725.565968528845,11988.660097082213,12265.033500470325
10675.42674357161,10808.789175918528,10980.35402751199,11170.305270890274,11353.39662175599,11529.016987258592,11708.773139534378,11897.97477422228,12096.274710487325
34086.919554666776,33760.6109231805,33549.305709199616,33389.81380216381,33203.64485004065,32991.58816976689,32790.67788835518,32616.57280311395,32466.55787321325
7117.234042354455,7078.3737051575135,7075.400501498158,7087.631934008375,7092.0325390548405,7090.635223891299,7094.909538771065,7108.861941023481,7131.339228716388
1612.8354405539064,1705.3211976447135,1799.386570534143,1891.7979640399244,1978.4956861193748,2059.1963692322997,2135.9001394170873,2209.9902074050015,2282.190662655575
26721.466467162918,26880.10689240172,27124.846076648282,27401.804874125777,27642.197244537943,27846.444049854133,28048.391527547665,28263.534271502314,28491.015847924144
21284.035853784182,21802.704276738452,22391.564723181433,23005.53142332794,23586.329200068674,24134.92315191682,24681.561024175568,25239.58195064152,25808.106861558215
69270.0496698411,68338.49262767,67824.17612976956,67530.84229669026,67225.58918364304,66906.53766973496,66672.58741548992,66557.22819771203,66543.83318973027
59511.89958204383,58902.918515882026,58706.33050390964,58760.946038520524,58874.599022443566,59033.86573714972,59307.466428348445,59717.472114563745,60247.31403564712
14345.003428283526,14561.133625419072,14834.320372137814,15132.82467281768,15415.416821760064,15681.592818115987,15951.053206019178,16232.859346621377,16526.466262215232
49452.54100068398,49388.95795631662,49611.80872384158,50004.45010264694,50425.736552955525,50857.193559883766,51339.016815370764,51878.389360237634,52456.84747045362
35523.50586974031,35013.0716751517,34688.79125109169,34473.36533627425,34274.48604096962,34086.94992352901,33945.38689124585,33861.88446665154,33829.524259673
3621.7385712943674,3717.1417065706232,3828.045138536881,3943.7172676191008,4050.778472793273,4146.890656708731,4236.183631984513,4320.346223066459,4398.555521999858
2554.6523654153934,2787.0918933688777,3025.272032557138,3263.8703981442004,3495.223083678895,3718.0685993870775,3936.063007495273,4152.304344341975,4368.6563060097615
10046.496975652753,10048.36431651907,10101.129519545095,10178.71560305757,10248.851605719243,10311.267258491298,10380.569717960636,10462.608423117437,10556.017321203293
25168.858561779016,25589.091705210885,26157.30703737582,26806.821080716698,27454.062159243498,28093.923501444497,28760.777720067694,29469.06348063763,30215.744240257663
13792.37010265971,13927.664766546195,14126.949488275246,14352.266133130543,14556.635879006782,14738.620703346427,14919.26020855121,15107.239565027658,15300.545988583395
17994.533665601157,18266.458859966744,18618.771629736897,18996.833822606535,19331.690226065646,19623.20393770404,19904.92161649662,20192.259353548598,20484.98458320673
4959.249744355406,5057.944522919832,5163.798251508488,5269.637425444742,5366.964658387529,5456.753089748688,5544.415935832985,5627.443447042054,5710.305860684738
7353.3198044809005,7551.0711378657825,7784.73659366068,8038.715410099308,8292.891012125354,8545.251329408478,8803.241860196304,9069.894187426939,9344.444456316707
7978.4406340131,8230.533386989295,8509.41623549975,8795.399917463328,9063.09896473243,9310.683305763581,9549.468053252176,9785.634963045028,10019.857866046057
24508.739698473204,25444.951443751972,26491.709742084444,27583.662066380686,28634.48603233729,29637.803326233527,30629.737097934085,31626.5140410665,32625.427616956666
34209.136532100325,34776.80922831497,35474.01763500442,36224.03873299133,36926.95359228829,37579.83155748894,38227.79498446258,38890.45261052155,39564.388070105335
5884.748308867286,6058.563204346121,6261.775211373848,6477.651081190518,6685.493632713915,6883.748629540288,7080.612653990055,7280.033654042814,7482.110590594443
28487.806925897192,28180.329110817813,28006.790047120623,27902.932107366727,27789.63278790959,27665.894061284842,27566.344001900554,27504.555279607288,27476.392883913206
11591.401301686208,11702.665629447007,11898.025176012443,12140.982461748403,12385.42251111553,12629.508648101604,12892.518272492996,13181.423849457482,13493.02973038301
12839.407356982616,12940.999477190071,13109.432524642514,13313.98754701304,13516.47926976311,13715.089278605072,13925.83068583274,14155.593963634594,14403.246266079417
28585.450029891163,29192.12074700636,29962.73283704824,30823.2604848523,31676.586788442128,32519.497785963318,33395.79195164666,34324.35307641948,35301.40542496532
6845.210714178866,6965.940598257428,7127.39010247721,7313.0824056647525,7502.592077267088,7694.134143737614,7895.516233951446,8110.288272647794,8338.137242504306
31607.567435257435,31957.883333483507,32399.409022662057,32880.78523056439,33336.64222778353,33764.89117153463,34195.1883718726,34641.67260513502,35101.93002262426
3605.3242391136646,3774.5995958970498,3966.6214077674726,4171.036626220355,4374.834301935056,4575.515105943998,4776.981594868977,4980.830444948761,5186.489443270964
9423.594934818382,9567.821306367454,9738.335958968471,9917.888158639918,10084.318759740749,10236.846775263377,10385.530809282373,10535.103933910208,10685.220875717587
6295.915878943712,6451.429135601656,6627.850621291344,6814.058599577505,6996.67953882138,7175.006796297327,7354.6613141908865,7537.683495458821,7723.4079819127455
13481.05846804327,13279.344926031545,13171.592943388012,13118.010851968229,13071.940153927826,13031.25578997758,13013.77431101118,13025.431137653659,13062.7043881797
15644.255463550366,16031.651632853496,16486.991497442166,16979.094642310087,17467.43112718792,17948.960373654623,18440.551001545587,18950.24977667376,19477.562891383415
16584.645603970097,16793.41190663635,17032.817708478324,17275.072301405038,17488.583570449384,17675.07948209878,17851.117395314162,18022.581013923802,18188.026473583537
49389.22153925948,49043.06376479351,48930.15355150975,48930.25785198449,48895.1866852369,48829.10477684183,48804.3718178939,48849.87407109602,48959.874747879396
18192.110849485773,18421.498221400703,18713.785157362774,19039.224436284683,19360.815856371693,19674.363100901122,19992.723424319993,20320.847734689156,20656.430170016225
45660.611697258624,44718.94514247113,44098.92115947291,43664.66670333791,43256.81427755046,42869.788012916644,42565.29507589853,42363.1631096498,42250.45668549311
23910.193361738246,23938.20321463257,24047.372076418567,24194.130786814298,24322.09485338908,24432.458173404826,24552.625218314377,24694.9698851416,24858.042473610123
7998.272399548264,8224.751048096232,8489.982571403021,8781.606142285715,9083.23435734033,9392.648297418156,9715.726116325148,10055.883785218373,10413.744388833647
15038.59183016806,15269.739340160575,15577.322491505436,15924.89873684432,16265.894780712992,16599.30143290566,16946.695076363365,17317.611510597282,17710.90143713993
4082.8314119120864,4155.09667753562,4244.206179235332,4339.351620926064,4426.674214732948,4506.1178325849105,4584.550703989215,4665.185839311502,4748.048507936812
4775.939282346163,4907.935726137084,5061.978444018554,5226.85673504546,5387.805373601907,5543.858161037432,5701.450113175943,5863.524594623493,6029.675453174188
52726.145408288576,52591.695312822296,52743.235587553994,53064.51299752358,53412.2708760864,53779.91951126901,54225.52796360204,54771.715404933755,55410.497723997876
2022.138349256438,2197.187868669511,2384.897099887456,2578.9667507520603,2770.8556096006987,2957.7771316248427,3141.4781969225883,3323.280217684479,3503.636316398343
52420.20833624856,52093.63936732029,52018.778208744814,52080.69031834796,52138.62581844028,52185.3724656913,52276.08973488438,52431.02213172225,52640.435149782585
2913.984193571356,2950.340863689423,2999.8023069227593,3054.795100643993,3105.6954580023057,3152.129447378973,3198.279989584729,3245.981259620524,3295.065735797922
20350.624023343702,20287.29753546521,20306.76307764714,20371.426735534693,20435.3081221089,20496.637753650197,20574.47296775129,20676.481415250055,20800.28788997218
4108.432350687555,4237.566366834703,4393.824149240352,4566.9756111544075,4744.41129633043,4924.341207110695,5111.029000751583,5306.659518224982,5511.3902157258035
13302.487724509665,13376.375845146742,13523.072441443685,13711.202236396193,13901.457857004367,14092.694418524225,14302.176102946109,14537.071098088662,14795.805010462653
6498.333096220812,6693.05856530343,6920.424678284908,7166.259988297716,7412.293577209238,7656.593302030196,7906.193302549083,8164.569924540879,8431.698078322266
13992.156045177033,14222.69028378645,14513.856956964035,14842.998780775994,15181.329574883926,15526.096288742548,15888.175083122089,16272.415870614417,16677.881109831767
7647.651662436798,8126.872067498835,8634.048517594189,9150.597959173769,9652.031720981622,10135.236323784198,10610.14211387631,11083.151346241031,11555.832509875603
5164.960225669216,5303.580840184706,5467.839277703548,5645.7548761945445,5821.665194866779,5994.676115689841,6171.526081361723,6355.457316374813,6546.401760196867
7013.107641548763,7187.069603689744,7375.93785552981,7567.316050252095,7745.017138276564,7908.488829115532,8065.4057930759045,8219.908489683383,8372.54693479341
8945.088460984565,9230.520615446896,9571.910627327541,9944.961612358176,10317.562503564288,10687.603066195488,11068.588690138393,11466.602952441353,11881.299728014279
1440.134134535151,1542.6987961295465,1654.5050864345537,1772.9912349429376,1894.447138270509,2017.6756602652006,2143.2750929633135,2271.820203360585,2403.869181402543
1002.8450368506634,1042.3894935592284,1081.6069225141594,1120.3023147541664,1158.4925397955997,1198.448474037825,1241.7357399271498,1286.900739092503,1333.105979015167
62783.87045953009,62972.84772554923,63508.47385862712,64172.88392768923,64694.76542870617,65079.117647505715,65456.33898302685,65877.37444961081,66331.71479986013
19783.676645521642,19797.1032922277,19894.022773183664,20030.08131672898,20149.40262265317,20251.947927157857,20363.991588412828,20496.80039662274,20648.680029606814
5490.375406963012,5695.19469245862,5913.899477361635,6132.637502819372,6334.459983599919,6517.716831318532,6689.221462962256,6852.485705626029,7007.838389467547
35882.65874476653,36751.796904844094,37715.2262819927,38707.920040573976,39644.12760144095,40518.73958928642,41368.20304263748,42209.04381119787,43038.47492195693
105254.81983955902,105421.11300186014,105916.83573992788,106522.20089632199,106962.84550444585,107229.6357185177,107440.47607188002,107644.0683778574,107827.94236865973
43190.90103173748,43116.97672332799,43254.73762585008,43516.34753256142,43792.61429894575,44078.42209510797,44417.9762180294,44828.29523551564,45302.357033501925
4183.672867932071,4321.767557026461,4474.357975167512,4633.1783437175145,4786.724982861645,4934.207153462191,5081.192867826045,5231.729926801878,5386.720409477702
8320.605304819393,8504.32026084416,8723.840886080498,8960.319488198114,9189.648798684959,9410.500939716208,9633.272444317034,9862.7876392532,10098.82891335
4955.520759639189,5102.9624465399065,5265.530146409994,5433.736574096596,5595.791250610589,5750.203465057099,5901.285986769796,6051.681741614498,6202.3161841544925
2015.0241388962372,2074.0155180940587,2137.6755362135164,2200.2521360220753,2253.9765472604918,2296.326009471177,2329.006300373869,2354.2536267115033,2373.217593398018
21091.38253494678,21252.569778665827,21520.264605766537,21826.972423198866,22086.717737722392,22301.494916474072,22513.98065726452,22741.817294619326,22982.720045703376
8450.599024849102,8755.351364732514,9102.31069845125,9471.487035739874,9835.977670846405,10193.857653270317,10556.765477063724,10930.195551188554,11313.594267639546
3609.378903306067,3797.129420014011,4014.31525126026,4251.0538454591615,4494.176010702177,4741.568099322862,4997.478624417583,5263.673391094976,5539.5378969023095
5022.5448306215185,5252.133724052831,5499.7581462630515,5757.394068062803,6014.189330909657,6268.922057748923,6525.954999413413,6787.817643068017,7054.990439138837
21177.585007512225,21413.86253068691,21758.314764717798,22167.02595258155,22584.624190078128,23007.86280056402,23459.25973781343,23947.99635557817,24471.261426431178
25763.908179436905,26023.264487157696,26387.41718108358,26798.36567232517,27182.617732167157,27536.560017737633,27891.21335009993,28259.793618973676,28639.406985866473
61570.04841998184,60305.17404359791,59398.30656769319,58687.88615868208,57982.18027385687,57278.074365622175,56654.95824825519,56140.59926524584,55721.979960825265
10561.372402443743,10901.054013131905,11344.69752995492,11864.221345811224,12422.710555996786,13013.789076308669,13647.168982596406,14324.861977860637,15041.944543247166
16360.839311813364,16535.08939778363,16799.593599147574,17102.871428823026,17381.60429821704,17637.559137887,17901.76964728377,18185.259340346853,18484.660900199575
19705.514321650662,20710.692815245166,21802.96280770537,22943.495859085797,24082.64110173465,25209.411713471407,26334.86501222245,27462.2681564179,28587.522557740424
580.7112565327891,676.8876084519305,764.4034557642032,845.262182146911,922.6936864275419,996.3041468884966,1064.5131784647492,1126.373422829741,1181.710164261945
9797.64194310377,9853.091768289743,9953.178890466392,10071.940563533788,10177.37769596291,10269.32505582848,10362.555049605358,10463.023391138448,10569.5762956055
5469.5663126948875,5605.154728568083,5763.124433369577,5931.485888515488,6094.897179273586,6252.593112319396,6411.376032152368,6574.5946819297915,6742.325985322605
7354.674775915887,7466.904095427304,7598.815571770645,7734.60689169627,7853.679774842753,7956.208715205467,8052.746270630284,8148.7033590750125,8244.66230322457
31375.074098066983,31546.56856532714,31832.76174777279,32177.03686224307,32509.34463017044,32825.31391670255,33152.86465721465,33503.818515957486,33875.10422978802
14520.068157222791,14253.810169358178,14095.438084264251,14003.146856214926,13928.482774170947,13868.651441159189,13841.08275566179,13851.2173128343,13894.951966677103
2580.9692903033674,2686.2902884532987,2807.8162253196742,2938.795849019072,3070.3428795594405,3199.2702889317375,3325.9387631988775,3449.125837174937,3567.823300806187
21146.09333221291,20927.4070458469,20816.396567540083,20772.38146562507,20747.336847297633,20736.00743116985,20753.388400977747,20803.77498887592,20882.04597896673
39884.06597137995,40436.40806479144,41169.36003703661,42004.64347907935,42841.14163502445,43672.84109886393,44541.34536743727,45463.92362293422,46435.424049919704
4290.212443352715,4411.740081824292,4552.621208537367,4700.333278930843,4838.2390812656,4964.668750701639,5086.527072903632,5207.155657849456,5326.316792580412
5978.564653392557,5902.90104148254,5864.922375214754,5844.778231621464,5818.853791978371,5787.060254188004,5759.582715938615,5740.0827780090885,5727.349607596754
23359.943250295073,23546.84807037249,23845.81540450158,24215.753494436747,24605.488876105308,25009.720328747266,25446.26379456465,25921.903108963637,26433.091176682563
33287.16433186686,32576.780441261868,31999.740739074332,31498.45004200512,31004.7973792927,30519.062088190567,30069.549924869392,29663.885354403817,29296.0585452333
29294.513108061066,29118.880277733988,29123.70899645631,29217.341590825,29286.861338536517,29335.052379667173,29415.847515402096,29549.660482039744,29731.29884960673
1251.269354561164,1321.8825734936179,1389.8521568411968,1453.841281562837,1512.1209541170203,1564.3533117849795,1612.0490604040417,1657.141832626287,1701.4778461841838
24158.639559534742,24646.13968417371,25301.31531032708,26064.562391736144,26860.541434618717,27681.401374598616,28554.72761598005,29491.831608472727,30489.03423856772
4838.895532302965,5046.81126627986,5262.6779138904085,5480.180579390234,5693.662763329093,5901.342901509314,6104.122716074749,6301.07759578781,6490.765093342591
39165.64740556774,39000.01441049341,39038.78291676891,39171.669696816345,39264.813440604026,39320.67866365738,39402.8363042077,39535.49807395577,39712.66367107658
23493.126139483575,24114.49652553854,24805.502576779338,25506.97869217557,26139.742966983165,26705.25076911171,27244.844047358576,27778.085434268276,28305.08286393987
17840.400812662134,17676.170441272698,17590.547286784848,17549.475476657448,17511.371738525108,17473.741479365563,17452.328873638253,17453.028642409812,17473.146205830755
23864.194300135096,23746.653361039556,23741.337142931705,23806.570377228763,23891.78003166469,23993.077253405965,24128.805517098477,24305.693351365328,24520.182043824287
65908.25952550797,65826.14210007542,66037.18084537899,66363.70862576747,66585.72972995603,66703.89485028904,66820.27727300276,66976.20737001408,67162.79986924365
5609.650666934848,5665.902859627593,5748.2616884911895,5844.001643162547,5937.4278054217,6027.475047290019,6120.390640719179,6218.7370885392775,6321.777236556805
70746.93066777228,70043.79736277368,69670.76416614365,69440.53164566822,69125.50198423282,68728.70084831529,68356.76193259696,68052.33206517925,67806.4318602711
9721.186357719173,9715.076448903896,9765.045934617185,9838.914496465784,9896.632896808816,9938.957874190013,9984.84592724885,10041.612445754457,10107.731933016585
12237.057919985746,12453.556057219303,12708.325203911678,12979.527316757196,13238.361441629593,13484.514106298666,13731.99469832921,13987.23409854116,14249.887058002934
9495.032210224497,9564.464705725526,9689.863729724762,9845.482956410957,9999.06835451466,10148.462765408609,10306.35889850277,10478.177015633897,10662.91382336123
22018.738812259508,22318.54607717863,22742.61011457128,23230.69815977181,23705.54164167055,24165.756595774335,24646.80452496211,25163.609397265573,25713.39062571228
11511.22067238329,12419.357196269311,13397.856442655268,14411.075466207123,15410.723258384429,16388.042459402062,17358.511157640973,18329.462654301242,19299.784483655763
2706.8115403349034,2898.415045820656,3093.269390953422,3286.939674568452,3473.92574266314,3654.186148212667,3830.9411263817883,4006.688585769953,4183.128156650135
14830.929133898107,14879.731545979477,15032.875733461051,15249.307327532,15478.72233627325,15717.442278748738,15984.087198339019,16285.130106986337,16616.915182061126
1754.1149610418088,1844.3673880444724,1941.1128746692254,2041.8100062914173,2143.0269835284894,2244.1183654586857,2346.2190975708213,2450.1751373511543,2556.417612486878
17764.802189656868,17571.017354679738,17503.066220058518,17511.460474860316,17537.068825997485,17576.010163481627,17649.737994910705,17765.14348894041,17917.095172496374
15356.245193517605,15072.38166983255,14868.225159613523,14707.747661558014,14547.870109937883,14387.174698045903,14242.86052750688,14121.156635795689,14019.205959118013
14401.600160398633,14528.051670479106,14729.447725539656,14966.848827008593,15192.085731683956,15402.89069898689,15619.657005053203,15851.95429536747,16100.827230002453
28518.142001913107,28144.71269369817,27940.178527876946,27836.662071028863,27752.4934379637,27683.960301142102,27662.90264099382,27700.75050724844,27791.815417186008
6840.046157908299,7080.226890364213,7361.066449634477,7664.696815525396,7969.420244407116,8272.931231860362,8582.633987350284,8901.686321002759,9229.297931386001
787.1597834792937,882.758369655013,977.6306913223718,1071.3161451383144,1163.1360844556414,1251.326637091388,1334.9931536971183,1413.9141739773177,1488.286308376344
38641.98469583725,38485.95376869273,38553.86432440978,38765.460119419964,39024.63995648713,39323.24823391075,39692.129079110535,40136.92652626362,40646.046519834345
1612.0308691101907,1694.2296047461086,1776.8911210425965,1856.519388447326,1928.6067800611988,1992.943773738623,2052.3620409947507,2109.4902655522424,2165.0316641987765
382.3206976009388,503.2857211130146,620.7437169698155,735.2103680678025,847.7083002958695,957.6849044976806,1065.3914125198862,1173.2219949972077,1286.4089294736457
2325.367191539315,2484.3643642316124,2656.1313037980726,2835.9921124711127,3017.942916492561,3200.76419302303,3386.3030007758452,3575.767807879435,3769.6704208941655
17016.456877098073,17005.536986304945,17100.077882552683,17236.264320388942,17326.216837132648,17309.293833446576,17200.313883639876,17076.777213308193,16977.487620402917
68711.74624512589,66882.99863808895,65640.57297604377,64771.62628392481,64037.76350829898,63414.26321261804,62970.02173138648,62719.31932774681,62634.25422744705
42885.70299854172,42449.89344431548,42192.90502100954,42038.19265541967,41893.42494832477,41755.71578256461,41663.934462530146,41632.12718939013,41653.313157752724
2004.9289598131247,2113.076965568387,2226.4025318744493,2340.2100958448727,2447.702880246628,2547.5083506904352,2642.5379977812495,2735.15718967208,2826.2737012679454
43365.27866068923,42794.279552742286,42436.15726652518,42185.21473191896,41914.15095992592,41624.294565853925,41372.35293363185,41178.83993438395,41038.2138155766
50177.523963622654,49900.50788977338,49847.80368051333,49905.01313792329,49931.188741202546,49925.22396104029,49950.2920966698,50031.97369081536,50164.48666818422
4597.9830325853245,4952.585083342193,5314.166126295132,5672.623438627906,6014.689459992031,6339.1392880603435,6652.432551771338,6959.092448372269,7261.204689701623
13524.085752632214,14329.591277385092,15218.20498100378,16143.29276081452,17056.40574705247,17956.639189866575,18860.360325599908,19774.130231086823,20695.820373936316
4851.298983240196,4973.105944347521,5109.002966555425,5246.544938341608,5370.647728895382,5481.100986352337,5585.41448071352,5687.738079745099,5789.027977525417
48063.01035336121,47545.32678471598,47233.723411750005,47014.33405958126,46747.64837905387,46436.821256523726,46149.16219457225,45912.54512624262,45722.600048943954
15416.414846792122,15599.934244704562,15838.731248699109,16098.07023426614,16332.71297686056,16542.392802731796,16748.797384564783,16961.750056623518,17180.43257516226
27624.4807637652,27611.340880033607,27729.178342177824,27916.24024611664,28095.947439042055,28265.861917188395,28458.672697692364,28687.587763833726,28948.9109407501
16600.996459430662,16703.847927624043,16906.20132137377,17159.709830583044,17402.99400639618,17636.079888543354,17887.82267092455,18169.97113046479,18480.176629701175
3517.8461569681167,3684.9729050571245,3871.613496786027,4068.6743796481046,4264.451512481212,4457.060896321189,4650.638617999038,4847.632944980629,5048.5744667838835
31903.960592239247,31696.25581160877,31673.213917884397,31747.768779491955,31813.249857177867,31868.330237273356,31959.63539561651,32104.92822327548,32298.356519561752
6225.369975370077,6340.329715873823,6473.691772937119,6611.308806876473,6735.97923210361,6846.605055130388,6950.147225658464,7049.170595183535,7142.720334593552
58575.1800951594,58279.83392545367,58377.027130274015,58716.40235708912,59118.33933927177,59569.05721810974,60131.510942103814,60824.4056513679,61629.88612796166
26235.68709158277,25929.8578813746,25752.000593045985,25632.150251825686,25485.72881623109,25314.4991445441,25158.383431993243,25033.10462686706,24935.345400052123
10145.403259245328,10327.763053611156,10548.680586101756,10788.154012122568,11020.326261764645,11244.201857453856,11471.519104312698,11707.81859196727,11952.848242912381
45148.608110277266,44762.09808750451,44568.810422273345,44480.014129781484,44386.57214433363,44285.55452905091,44223.209811738394,44217.62150157105,44262.64079037385
32151.060460552435,31750.617136941622,31541.386145415065,31419.186346462087,31257.607000375858,31061.701238281265,30893.25096403259,30775.609661333587,30703.343598803334
9559.28367116659,9857.503555309087,10225.13265468741,10637.782688125766,11063.988780950129,11500.698054444501,11960.17386528163,12448.195147081355,12964.578210411639
20682.032692421115,20733.003883688685,20960.576070390525,21300.070243372218,21672.66830990314,22073.289577945245,22531.811928200706,23058.41090288503,23647.03190900501
1151.3704086988798,1237.009371367156,1323.8750879782551,1409.533732229188,1491.261402763508,1568.0384671836443,1640.662387830675,1710.3014226167763,1777.2932337282896
13183.972637358287,13284.709362833151,13430.531699950505,13599.869565260258,13765.198937561387,13925.371304308184,14092.227412575901,14270.852132428317,14460.198639000722
25402.829330309458,25499.620543786015,25704.460755803342,25955.750297286013,26174.81114151482,26362.402973471922,26556.779397590282,26774.55849899616,27013.85893600433
9618.123953698052,9654.42038493945,9739.795614771956,9852.476012978512,9965.537755131558,10077.887748826884,10201.027116939933,10339.753790335424,10492.956902489135
28875.552993798,29461.50033620698,30198.334884556905,31032.32603186303,31893.283018461738,32776.654961804925,33711.562428715275,34710.78426850195,35771.58237332223
1966.9596469043959,2015.7621609182338,2067.542156627917,2117.3701253514264,2159.319401398901,2193.1108343904916,2220.93543283857,2243.608199607813,2262.1322095589494
84668.28810607901,83539.65538814633,82664.87807524302,81908.85552953591,81109.37275847631,80263.17112190781,79439.88582942888,78668.12779121877,77941.4440278078
5690.857360913528,5912.546571454885,6163.875188036638,6434.143121538681,6709.407895792772,6987.7654891035045,7274.247378517166,7570.727107420455,7876.205842094801
97062.33995377272,95937.8369454076,95234.0164988128,94732.30301461068,94178.08191047065,93545.43016353376,92916.44260853992,92318.46357183551,91731.53449365811
24757.446562851404,24993.848634386206,25319.712955777693,25690.990656863385,26052.865304089977,26403.4057494057,26766.477318445734,27152.26601317053,27558.840212406034
13681.13938130258,14656.972525603933,15722.82297482704,16846.702420829726,17982.16085079263,19123.35659151206,20288.82374888119,21487.732364375548,22719.060202776633
9078.966677603,9298.706158810835,9569.538662102375,9866.714128642316,10159.097695770606,10444.00166955091,10733.49851504309,11033.042716221473,11342.174170949247
18725.117505715916,18765.283585825324,18929.268377213233,19161.235902830296,19390.23567536244,19609.660965898773,19849.306241992075,20128.023720062432,20446.930861537534
9666.864439168445,9654.785134507758,9684.470039670168,9731.260210196615,9764.744342317179,9785.026224799636,9806.446217750168,9835.272734223796,9870.830191619087
25029.78709194981,24954.121294907265,24990.940218682084,25092.161711552195,25198.394549996014,25306.38992069549,25439.675628753164,25607.383232220145,25806.066330760168
22241.192840641997,22461.445583379784,22796.43247156132,23185.891692715544,23554.596205797192,23900.750830548623,24257.66612204284,24638.439701410072,25039.493733013544
8645.680146113335,8912.187372098933,9235.463406260973,9592.496839085088,9954.270215813882,10317.871802831605,10694.467550305753,11089.397304726092,11502.413092598697
14611.271077211159,15042.355224261944,15623.07907657616,16303.584156372674,17020.699825045253,17764.31611159092,18552.73026910407,19391.838990702505,20276.361772001466
38491.64648807039,38456.23249176138,38634.54185121261,38917.85204609232,39173.196572165456,39397.49244822643,39648.227991001106,39948.09854978385,40290.895691648584
3700.1479599135832,3857.489187575162,4032.720449827526,4216.532318743696,4396.5935933725605,4571.880367792446,4747.664982930623,4926.407601227181,5108.589386117205
12111.70876292885,12442.156908677118,12844.932636457606,13294.354922243467,13757.228489263434,14227.958633781545,14715.905772825277,15223.958453386742,15748.785806296572
17377.005321211105,17463.297945041133,17622.772996894,17814.91563949038,17988.06269532858,18139.68253006529,18290.989568122295,18451.226420529834,18618.89517788221
22510.038675226173,23071.90846691677,23656.37642135076,24233.63750617818,24770.668772509383,25264.82702947555,25728.5490613242,26165.842935045206,26574.881766236846
37577.366006067874,37281.32492939877,37132.64381328742,37054.30987875884,36950.57133161282,36822.28896423179,36714.31357211412,36644.74780578587,36609.39748144489
18646.11544325604,18815.598439360238,19105.34412841074,19471.068612151852,19857.826420407986,20261.72845573748,20704.186439279434,21193.933843747036,21728.344427337703
24226.238943856068,23962.08828836502,23868.80464067935,23894.769846659787,23984.746233215974,24138.030739385373,24378.761678215727,24717.241047089003,25131.247830898974
28139.701722089147,28810.579823340042,29601.95674159631,30455.68298238119,31296.96423385151,32120.352238705207,32956.38635374339,33818.66555703018,34704.91829346831
5871.662348758696,6022.702210911648,6190.162376235618,6361.463847776337,6519.829438151458,6665.348502501765,6806.819845370347,6948.7989404154505,7091.764376304377
42633.82430777783,42639.53413279103,42762.86169301794,42917.93449781669,42998.245690866584,42999.182533171464,42965.26808564452,42915.40608686869,42845.83405355077
6923.425621201229,7059.033259854143,7214.884328572591,7377.52550096662,7530.384383747569,7672.762701538713,7811.882225248307,7951.094283186773,8090.251558514709
29792.48849346764,29879.276236896472,30128.895582032288,30460.299673504695,30773.967533096995,31066.395005073646,31379.850332138572,31731.65997308369,32118.017245683186
18310.58379588647,18561.191779456898,18887.645297228893,19247.22602057502,19585.462157685968,19901.77276272443,20222.138731429142,20558.605560016436,20910.693229652414
65582.36048555057,64206.23446243822,63208.508742334336,62454.79032560951,61792.512775549316,61200.684588815995,60717.59350320739,60349.00313073031,60074.024471194934
8472.586062286608,8649.814379565205,8864.386849052475,9098.85701301403,9332.767393740907,9567.767072368586,9810.180649230588,10064.308760778502,10329.723954731751
23547.35469588979,23569.794873640007,23684.856547035546,23839.65508033985,23969.797284110242,24072.30404322357,24173.726468086792,24285.28917937283,24404.72714563584
19874.534871428554,20117.61900607158,20436.938437966983,20799.953578775094,21165.020164180005,21530.124583789715,21913.34212951543,22323.171157543286,22758.685069013394
14706.39420753734,14869.111604132517,15071.068350849946,15287.34657624366,15487.881163043412,15673.152681950378,15857.956319035187,16048.252234102254,16243.066106476734
5148.492172168052,5193.942838209235,5265.310565335433,5347.77632351625,5422.654398246958,5489.856839018087,5557.999028590256,5630.417223663792,5706.306969549608
41871.45812928523,41722.745777278215,41796.70610205722,41983.95937587353,42148.00167694075,42289.31286589619,42471.36439657192,42719.79784642783,43028.97280096925
27690.536034410627,28152.212978478427,28743.00646350438,29396.4535643554,30026.338810798086,30629.25499380774,31243.130519308204,31884.257667379505,32549.40606706992
4179.000460242165,4597.280757050064,5022.716804287457,5441.281675066961,5837.210841237384,6207.1505045243175,6555.744837106478,6886.770697861268,7202.575057726554
11168.694858186265,11183.842802870688,11259.453120698507,11362.197822715898,11452.23255618469,11527.47783022565,11603.83353875597,11687.405537131486,11776.15877428508
41350.67676922115,41192.7762522399,41311.31992623581,41563.30039968637,41776.28520714057,41945.352938477445,42142.1705812678,42392.599619264714,42686.59146595012
1937.062867207969,2000.5902523251593,2069.982105870877,2140.5542987968142,2206.1956389880734,2266.3540753148122,2323.825003557833,2380.2451933304224,2435.943117847982
13839.845567064722,13877.254167500125,14005.324747161436,14180.038912123915,14346.201816642972,14504.424877098592,14680.937851734656,14886.213993054562,15118.318382106945
10567.202724039436,10733.409717133003,10944.872830720653,11175.922216485744,11393.05306513933,11596.275539711103,11802.0849749902,12018.224145054477,12244.648086572133
68894.73966570992,67829.12523526505,67167.06365072087,66777.29374182427,66506.72938141142,66334.66631233101,66301.2251634465,66414.1800776601,66653.3365042612
148.8966283424016,156.15731032768213,162.93020508101728,168.92632292999167,173.03445846446564,174.5769722131623,174.00634518045368,171.96907842808412,168.49275792825907
22277.851381641394,22969.60561563381,23760.651285962118,24587.689218379066,25369.412314332505,26101.17264551694,26818.414492550266,27538.06402002545,28259.755372100513
1018.0482092319664,1066.3828283093321,1124.400776762018,1189.1726840459103,1256.7640638361863,1326.0863567331148,1397.7493254203068,1471.6328641578182,1547.0328759404426
10653.211864978852,11035.171325994554,11439.664098435043,11847.054411020086,12231.76484904072,12592.647737773255,12942.039045456044,13286.039821411889,13624.724556954081
92225.17506564627,90802.58189717647,89736.30781963853,88830.64173648028,87849.96009367344,86795.49488457009,85773.39131555533,84824.56734700024,83936.5498658893
5199.710581425561,5431.79791547559,5697.5061369285595,5983.041652300929,6268.962326965065,6553.498699301247,6845.298516122902,7148.83894369544,7464.385767523309
6899.566346926079,7120.7469727625885,7386.686548691149,7681.129658421776,7982.913041086204,8289.171328912706,8607.027962883765,8940.041709435984,9288.29729072013
-29.647429649974374,27.888028708285155,82.99332759705695,136.8429415969097,190.65870251324276,243.18555220319223,292.6886324035967,338.03344278462066,378.5052910129741
5988.466019340408,6273.918289536483,6607.23950595978,6976.635331095479,7364.9224096559265,7768.954222923248,8194.175616931434,8642.59681923396,9112.628220609391
27628.51673959845,27502.086560644526,27465.545266103116,27474.14810158131,27472.205218439387,27457.905947760628,27454.870685466514,27472.717900676413,27508.463318525814
5164.709483407308,5222.975995294057,5305.975432887355,5399.129986524495,5484.034216525265,5561.787517739285,5640.956373821648,5722.348923531002,5803.364799018628
9080.001880885116,9337.667451045372,9641.480604017672,9970.671504518756,10297.536770751185,10621.50848690181,10956.597934209276,11309.781717828384,11681.015110301454
6370.068613097768,6601.527640191689,6874.674540397141,7170.932064037205,7466.669191462901,7758.973042982705,8056.233021391474,8362.170467827382,8676.3729652122
347.06498859297017,407.59002700082806,468.1314241913048,530.0687113004951,594.7228686703655,660.6324570847278,726.0228822760585,790.3501264788139,853.6497720356722
16765.376570709792,17089.82652355661,17447.812474262613,17809.1762497395,18137.323607431445,18440.362779680036,18740.783446347097,19039.968242909254,19332.865433971554
10695.645742144841,11061.934641475733,11493.849305396105,11970.659145425914,12467.522095783192,12976.634032873759,13498.780345300736,14027.09712978108,14558.201603134314
95122.73468512375,94202.98789018234,93664.3850695578,93294.2099918154,92836.02013138673,92303.90969753856,91845.2808788044,91550.06614708388,91372.11131389596
3478.8076190910087,3636.1946941048705,3806.1933744235685,3980.875727329249,4149.456699409368,4310.46013665205,4468.380583742267,4625.690910607107,4782.727431318743
4775.127196746511,4875.938462724625,4997.938001870224,5127.866410252935,5248.474584841436,5359.645908797982,5469.885791051448,5583.239105220124,5699.790791955316
11167.664747684692,11394.4257649724,11659.514606533376,11931.918391914678,12170.902957393653,12377.495141194533,12572.804108515658,12766.448021934995,12958.31161259724
55350.13167586068,55397.90191460733,55700.592184561334,56142.650677002384,56579.26205393725,57005.497852904075,57482.98371938479,58036.57790832409,58658.68147983277
15812.71408110076,16231.176020312709,16723.88448047951,17254.132659322015,17775.529371470315,18284.145559948596,18798.32092378347,19326.258044883984,19866.546262693533
13797.809911736347,14139.380122894176,14540.22193289598,14976.894106161619,15420.158926912318,15866.930369148111,16327.734484949344,16807.02482513198,17303.53555462699
-62404.13126851382,-59790.760492305046,-57329.28247425545,-54941.11178949855,-52527.670973119326,-50082.42840782808,-47638.183287860185,-45201.561711068,-42757.029720152634
52310.53174885458,52110.48646493691,52122.4718522526,52245.017258998276,52353.35242136407,52444.536163068165,52572.327095463246,52757.81353062448,52994.319823215235
9859.295845234037,9911.486130687255,10005.880556804705,10120.417831480678,10227.678652294653,10327.110751476552,10431.260758868448,10545.963593221713,10671.000417238374
1592.4276594788512,1640.773030917081,1686.4963142398472,1725.6443376897976,1753.3316846636408,1768.5865945602307,1772.8254489073456,1766.6044483593198,1749.5002214070275
14162.836748589363,14225.511765064044,14324.26440518475,14435.80162551722,14531.426810887977,14612.72891971026,14694.894080017764,14783.746848414794,14878.180279038992
6911.815095611379,7064.776547919357,7235.945835213345,7411.386338789417,7573.473059015153,7721.710573150719,7864.533625329318,8005.992217194796,8146.1160239389
8528.169123094553,8843.240730386337,9218.759670249101,9627.580539070172,10033.622863965686,10434.787724043295,10846.829597700496,11276.477669602082,11722.479993643143
21949.093670877177,22654.092019177388,23469.618706566976,24343.36532761155,25205.93382952652,26051.218265129544,26906.70985490683,27784.27739558874,28680.961886977326
7976.393511684277,8085.631156000522,8210.044776860994,8336.640800085905,8450.71232259476,8550.76771606828,8641.699968966204,8724.77946854897,8798.570503174884
23225.71633249985,23342.48389165937,23542.19047726807,23777.807801330528,23989.57412700151,24176.21343709113,24364.666843850824,24566.67336221597,24780.503827529632
28301.221988478086,28677.107596364545,29188.179844894745,29764.886105610014,30319.443099258908,30847.97276966931,31387.787285902614,31954.634668735653,32545.351313641877
6492.201198765592,6615.320034235675,6773.868605835934,6956.975106651004,7150.355729056821,7352.026415388266,7566.262923625534,7794.420340835056,8035.237858539188
5310.798352005079,5367.387354094701,5446.426342508448,5533.015300585862,5608.384635496096,5672.454314085652,5734.060168097748,5796.824506482209,5860.081180704645
52785.235648102695,52229.13463241332,51975.80881377532,51885.467264806844,51795.50714373676,51690.16675537004,51622.174472385086,51607.977420470175,51633.43698433119
-2084.5363091176896,-2001.4912726872358,-1933.908133766563,-1873.4848176933008,-1811.1101499001081,-1746.7056613448274,-1684.139999367668,-1625.2180365324814,-1570.0798043755144
22203.616469480396,22542.26174778124,22946.95116130916,23382.674206373315,23803.86646177084,24208.523964222582,24616.760818923864,25037.93311456919,25470.681599019084
8044.065481534291,8258.95970606445,8517.750676388176,8796.080149664029,9063.426063807563,9317.50922635475,9570.767708177658,9829.025850402775,10092.230432292972
6286.49191684556,6305.691052692192,6362.8735461927945,6436.487169213569,6499.895668662253,6553.060329688643,6608.317064041929,6670.880265135974,6740.220703540065
-73.02730113185271,24.11589672632567,114.39928908759245,196.98343177129294,270.5371711691664,333.7158394494907,385.79480264405663,425.60203167339876,451.8937909747773
6260.883664739765,6309.831578849956,6381.325730872391,6461.242437348009,6531.422605349441,6592.17116315425,6652.609322591014,6716.780379065205,6784.339965960048
9259.093283021211,9335.290890186265,9463.747869234428,9617.195903304402,9761.251033311764,9895.513947879132,10035.760919504712,10188.679309870511,10353.464891799349
3707.6604500326102,3763.141870641733,3828.4683740005685,3894.5164965305,3950.161152602909,3995.4283842365794,4035.808628197755,4073.8051123542577,4109.461911783129
4732.666601300987,4821.0548097232295,4915.519790458639,5008.326501165076,5090.733615876621,5161.0836074444205,5221.574137561084,5272.758172025888,5313.966858091281
4962.660043073248,5200.197555832803,5458.492252679576,5724.996377814937,5983.029724893251,6231.091205047834,6476.492961729911,6723.406890926617,6972.6746671479295
-35830.798168728594,-35082.8373269964,-34445.69706808785,-33850.77958216953,-33213.92929826094,-32536.690095907994,-31857.05522086939,-31187.59329083397,-30520.208335411655
17426.233293587407,17518.565402229215,17696.60211197725,17917.218002320315,18126.552961463392,18323.94196681374,18534.368130461757,18769.03832917092,19026.82702744508
11656.768771330748,11777.577097075153,11968.60041928582,12204.865337388032,12455.502950508699,12717.256912638997,13000.864724896997,13310.465811144573,13644.4484736044
2341.966520381437,2402.634254382217,2481.710998996104,2571.3951152335703,2662.5888930218935,2753.7512619579543,2847.2566498487886,2943.8205833458665,3042.905999596386
4453.602316591332,4639.089764309886,4845.620968483217,5063.574742740969,5281.097229994205,5495.333535781775,5708.703706655493,5922.251990906771,6135.733078676821
9084.720881501782,9250.87210744099,9474.799995341906,9733.023236381367,9996.844718693705,10263.38541310702,10543.260641558372,10841.06944429105,11155.735269318307
4381.234870631233,4506.477921274435,4654.905528619812,4814.916465992543,4971.567252722257,5124.11870407838,5279.263669558667,5440.125258156072,5606.659802268625
45340.126528214285,44519.53627936186,44060.06161177893,43798.35195248412,43545.03670363219,43289.94856629634,43100.25936806844,42993.039802852,42948.84335878605
10527.368027137736,10953.229031243183,11415.724519525606,11897.060605383116,12374.915960200025,12846.226554492925,13318.776684604913,13796.551148196992,14279.56933511743
9221.680352545976,9389.802572877048,9575.60066698958,9759.995299355884,9919.269502880466,10053.23950172505,10173.24392036717,10284.254618043049,10385.916564405692
62146.74267936826,62535.104953237074,63117.11452960716,63787.42052238102,64411.16873295361,64982.90420710136,65560.06534635522,66166.16340327464,66794.01909168805
47937.3653494971,47207.8914688074,46782.91534605393,46540.60761312871,46335.5933164642,46161.2345063389,46073.499115816056,46091.49966938484,46204.06744029561
31555.26334393708,31442.355872201464,31527.43032272156,31735.07984039785,31974.618037241675,32239.442971566295,32562.38966110064,32954.30330563553,33407.3560984231
12541.042657144222,12873.065534346322,13248.848891945865,13647.18733248662,14039.63841543411,14423.985662403547,14811.953647385411,15208.90453447737,15613.840051996613
61215.91734970802,60436.002141952675,59989.71369512052,59720.31940370083,59443.03296534336,59144.922132003725,58891.50202414919,58703.40364180785,58564.699373317875
22732.87389531786,22520.541147441356,22423.27775649644,22385.27507229969,22339.006591925558,22284.386980616084,22251.52157833165,22251.864663387052,22281.87318982181
22478.050625325188,22850.53489292393,23358.998762797724,23943.497152008946,24527.41807253925,25107.243867994253,25716.034789550515,26368.16052142581,27061.52156594188
7505.166126651495,7630.33260739872,7804.584167958847,8006.601472322183,8209.388404573518,8411.433348032291,8623.531214106653,8849.751502469586,9089.030626090274
4009.9406214230394,4222.560144239015,4461.138038626073,4717.009700472472,4979.686546573297,5244.309492551001,5510.421620351794,5776.810761405178,6041.624543808059
22796.27085545954,23033.477991815456,23382.8775370144,23795.043858999135,24206.895324987876,24615.163444111124,25046.205387203463,25511.340487756705,26008.20477246118
11407.207186484531,11499.356440541846,11650.452389450338,11827.043584631569,11987.856754837505,12131.744376112794,12277.154551672482,12431.970834805257,12595.189407836084
4634.765410406325,4838.0125493419855,5074.578541451932,5332.183397815572,5595.462760463456,5862.051153102682,6137.0395921004865,6422.822344402397,6719.2618130621
3169.941885065023,3382.8749438130126,3612.3534691468585,3850.2061080572644,4084.6063806289976,4314.96987397674,4547.442493057546,4785.600666016273,5030.427275202131
6348.233150726214,6508.521971827284,6685.132717723981,6864.732647573283,7030.251989179063,7181.554597143956,7327.2526759591665,7471.876619730335,7616.131389145396
9775.486708260807,9925.874896466808,10170.383743973873,10475.679212548088,10800.214026757207,11140.225085558759,11510.661138514988,11916.443752419877,12354.206890389054
20854.66855830028,20888.596672546897,21016.111977161196,21191.501097674816,21357.986429633605,21515.580715762713,21691.312546679306,21897.27686739923,22132.53340549172
3509.266154750658,3624.2281181312646,3755.6662371376547,3895.209646943144,4032.333465343927,4165.659387828877,4299.012514297666,4434.143852564571,4570.818401552644
49610.003740792694,49472.60502940344,49581.4131665773,49815.68185311714,50028.75231708088,50213.669116086894,50428.96184910083,50696.78234727209,51008.44294341238
-87671.65211914785,-84819.93728511852,-82129.6706424663,-79483.42286769008,-76730.9577778105,-73869.93550810179,-70963.32995634989,-68031.3523419135,-65059.288448945445
2073.183951171772,2125.90131668351,2180.7277715645764,2232.481145685063,2274.349376995561,2305.0691119921944,2326.8628564857754,2340.429226308541,2344.9520262359533
6374.008093675393,6725.134738506315,7080.632313775881,7427.716496459286,7747.381974737749,8039.673729154184,8315.257422977,8580.913959089557,8839.144466007336
12961.985328117209,13403.02541373378,13906.801185407412,14450.45957568965,15005.1256212322,15566.786754263594,16145.583827132888,16746.847290601843,17370.872811421454
57321.5661653579,57223.097686045956,57385.37406413603,57671.01333241609,57909.309736978226,58097.38912572711,58310.143146421964,58576.465620894494,58887.01772106651
16858.43894293237,16418.379411549304,16083.592201371186,15818.437698645033,15583.17444277407,15370.91047226736,15189.627478525945,15040.336765877992,14918.394644964566
65651.67039353726,65003.31077946,64651.74098436117,64432.16859881904,64143.430797667046,63785.889843377015,63450.77072699421,63174.373820323046,62947.746138223
12488.51404697232,12785.436948183728,13147.902349966831,13542.192229736878,13923.852855480676,14292.505664288412,14670.017670178142,15066.599696849906,15482.09689010173
5968.170430705416,6096.179268002846,6285.440968163262,6520.991583158644,6783.621261731165,7071.132917697616,7390.299101926938,7744.013699574872,8131.622559341647
68777.1865227312,67899.36274065322,67349.61216688894,66981.8812049766,66621.7420098983,66259.50502971785,65960.56766088057,65746.87449636983,65604.21385449047
26082.27798221161,26207.71185001496,26463.340817857043,26777.005377230184,27056.775884980416,27303.645489811992,27562.174851668526,27851.03475340198,28167.301449114308
-995.1680246017069,-885.6764868055178,-786.1572500575578,-692.385634333743,-598.2339624507938,-506.1617466052143,-423.2655308259312,-354.3305269001822,-300.87174028103595
31937.21774018763,31851.37953869038,31909.604582003944,32042.883517708364,32168.141872195803,32282.633486424715,32420.860571921105,32595.834365059112,32802.989966017136
12497.560691486584,13148.7890284867,13850.975945637543,14580.201214755827,15303.947358938876,16018.407181171639,16736.47079942467,17465.124674960625,18204.976231792938
1166.5690995524637,1253.3274920321674,1348.6554798154466,1448.6037404916494,1547.5770912065118,1644.9318758591314,1742.9550656342417,1842.7544338513685,1944.3676975878238
26768.334776944826,27324.338139523017,28012.090037585607,28754.173636151583,29450.904860767998,30098.687393289005,30741.96639895348,31400.284744712506,32071.685514522396
22937.415894420115,23409.155704587276,23956.55458879169,24523.65731366658,25036.610027159822,25495.706154896616,25937.96370216127,26380.50631712917,26822.791133481558
4469.404752690907,4639.018761614517,4835.143318036415,5049.524544056339,5271.567473195707,5499.715856566412,5737.5003992760085,5986.591181232772,6246.761107646158
11312.3810005709,11677.284748322429,12057.76287152221,12436.184695929618,12789.069987035424,13116.459782128279,13431.26597841277,13740.998967714515,14047.432265838028
26281.348431229337,25983.835769745718,25851.101698935494,25811.521146212002,25779.31198600415,25751.297774982566,25761.614141314876,25822.242501626424,25927.208097336
18303.182922150274,18819.347638428026,19444.13395423388,20120.74455821273,20774.776287851968,21404.29543331398,22044.272157623185,22710.566544467412,23402.342408100387
3412.5085337791274,3496.80207799533,3600.250228123887,3714.330542557096,3828.069308575587,3939.0956739842195,4049.892082220833,4161.216861310665,4275.071972924742
22949.061412222978,23134.05623392566,23420.814887338878,23764.458213322294,24108.495643347786,24450.364432934384,24814.289978161672,25211.200038282102,25639.811687934816
12721.905848651893,13092.764682918481,13505.00428655481,13931.602285222576,14336.485870753386,14717.252020286678,15090.02750571814,15463.187991185345,15837.326938331264
8806.75414137945,9093.903604217901,9417.372285332396,9761.81167539407,10107.601893775707,10451.898074428513,10801.278409383804,11158.921858936268,11524.591137551859
5516.241291188205,5663.738324281657,5832.140527980582,6008.167648195795,6174.589065319733,6330.173680175379,6482.227297722267,6634.4912160955955,6787.452977432855
5140.16539543693,5427.624766788666,5741.019576746933,6060.203836544961,6360.1856713285315,6636.762649355408,6898.383479118181,7149.948733810946,7392.374919156196
58652.42077671911,58264.01870395211,58204.1883233025,58304.15697530973,58358.80372360504,58373.005711199796,58444.15988082471,58608.69364316473,58857.234484925146
9680.470760901779,9782.40659056477,9953.910785954791,10174.086813044094,10417.619808630303,10680.524525664974,10969.59827101289,11286.72979208976,11629.503080791132
42928.312007031,42017.49539296971,41348.840956780434,40824.75801458587,40332.446194967866,39864.568514939354,39460.06912998833,39130.08411335959,38863.3938629595
28684.72295015747,29956.61442042946,31310.21106672735,32681.96069411476,33992.42418421001,35223.57999045924,36393.60134631937,37509.60733479968,38566.62594608565
62171.40729923,61860.21614465237,61779.03061499952,61821.77020929445,61859.65605892733,61885.430734135574,61949.1912112797,62069.89493452896,62239.07513831364
26813.941474218507,26781.23236448552,26887.153920640983,27068.440082234938,27247.246729284212,27422.221785105827,27628.254008194206,27880.238769271607,28175.801378126147
51659.838964585484,51286.95892085514,51253.100777923806,51405.640400234246,51559.211333098436,51709.6006661816,51934.619601479055,52261.96697169853,52679.354378944045
49953.648578300745,50122.50925025249,50566.54259919788,51170.12331935616,51786.94490461836,52412.08144481749,53107.846551498005,53898.23643918421,54773.839134317524
12663.223789874837,13086.12698672372,13552.59641002439,14039.817351705833,14517.016872433238,14979.443350139722,15436.967338407418,15893.979248097896,16349.45702096043
3177.0031732551824,3283.5445904666385,3407.1996203513263,3538.9976382819477,3667.2181313031992,3790.704699692551,3914.1551314362796,4039.734833201898,4167.069452460384
13515.277614750083,13359.766217822487,13284.834893360348,13251.304480270808,13212.466238135488,13168.477617940465,13140.01827770319,13134.506536883355,13149.204576017155
9599.26828167524,9694.351692857028,9831.83385222618,9994.115697176265,10160.216811260958,10326.566712628506,10498.791663705986,10679.06064296211,10866.15741022707
20827.5664298293,20638.41379802453,20570.1305818482,20566.822519525904,20560.148644624875,20549.29889192866,20564.14138368895,20616.10811740041,20701.58499118311
24102.16947463953,24362.901197960913,24727.816071476802,25150.165315282433,25571.43027353689,25987.8821255413,26423.120446217286,26887.178638623333,27377.465548071144
26532.806795218137,26829.21110172979,27254.064749577203,27752.30989327691,28254.406376152634,28753.925453817978,29276.31388116796,29831.582470038826,30415.62379449967
45563.60154564153,45299.59730999571,45359.79145675531,45633.19178492394,45985.42967011799,46400.196846513754,46916.91436147799,47545.11865606614,48269.8530009293
13848.494910400444,14488.713044888924,15154.495616650029,15819.179774288828,16446.635293651107,17037.008166202504,17610.433022714165,18178.382491925255,18743.30127969569
40351.62334872318,40618.42683167378,41041.88424583959,41516.42124134075,41907.593660841914,42218.10076810862,42515.023084462984,42827.347781994955,43151.8569548876
-2607.636010743756,-2387.7038537620188,-2183.3239975758593,-1987.1491037911892,-1791.4601888737732,-1601.7738470320805,-1425.6075886215292,-1263.5294762614851,-1113.9745452711934
4985.740489384808,5055.107810614729,5143.290179648518,5237.37383950754,5321.086094396055,5394.139991188473,5464.084966790536,5534.294890863391,5604.51245096007
27612.853355851825,27444.482513848365,27429.232462248965,27488.952780379124,27526.444054586256,27540.96129297821,27575.471987407916,27646.969904862686,27751.30004795759
26426.6747863219,25810.629436525025,25367.0864966664,25004.682433468457,24616.379470853135,24206.97641177787,23827.08201589132,23494.145159462725,23202.245518969954
12440.33850473933,12389.060118604986,12389.117462240996,12415.23532721254,12437.82064175051,12454.533069822075,12475.532485166346,12503.759033796538,12536.381533302052
12289.27108120966,12332.994915670324,12434.298681700386,12559.035019567142,12664.928403271126,12753.106116215424,12844.16427993015,12945.800998241592,13056.314244540308
4231.5053293080155,4317.079345434656,4425.4600011888415,4546.560221732324,4667.45948627234,4786.570786509457,4908.274488680551,5034.256746560459,5163.727750727729
12774.992680522528,13007.448197148029,13297.221015150604,13609.49770970746,13899.42844411575,14165.287877750437,14427.170120747944,14694.161962498776,14965.40279653258
95126.08448161579,93245.82406140442,91972.34539501794,91053.24073043793,90192.24795845829,89378.91775508494,88728.79398812853,88280.25406987526,88010.65372117315
2106.2997225477175,2303.8211378271935,2520.2654275792866,2751.642101634698,2993.098750575524,3242.9275316027192,3501.7351530578003,3769.8753094903536,4047.5557949123
3064.2135010225197,3226.879686224011,3397.577587464598,3570.627733696486,3738.503013757114,3899.8188132254095,4057.2596456660785,4212.589297541502,4366.1897146628935
6212.505950777617,6347.080604946728,6511.98852802642,6691.844085305165,6867.406830834339,7036.648688819831,7206.6192009824945,7380.086389278986,7555.924858453358
4663.262919948501,4821.756601724699,5005.794334255151,5203.4089881232,5398.304338458306,5589.887414844865,5785.724036350472,5989.203125375337,6199.91287588607
10139.668195197677,10340.195765433931,10602.949146186638,10895.898007286587,11178.122799481229,11447.424675968241,11722.069066131195,12009.613184438875,12309.73361122415
7872.35207136856,8037.030584880705,8209.196702173158,8377.999937326502,8531.117726948503,8668.037994824825,8794.365785174274,8912.350012210114,9021.53486189429
48379.198271022724,47782.45728871224,47411.30166588567,47170.24053710642,46944.53599185739,46728.36676617291,46565.70389357052,46472.00054921301,46438.52958604335
44575.09888348659,44513.037778163605,44706.67873331123,45042.1686735376,45378.40093731457,45711.099253889704,46099.92286688979,46567.744124058896,47106.27215505368
3686.7795860910946,3976.5445342401586,4307.561774755457,4665.854549990299,5032.726828336294,5404.391463331854,5786.467776903726,6181.868207572545,6591.03028677136
12807.995701828571,12744.108720719869,12767.811843802388,12845.804359428328,12938.507051019686,13042.996076137812,13173.696683031563,13335.81335803148,13526.822273986449
1214.8516421939364,1281.1223837194825,1350.5201049351815,1419.6880545601805,1484.4382291161648,1542.7304989776135,1594.3705813559345,1638.9281917785531,1675.482736415105
24139.607343340267,24161.371844648816,24297.872424764977,24495.594192217155,24687.585019710576,24872.173609428173,25078.77008151381,25319.687603972,25592.410409216645
40467.02757585429,40577.80130666855,40901.6930867975,41330.23148286682,41727.34197406836,42091.376245157226,42483.60468811407,42928.50486316516,43419.7056466969
4295.866411672691,4475.125030253376,4655.438650034729,4828.717482942084,4985.567676077446,5125.586556856303,5253.735008481881,5372.635094570446,5482.877174249845
19396.095393142317,19349.12421395435,19405.522591195266,19511.708972833603,19600.986301957426,19674.022887943498,19762.392000029693,19879.08606587674,20021.900645423084
24063.69655331899,24129.603654949486,24337.80961749062,24623.13522953252,24904.97672689963,25181.3638231606,25487.297247180293,25836.499927583798,26225.157746862078
3752.6953778934003,3923.1961157085443,4106.3682348658485,4293.937563376839,4474.665924615815,4646.503164157579,4813.210573649644,4977.378948856627,5139.60133951991
6388.393672243548,6786.074377935629,7199.545959004654,7610.172257309663,7993.616929567726,8347.373002462653,8682.33097039023,9004.780934575576,9316.130194181422
17071.062538197308,17238.178526561987,17450.40411890916,17671.46050646941,17854.534116905364,18001.215625890734,18136.001730494143,18269.761823940396,18401.761863119376
11878.593896303679,12065.304553580567,12300.903428793286,12562.4835761302,12820.627940207745,13074.150627945299,13335.995842001581,13611.780799650376,13900.487500086378
10237.098774270366,10460.924885250572,10725.473287527544,11002.773431617567,11258.697944593565,11491.410442688135,11715.668053735491,11938.080379210909,12158.115220505299
25344.810769006977,25293.428542622118,25355.487961375627,25481.723150633738,25613.254531151182,25744.43529834359,25895.350619051464,26073.488944457335,26274.845691291404
6370.02166385893,6550.791605238597,6770.0990593284505,7013.200051758986,7261.324155673486,7511.341779654247,7768.6885114640045,8035.354620182563,8310.315158370786
79667.74634802871,77425.05487163669,75821.56152354395,74619.73728567248,73554.39247244022,72595.91456901052,71818.32037713581,71236.41134059265,70818.2698240087
29831.46875429664,30015.297316325537,30350.70785705481,30769.045842173182,31184.234606351685,31593.038939952177,32032.36391864507,32517.61424813399,33045.01035819575
7051.935808696,7398.893085164997,7793.1874347465555,8217.122465535806,8646.724781287114,9078.456229300858,9520.91088867707,9978.559726384136,10451.495904566242
20308.25075449461,20275.109525023097,20334.532257221286,20433.83854217777,20510.042704502688,20563.55948827199,20623.242913100912,20699.505132809332,20788.81158046342
13540.337339935153,13668.014738436868,13869.250514714427,14109.210379580196,14344.006694120864,14572.865158852504,14815.90846635641,15081.869593704474,15369.628059701576
10362.14993071428,10524.883258465095,10713.467001633217,10904.133915060287,11069.352448645053,11210.26810354899,11341.0787897311,11466.937784121967,11587.0436393738
6878.206914709836,6943.026897561074,7060.119190600879,7204.451850495084,7344.931133872809,7479.190505963001,7619.016064212862,7768.918342009171,7927.318915970351
5591.695110557185,5639.792890219008,5723.645138823629,5828.430865202548,5935.850068227271,6044.858123950222,6162.688612276009,6291.821313427394,6430.951219343512
30923.744200201076,31034.821088354718,31239.33265038546,31475.535487450692,31666.115975255765,31812.683957506855,31953.845494624173,32106.57271406136,32269.64835521715
31975.037969687186,32030.51228526197,32192.781282111828,32409.276943871857,32613.522899786825,32803.04104486082,33006.15193486971,33234.50723977439,33484.69958532436
11694.030659481221,11953.03812844812,12271.668846570366,12617.134048499103,12946.207774064,13258.259362955056,13573.805906213054,13901.809162131725,14241.185228608794
4710.141220061809,4706.530622422234,4728.943225255545,4765.45934442771,4802.176978613838,4836.358552574328,4870.847983871455,4906.242527233958,4941.431368205833
41508.13432983272,41481.67950084064,41644.633870746315,41913.91433095484,42185.40163521238,42455.68179097099,42769.242246992835,43144.09018047088,43574.777020919784
48381.403183756614,49053.8957159062,49945.83968653934,50951.08688171651,51934.11302642826,52889.152359072315,53875.05175133527,54917.25570043681,56010.663703615865
48493.85013073936,48819.914889116015,49329.65515480486,49926.416907730425,50489.01596416048,51006.63563208896,51523.04293993536,52054.527505021724,52592.7141802254
3940.2747190052023,4034.0868477171557,4156.773651846466,4296.833033832652,4440.442858455342,4584.171925748957,4730.260132366643,4878.702734035619,5027.968131348866
11996.43248453661,11994.982019061248,12049.911748532626,12132.67854220601,12207.697479775892,12274.191261691643,12347.725571093546,12434.564505631366,12532.956891362921
9524.52331397226,9816.997562390987,10164.661615579143,10545.311227196007,10931.306065950906,11319.19711685449,11719.020017612604,12135.935233489632,12570.107631518491
3515.9901639732975,3681.6322024604,3861.883095576236,4046.591759574126,4222.598342123079,4387.337902945033,4544.507081789927,4695.326711192663,4839.0349366405535
5464.229758224369,5556.746732989231,5684.191044834424,5830.070044180513,5974.246515900136,6115.368852332867,6261.552672252564,6416.313620950393,6579.1408724166795
52246.38872880802,51686.50608150132,51403.4545991775,51271.11663997936,51139.383731570204,51002.71786951616,50921.80345233287,50919.544022764596,50987.30205699942
22607.943013423424,23036.442690447268,23522.856673526716,24029.88177649545,24511.421965042387,24963.71310533004,25404.98369598269,25843.75232038231,26279.285648483343
3905.436264309091,3935.757489848035,3959.4437639176995,3969.4172991246287,3957.4620415968775,3922.0185107060106,3867.107682925442,3797.314264507753,3713.954418462205
-3040.1959317845594,-2801.9831525116538,-2592.7568703625184,-2399.4476959417584,-2203.452867192183,-1989.3544345045211,-1732.071061931571,-1384.592533126845,-938.4813386271012
9718.719957378858,10086.105648821214,10497.730367278662,10924.255821838247,11327.50477399159,11705.613382567117,12075.922105937805,12447.178896842459,12820.201138658435
44668.57725238771,45318.77570711424,46205.184062432774,47224.49701914975,48246.28681674903,49262.40948433249,50325.652639166736,51457.292937957616,52650.08595583229
5656.096878160789,5998.775468410861,6302.804052340373,6569.54049716076,6804.730142371071,7010.407460725904,7186.398432692175,7331.08765801748,7443.786108284599
12154.589980876197,12434.599717077012,12770.674313419539,13135.482995264303,13492.723603229218,13841.374032792673,14198.508835965382,14572.063154577138,14961.42160305455
18629.855408970074,19098.36015440617,19649.065147700956,20245.398316382063,20838.597757661744,21426.575502274645,22031.506918076222,22663.615481663568,23322.040949577033
13935.307259930474,14285.126914439408,14677.196134869908,15087.535425018823,15484.328724866104,15865.676459243938,16245.324135394889,16629.868405472025,17018.874305997506
12280.823927603118,12205.830301820737,12182.114389725451,12147.348825873822,12057.553287810015,11939.869958717429,11821.734938882464,11709.794550047536,11603.445695349314
22218.162815817817,22239.201702989456,22384.973292736468,22590.664853692793,22779.807869465058,22953.62426579407,23142.773264194282,23360.038753251527,23604.444370373014
107383.40640439096,108005.02214320487,109017.22226255163,110143.41775842289,111049.81627926165,111691.56296500785,112167.12043195078,112505.7603966987,112676.58355422075
44860.40540432525,44385.714651382936,44077.782691381086,43850.79166713678,43600.854437125534,43324.82495146752,43065.65650025597,42840.03229046324,42642.35896649763
2466.235022061802,2614.283067327507,2739.857584850549,2842.914592212693,2924.9475203206225,2985.265750325787,3021.9820053761264,3033.0683474150255,3017.283673528477
7258.775126178999,7476.694735547982,7707.105628755641,7937.367064133516,8150.585351850764,8346.974906346002,8535.531404785323,8720.979015982608,8904.04981230664
5003.7864686471485,5233.117280368605,5513.111137030074,5828.110309568861,6157.534533225665,6498.2567480713915,6857.075531572558,7236.590420101211,7635.626628316796
60354.55822045628,59848.01124477171,59690.71151928705,59728.418507441915,59774.22991537971,59820.757024925115,59942.606736918045,60165.815445068125,60476.45552306732
13145.939683195265,13575.114929663167,14033.047481918285,14492.130055618974,14916.495942087211,15304.991229346819,15675.200081396375,16036.640727197251,16390.602669891825
9076.580041901872,9162.971699320608,9299.250596711023,9462.848821034539,9625.79502088027,9786.20015916583,9955.03183212335,10136.799899349331,10330.244790148237
8321.361309923737,8582.181463133971,8885.234846460471,9214.188737106975,9547.653664797765,9883.470321784094,10229.97804079108,10591.156441594929,10966.839307006978
7721.457427584294,7972.313295928579,8277.604141517671,8621.318126816795,8983.097821664473,9359.726861370946,9757.488408707683,10179.156110462207,10624.042138365881
8635.854693063065,8929.500673590817,9244.547051544207,9565.15329541451,9870.306698359609,10158.821849297217,10440.501367271765,10720.758976014406,11000.41008247754
49665.527925370596,48712.02175784211,48114.826490234984,47722.66924259185,47358.81056190813,47012.50515982591,46746.53340107093,46579.310339955926,46494.47722675171
10455.93605284173,10589.72321101477,10768.871931695114,10968.263678607413,11156.105135969765,11330.842181578273,11506.377608132774,11689.888923933117,11881.138274142468
182.90818065677007,221.97769226174913,258.8720176166864,293.0376387799927,323.6822221473857,350.5249190030615,374.1062924977706,395.0305566480566,413.5652646943846
31349.253946521883,31388.656759889695,31550.22547201864,31773.730150682477,31983.239673974702,32177.20721341712,32389.71945184681,32635.44847982719,32911.63647189872
26872.486842023776,26534.706932695204,26307.51538839816,26142.479763675226,25986.448507301295,25830.31935398106,25684.694899982256,25548.97479071965,25414.10205741549
15220.72882931452,15472.490759037724,15799.085112028732,16157.000070881319,16491.325870250163,16802.081314291947,17115.700911896212,17443.013979602223,17782.2566171123
18938.956591880462,19098.792345913476,19336.027184912506,19609.736493785324,19867.7871204517,20109.042139591,20357.05060389256,20622.137885231245,20903.02943326503
17716.4599868313,18227.045746627184,18813.79135124292,19432.922342353537,20028.131567297853,20593.277019930505,21149.34923422868,21705.64489502877,22259.98720819395
22931.274813005264,22390.971821289437,22010.792944059416,21740.303152326625,21522.278097334576,21350.565927867014,21242.136248908286,21201.45369527133,21222.638641415168
20147.279100748012,20109.92651201835,20172.398038459683,20291.71499714327,20415.889801088,20542.52285667035,20692.51104753846,20873.79441748629,21083.389811820816
10251.951171310797,10475.435572620445,10743.052874983678,11036.61845229088,11334.82049114448,11635.641728921662,11946.595899942078,12269.997492430535,12604.305458890261
12036.255827074992,12224.2706693577,12482.807500665014,12788.765528047228,13113.204845165294,13452.156195847605,13814.685739816829,14204.275123873973,14619.123970954617
10578.676937521137,10669.742499324357,10803.429964946721,10958.021081728664,11107.141384340499,11249.817320420334,11397.258298021767,11553.915393374044,11718.607820114488
24165.581757303164,24158.936597772852,24251.053311600084,24381.60437691635,24475.835398840718,24535.26395148046,24596.53939444824,24675.146296133258,24769.24257195953
1408.909784266229,1466.0966962820758,1538.5673486039068,1620.3422178937644,1704.9429167092653,1789.5437811694742,1873.8803600524368,1957.179219710318,2038.3649320523725
6919.3853469397745,7157.863190651551,7423.042532739667,7697.7374359805035,7959.228982182284,8206.136153728625,8448.229470009142,8690.166161775292,8931.941054332558
6205.912562233671,6284.780491233062,6384.249242875431,6491.7502500285345,6591.883384323876,6684.189938597899,6775.602988125688,6869.904951518236,6967.466108597808
18584.924614906125,18808.705619317563,19093.227638723827,19408.747790980095,19717.424359927456,20017.541328591393,20325.55074922963,20648.664285738218,20985.541019569806
83455.06907673992,81830.94583222228,80594.09754454602,79565.34390798572,78533.54779760432,77486.21531635898,76499.38276742349,75596.78958073042,74759.65208050847
1276.3029299284178,1280.398526383989,1290.9726227069298,1304.563012546024,1317.0398311462727,1327.4027049678482,1336.3216881929181,1343.7839251448436,1349.151875247834
7611.469427468057,7898.310074890563,8189.731681829222,8473.72510603915,8734.117976524953,8969.21148393066,9185.817558268918,9388.237805193336,9577.390700138401
32011.42155128436,32807.616805402504,33749.00402708304,34773.576969259746,35804.43908364721,36824.74976204165,37850.67134721793,38886.08200600314,39922.63430922405
4147.45168476265,4655.143124006948,5188.541430632877,5732.299766771512,6268.538167814289,6790.797232074687,7301.42032972448,7803.296182167874,8298.707216921259
28819.11726016221,28662.01719168755,28722.4765130276,28928.825434663144,29194.675744973294,29514.318217635555,29919.414838245026,30420.1886814549,31009.065376474104
24116.15028637897,24508.644085019023,25096.04247481193,25812.46326474906,26575.410753342505,27374.64396417035,28236.798721374842,29170.850399346786,30170.02390721989
51257.49131925028,51163.05588767387,51296.196704049675,51549.613014155766,51790.471601056626,52012.624590228756,52269.72087734802,52582.379036512124,52942.26622468322
10384.359196332636,10505.49671424218,10682.699795011446,10891.979624580355,11102.79490136306,11313.218142288995,11535.48117736881,11774.68933899964,12029.661834722878
6132.560604580257,6287.910856467145,6459.564380760549,6635.408814083662,6800.326078758034,6953.737673180993,7102.854155510319,7251.584403532163,7399.627368457361
22309.885070035725,22646.88294304263,23054.700828394056,23487.9475589643,23887.149054908165,24254.728256337752,24623.806287560554,25012.752674302745,25421.780635816336
82007.22811281196,81183.4086911602,80715.0597322108,80430.16071040496,80121.67537151185,79789.66116186471,79526.77916802053,79368.03870304253,79302.20968262957
32105.696863764515,31960.03496616229,31918.00051404636,31929.844669728478,31933.419908776283,31927.136803133093,31937.76664369174,31976.08396097119,32038.953215024612
42848.26825265992,42399.69532635416,42101.893896702546,41882.51677026097,41654.09253378168,41414.17605060181,41199.70361730393,41025.5672570187,40887.39759963604
15954.673640607883,16107.9268200118,16324.314679653202,16573.481766900717,16817.392778690664,17053.47644466235,17297.339250911904,17556.684266843113,17830.921378458665
6296.634229842542,6342.514149011388,6414.4071194136695,6493.400582003891,6555.780111208497,6602.404755103799,6645.7476776817775,6691.701541924457,6740.612046849054
45308.86568025611,44053.89548387963,43067.00914389346,42244.67377486898,41467.440049113924,40727.84562162712,40067.2647990275,39498.00416601274,39009.031056200794
4191.421321343835,4265.700796359496,4377.171472855941,4509.70165400667,4643.392840519347,4776.007595658555,4914.287315857292,5061.097960074755,5215.412286761062
27288.102449154638,26896.97953943423,26668.92873553308,26545.33105292038,26457.563192094876,26398.986791071427,26391.48732560224,26441.305149435768,26541.31534955388
32167.56972956978,32218.998680778626,32466.90399064842,32828.565523195924,33204.46910243732,33584.88773243909,34003.76824194538,34473.251617795395,34986.44741533054
11370.770289915026,11402.602273668508,11486.350993649243,11593.644162991974,11689.578119504093,11773.399906274011,11860.645182233626,11958.000376226151,12064.428560510034
4111.112440090761,4402.750041219902,4710.732530411329,5025.726386069069,5335.554816608382,5638.3727822686,5938.8614644526915,6240.26648252298,6544.077451304883
39272.85717831984,38997.257464830705,38890.02943692746,38872.450224357184,38847.09998290764,38811.08515851388,38805.57115526524,38846.82529206455,38929.444409932956
1396.9243132906759,1521.6598385845207,1655.0227973924054,1794.3725190130049,1935.688759341906,2078.2638460075623,2224.061561507831,2374.818325305362,2531.6361563853234
5874.231346631079,5794.073850632282,5761.64975760493,5758.73875907855,5764.30263899525,5776.49650204506,5802.323743836818,5843.937686494558,5899.568606506506
5484.588977819004,5578.610769288636,5698.126774120176,5831.1330401564655,5962.568945884894,6091.029456714821,6222.226203555969,6358.891090734129,6501.007664665786
5109.951245367245,5289.951443638722,5484.999959563196,5682.728599173639,5867.153687141408,6037.321067743042,6200.295285327481,6359.003677141221,6512.881399130992
28468.749424130427,28832.037847606254,29322.99301057991,29891.683943126918,30473.79816325324,31065.077283426326,31691.682931730928,32365.052528571152,33082.841727036204
21274.878614784247,21375.256122724808,21582.88235786873,21852.34655491544,22127.11162306172,22404.514518556523,22708.029667457227,23047.352521970384,23419.82505393548
25105.10847403952,25976.867733589075,26953.20216231611,27974.752985963027,28964.532537553965,29915.433132119568,30857.890016363002,31805.73272058475,32756.84470430741
17063.178239837405,17393.39418858675,17822.06854127838,18309.721468396005,18806.433727245214,19307.690825982223,19832.653960088093,20389.841117132186,20977.708807636525
31253.389992456476,31531.9578664025,31985.661097562406,32539.19523855045,33096.65162446824,33655.103717171005,34256.69401042194,34918.73039475796,35636.833046097585
62816.46905356265,62345.39194814371,62248.35943781568,62324.06232427557,62328.57509230655,62264.54404066915,62243.616462826714,62306.538233964646,62439.80314928726
50664.936980768325,51235.0809265699,51996.00013930113,52859.21789253539,53713.176253227255,54550.75038752183,55417.31233464216,56331.45034023696,57287.012636431464
8109.714807015248,8347.977700857331,8628.354987559947,8936.20163456237,9252.257350345099,9573.840883181567,9907.441962623883,10255.83331424847,10617.928543134445
35561.08384081228,36126.53430211801,36874.00949774265,37718.55490166547,38551.2379824686,39365.07384662542,40204.18142126639,41086.33586354014,42005.39639061431
23224.66894348081,22698.775693823893,22349.2475966948,22099.33257802126,21858.9088020109,21627.053164047964,21440.671836553043,21311.62300949034,21233.081977337104
12569.411822017013,12581.533591138836,12634.919021103055,12708.581302632121,12776.180417834892,12836.816480795513,12901.889021381216,12976.408060590224,13059.482850446604
29002.045631466277,29489.23905362184,30125.676291429274,30853.378735879312,31596.346805607172,32353.671377158644,33161.8448046221,34037.44464491749,34978.582232774446
9463.100445641889,9803.830041872581,10173.674372102365,10552.020484435046,10912.307086911047,11252.533891174759,11584.732271909195,11916.653466655507,12251.948078929403
20462.256126955253,20696.77309198829,21074.845249691632,21528.753134554678,21970.298058893663,22401.412174498295,22865.66240766022,23379.97008845558,23940.6951176885
16526.04973417028,16663.529796517956,16893.75546756088,17169.62184364842,17431.18336691249,17678.465387968336,17939.97042604654,18227.77578985949,18540.226342256912
14664.585737145875,14927.934482808758,15262.187853264504,15636.601582920548,16012.387536554188,16386.43428604781,16773.944521164205,17181.670629343498,17608.406619047644
27540.517659120313,28047.08515258458,28652.969999237648,29311.784155276466,29963.204350334792,30603.466023856006,31257.866494162703,31937.52064605997,32639.908749823506
13110.7727029067,13118.313167723074,13202.990679919812,13337.147028990263,13488.244159604412,13652.697990764627,13840.842460184816,14055.856674706083,14294.792004833384
19968.553810783586,19849.283058990368,19802.475617957796,19793.935327959967,19783.618906828142,19768.404168428333,19762.334015866465,19770.00949853691,19788.14960738477
53096.663587413204,52536.528676876864,52269.93645302276,52164.53184166504,52061.19496370644,51954.30015689652,51908.323786411966,51947.073190569135,52060.55388536971
1827.69714181597,1945.499948630391,2061.5517180556517,2173.910473404674,2279.709472150105,2379.0675640824147,2474.1286340936986,2566.4844875248136,2657.0809655588628
66.83586615450483,94.57387382668381,132.65402021910916,179.96690388976995,235.74244512841028,297.43347608845426,361.6899789995027,425.6323963501321,487.13597469422496
55012.44334992793,55533.547467707314,56269.5729460196,57092.995862429045,57846.896876854866,58516.54148239743,59159.15503386553,59797.75744241818,60423.92870586153
38159.772963213145,37808.205773197726,37686.620232131136,37675.63604030701,37629.67942136253,37551.860738372205,37510.73086720213,37532.20257529037,37609.40872335999
19753.146845931555,19919.8549637686,20165.98864290732,20448.386790917615,20714.583137500398,20964.05742298995,21220.88885088835,21494.86693301997,21784.13361714593
5681.6825313768295,5875.698682684287,6107.068560101266,6359.690612964433,6612.72452363596,6864.445370556293,7123.212613045771,7392.611526965571,7672.069732754833
7480.39602396088,7798.513101950562,8156.448369343719,8537.991795105674,8921.52714324215,9305.421181233045,9699.072778519601,10106.62284678165,10527.428099144381
5970.298678107728,6193.390101007154,6443.651479037244,6706.879610798421,6964.87147657664,7216.118729408119,7468.293436251479,7725.34665467417,7987.561315070958
5999.282834679382,6323.450450032539,6667.709647806608,7021.511063209138,7371.187296656722,7714.984614944319,8058.069787947116,8402.806649178985,8748.976823548886
59278.13542628763,58715.02600898515,58464.23645527072,58361.70931068023,58207.74783133847,58003.665393592266,57840.899788735,57755.433010457564,57738.032288721915
6347.980718982672,6438.687340804047,6567.400211553624,6719.941750775217,6878.52473873,7041.237959921737,7214.011161199856,7398.932622698667,7595.196185915387
68656.03494427526,67890.73772102814,67482.98036424692,67246.88935779616,66958.15731716627,66615.60735690361,66318.0970643675,66103.05641851402,65958.6877693513
26230.167585322408,26344.654517062852,26556.49859461725,26802.551323816202,27001.715575921193,27155.200501801224,27302.84129031307,27462.04281448807,27631.17534055286
63527.19767011806,62782.84338746382,62331.96290799319,62037.19470334938,61733.64567065154,61415.40050765482,61149.51399150558,60961.821393816295,60843.638714199755
15846.535114099,16025.267915757544,16294.362770225713,16609.74261400167,16915.729245721814,17211.11552048614,17520.94027664253,17855.4754116817,18212.700082272735
47468.72743051774,46730.457814579044,46304.060855897515,46041.75255080611,45764.95098572228,45476.22013547201,45256.818349257665,45136.28415609811,45104.73720895404
8546.070330315326,8642.632531500676,8778.50535224047,8934.346927079594,9085.347360950916,9229.803429304253,9377.915609794807,9533.975565272598,9696.85400956905
3817.4419414448325,3977.5098083989064,4157.115074409163,4346.797113872948,4534.83833285554,4719.619210260718,4905.165145488513,5093.266336031547,5283.643757190859
23738.31833676915,24027.173911299895,24400.407791612637,24811.75963607245,25202.044333439582,25569.336894291257,25939.781020983868,26324.418704107513,26720.73266109813
7752.968473107157,8192.47409900019,8648.46258833865,9102.920798205849,9531.430302867828,9932.695144623842,10318.490597580292,10695.62269684891,11065.68833649845
4566.175553592605,4688.461134320129,4831.839068966989,4986.865836405918,5141.785729062954,5295.266120137814,5451.735259380243,5613.527778793587,5780.588786917686
64574.82350852378,64803.66874562135,65225.87184375833,65730.71685772228,66191.92884207611,66611.57553800328,67048.55346745356,67523.38600405771,68028.2957938791
14535.277222188839,14810.675244733133,15169.261646248324,15579.415509709095,16000.864934136722,16429.442780594523,16879.826509905426,17358.14772277563,17862.44833610979
38278.57829095058,39048.61102948993,40029.12175201685,41151.33775580545,42328.45796210218,43549.69670674647,44843.910916773355,46221.94900645519,47677.154545572346
16671.467928374597,16961.910999801526,17288.470054217083,17622.843541806727,17929.873279056097,18209.109660776667,18477.075747823073,18740.765347957367,18998.976712422234
59785.79750884347,59132.54121906334,58784.52828091775,58589.930897573315,58363.8737871827,58105.96377216865,57898.62214019491,57773.155506542935,57719.669517994305
67364.7218582863,66811.80072487006,66557.53103986733,66439.60347787282,66259.42844540556,66013.16660891472,65785.98278012726,65610.59763822677,65475.78619357787
55635.92415085421,54659.744450960105,53932.28336922777,53337.809231591564,52739.02204781296,52128.624235075105,51558.24002627358,51045.954155534215,50581.71281295615
49467.181432565456,48564.274520086736,47957.785087396915,47516.7663210995,47069.32286979495,46616.10173070478,46232.35197187022,45943.93197534316,45739.54753884728
15208.561322890078,15054.80494159915,14981.496769876998,14946.935704451696,14900.967684574409,14844.27502260007,14800.180589728669,14777.85075244411,14775.20900448804
1056.9848636852882,1188.5165552577134,1338.4215910590385,1503.788609014173,1680.1518113030972,1865.2324922468824,2058.74534243641,2260.18766234935,2468.6557854645525
6433.315417884077,6701.688276677018,6993.567953890971,7293.490869327822,7581.472421646,7855.988341465424,8125.918576776964,8396.329962220807,8668.298808349578
1020.4065992805457,1143.7848964105285,1286.0182368889834,1445.598766879233,1619.878009753212,1807.6723678047786,2009.0019570487707,2223.6671845509827,2451.2537145434317
15241.465243052042,15613.157009600416,16034.382419824893,16479.496807044292,16915.301207718123,17338.973820833806,17764.030693735986,18197.273112171846,18638.802788094952
37819.94382245832,38267.55788240257,38903.17779912433,39630.807471319415,40327.281018322494,40991.748845632166,41682.56947020296,42425.08337231554,43216.201295042185
25202.787779708076,25652.19021372155,26222.880592224286,26849.919947377486,27452.55764866887,28024.452980506478,28597.158690118835,29184.685003677096,29784.858587135994
45157.95249547352,45005.65676672278,45053.1833755353,45207.130632646775,45350.955453750255,45481.70750210514,45649.872791519425,45875.97302883907,46154.28092593028
17504.40020535085,18127.5754344799,18828.47729671156,19563.442520502656,20278.22916625871,20967.28731894805,21651.516195718035,22341.3992641449,23037.163741214874
7089.47244966525,7248.344622528213,7437.73930826063,7641.608163269074,7839.482881254909,8030.139362058618,8222.226653931448,8419.286369153057,8620.387182985294
35557.45188525156,35176.69823563278,34997.07314207672,34944.02995037556,34927.37621841165,34942.939800970584,35026.14199098083,35190.046315659325,35428.32200848915
89534.95568692076,87922.2378566528,86703.32730011859,85676.74513432117,84602.00960159216,83473.78583494347,82392.07005647913,81394.97709348086,80469.66249353153
1495.9769891549938,1531.1865749838234,1574.0824608788812,1621.3088347575642,1668.3108872747525,1715.1244311550859,1763.8162233269127,1814.4290991899522,1866.2642593564342
32975.33286032559,32453.00480530102,32117.833957133575,31893.58500410584,31690.340144340065,31501.03928403332,31356.286338728518,31265.7828264756,31221.92237217235
54419.339135112124,54137.484503689986,54036.21882425048,54018.85192808822,53968.48152476804,53878.233657206016,53792.74330090975,53728.05966936236,53675.7499296303
12008.58413177856,12254.576971031616,12543.089171624397,12843.190737325614,13115.864834162487,13360.0201854517,13593.745876056908,13825.949248370882,14057.138032132534
11081.369044368417,11130.544775767283,11233.037048160562,11364.290474465435,11494.144013596053,11621.499989532289,11759.342477383796,11913.149790944013,12081.91873439639
56434.05040351796,55803.24366652772,55455.29554005042,55229.55196602953,54930.22357908884,54562.10614954423,54219.52072800455,53940.41681534169,53718.13425276379
6291.565056662025,6520.178690881501,6776.981946636029,7045.902820546921,7305.90343808576,7554.796365094786,7799.953818562157,8042.6892653646055,8281.261880574759
24519.758619793847,24671.30703585586,24975.34288739961,25374.78661709606,25797.42877668264,26240.328705717617,26734.061822743934,27291.032734621524,27907.636270508025
4447.976873644879,4579.945069350475,4723.989222505998,4870.117321508394,5005.3490740431935,5127.117856448709,5240.194117427744,5347.929310054545,5451.001370979018
44237.487527844925,44840.1430387121,45564.32761996223,46343.55746794272,47093.085592507996,47807.46855750974,48521.12211789552,49248.81424951458,49986.402641453686
4832.950425394365,4960.233444766252,5110.603801600568,5269.344539965022,5416.7789151262405,5551.011820614424,5679.365518936051,5804.32435076592,5924.11578809225
2807.535499891826,2872.150159084589,2958.504443553307,3058.466494303452,3162.009672761571,3267.262527205212,3376.634823752685,3490.7944871486316,3608.9083610677667
16035.689319803814,15960.559042995654,15960.360714190978,16005.355408307934,16061.671837848711,16126.585863678516,16211.292237391448,16318.181982450114,16443.21557863635
12867.625026688806,13005.31577061518,13200.687472248577,13423.600260643314,13636.178529730227,13837.932598211855,14047.20087316429,14271.806830761516,14509.722895706482
66969.51316240427,66149.14827233327,65665.57977921305,65346.34731822505,64982.78928290524,64572.72150849913,64206.21938347601,63916.628124850715,63691.491530549254
19346.838962417656,19783.857722731223,20221.85245674075,20634.474181725,20990.053337274443,21289.647626500406,21550.117109355328,21778.761323126284,21975.36514689605
59248.011720062554,59028.96895467099,59008.61656417662,59091.74381125987,59162.03823920435,59216.7111730488,59305.73843082808,59448.67260283983,59639.08194278667
5584.693957392558,5895.329799068313,6283.429435628187,6775.411907227258,7416.683728234867,8297.317320386994,9425.09600196039,10686.38835320745,12017.328619242133
13125.867376396705,13195.24425817227,13319.860849957893,13471.796758023946,13616.932068051916,13751.7755770583,13888.345265240416,14031.376799888432,14179.147002105454
52882.77988378359,52466.37960570198,52387.2796321974,52500.80622324117,52632.82892573157,52776.50486599256,53001.26207064919,53331.27849346885,53753.93405280842
17149.256783427823,17163.31017667347,17250.646804160227,17370.621926281798,17473.61710133498,17558.573780605315,17647.530237872365,17750.094764825208,17865.167341862863
21571.475706933932,21755.238046971182,22015.748358553203,22309.788755713264,22583.148401662518,22832.523319798784,23080.05938038586,23335.638333046663,23597.77916677017
13129.812348269916,13238.780801306097,13399.932019598522,13586.123943457857,13763.716939486605,13930.410717243849,14099.245773580877,14275.072129822192,14455.583042308237
7657.395187813225,7922.510778096576,8254.399604558328,8634.451721727783,9038.386106906344,9464.143700852916,9921.101767266508,10412.828771030472,10938.095804381672
57635.78557044414,57670.12744040871,57985.33441752266,58442.9829083776,58869.79353913486,59258.59375200493,59680.63630511836,60162.535799839905,60692.930637477875
13083.44736880045,12913.058087919944,12836.509943821518,12819.70999316125,12822.46757717389,12837.358940213284,12871.936814180342,12927.796658297179,13001.2361398343
6024.018336084755,6252.707728237099,6492.445742164462,6731.7680364035205,6955.9195337561405,7162.82133203845,7358.08798642995,7544.736728875963,7722.941959834109
11859.517511544153,11799.894843859402,11815.444429692965,11877.562204022981,11952.452890232003,12036.58076570617,12140.968122503282,12269.382153585198,12419.526079159681
8524.59483307651,8853.834165388675,9264.021807950627,9735.02501477898,10239.90976810471,10775.92912205716,11353.673580704079,11978.227137533138,12649.477080845425
30634.523626489536,30945.082761044217,31396.1853189029,31924.242457564138,32448.513998700433,32963.64278424577,33502.01925800952,34077.054865843565,34684.92343907894
6010.240345193333,6200.61131808426,6427.364212847911,6682.072767400801,6950.9009592476505,7228.272649455735,7517.862458977911,7821.7813792197885,8139.660938620319
2621.6418319031823,2729.899416153972,2846.702298955905,2967.0969958786754,3084.440933803269,3197.9711970834564,3310.4578480939604,3423.5090096253725,3537.4197673547324
23654.52377993169,23657.789178253155,23774.0707342076,23931.596272591312,24044.93932382823,24117.444494427375,24191.08201760259,24280.823754345714,24382.286126262556
7796.429802857597,8035.71898165665,8306.639327550434,8593.526708332069,8876.312498496105,9153.15217756107,9432.132150298748,9717.423644752645,10009.343637228902
961.1700301272848,999.7220087724022,1044.414367592846,1092.380482661308,1140.113955908992,1186.7807350955022,1233.1135702016575,1279.3937000455585,1325.5269131012976
41988.350795215236,42169.30591367109,42424.99487386419,42697.42156858187,42916.138488455865,43083.96665726093,43237.121069723624,43390.94865246833,43543.93572834807
38361.478966422146,38084.475945117105,37982.4351958792,37973.85209687279,37959.06748377304,37936.06222325877,37947.685021483114,38010.59396907466,38119.41496488906
38630.45574359404,38782.25869500698,39122.45289470915,39561.25706218194,39985.343685891225,40392.171284479904,40832.16596001218,41326.30288531033,41869.86366367232
1230.1138033565928,1280.3765010877355,1334.546070424907,1389.410310488624,1440.3727387813635,1485.8586629076208,1526.7468165027758,1563.5416440556141,1595.8612135736823
9150.571547013697,9094.230332293788,9098.68810727999,9138.410196188734,9182.584048804085,9228.905046055259,9288.599330452013,9366.149974404587,9461.270233878477
6480.647385066197,6843.348199324461,7261.986613099688,7714.580946391744,8171.52190445477,8629.555251137244,9100.442724165812,9589.73514666407,10097.331435913755
58229.78339556198,57896.81495129195,57815.82975265374,57851.12520905797,57835.61440795893,57766.892344583364,57718.73706034625,57720.86400523244,57765.63924164924
36542.61663130101,37012.80060288764,37679.49436909798,38452.07091641146,39216.69849235915,39966.17023643383,40746.07401133728,41574.7025938302,42446.08190861869
29981.32721167512,29911.364976952525,30007.778675281505,30189.32241986661,30358.033461552557,30509.50044667762,30683.43628289683,30895.516935642743,31141.071735951075
7570.079447657266,7730.9736461895,7952.094748022617,8207.919657536711,8465.502154623768,8723.766126421953,8997.445423351479,9292.696028997674,9608.512074952154
27622.0898871152,27625.90663032686,27737.47012217734,27897.042331633296,28031.764244896785,28139.832999189253,28252.369513616504,28381.72606537395,28524.695977645293
5629.951520603351,5717.844540089959,5844.591221357376,5992.036852114178,6137.228263557989,6278.965117459527,6426.652621519516,6583.874161477609,6749.428945396823
5699.766095389357,5829.032413525341,5980.469621155913,6140.814106412657,6293.482782900988,6437.658576212475,6580.730989503503,6726.493927143369,6875.4773643400185
22973.408681727076,22520.48557458939,22241.711180968105,22076.17666750062,21955.645262566388,21871.890703305824,21843.375186653124,21873.30258447498,21952.862838952275
4674.395809996169,4890.0598373779985,5129.796645215296,5382.506268356718,5634.043807332357,5882.262166190707,6132.125064434599,6385.976336590847,6643.627723768784
2282.820449365274,2372.795694170582,2501.859195734608,2661.5301712091605,2841.0035725737594,3036.974042337937,3250.7581418423915,3482.2554073091123,3730.136434533437
5533.830040923709,5833.132634214282,6110.519615339355,6362.679803788974,6589.475928528116,6790.043134442718,6963.0849549250515,7106.704665369185,7220.4768306817
46813.33263556393,47058.92597026464,47458.52579072897,47922.01373716183,48333.774150207515,48691.43749913572,49047.313919505585,49423.67607144244,49815.81738208105
7205.749915919104,7165.552035169453,7176.729860375901,7212.833267742631,7241.460777746757,7263.624205995614,7294.838146282331,7340.698712344722,7399.5867183456185
25656.787086929588,25857.21794234141,26177.995364904356,26555.6989548726,26909.800446273028,27237.963030300867,27575.67678039453,27937.688311115686,28320.764945943865
65657.70487359213,63733.011691948486,62257.404243362485,61058.124198526806,59937.3631117133,58884.070918164674,57967.50211789784,57207.237798578906,56584.08569106373
6817.253534828162,7069.627138569645,7367.986297097953,7694.514302503919,8026.707363087143,8361.120777929462,8704.875438695828,9061.870991971473,9432.2062690757
66072.43884136222,64822.00808182791,63964.97167583863,63312.28085186685,62639.63430559172,61945.979666833715,61326.83217517052,60815.37653510881,60396.69574068306
37708.393412075326,37514.865930444634,37526.415307511175,37651.65449712028,37778.41831026604,37903.00823130406,38072.20465313443,38304.0564581401,38592.34914612063
61883.93452421752,60570.439401954674,59606.20642178856,58827.305891092816,58038.72650069422,57240.385954761965,56516.98326281402,55899.31209578914,55375.6664107778
18606.05082772862,18773.009146126147,19016.991331410005,19290.8842073825,19535.25348692158,19749.21318466726,19960.28801922436,20180.674946983403,20409.063562823794
3293.2646142727394,3415.6069765446746,3552.7840846699737,3696.503328513135,3836.6663332235485,3970.248854191407,4098.862189382854,4223.147619664044,4342.611373408623
11186.502055279598,11283.46110615242,11425.751613892024,11589.517778813839,11744.180772032656,11889.404313848492,12039.557791080722,12201.075607553032,12373.269033709834
9082.359190843046,9167.267743141101,9293.944902769887,9440.929339743041,9581.468102176232,9714.280810081229,9850.695713586663,9995.882100256635,10149.364974632497
3709.2724290869833,3858.153063987847,4022.796330119658,4191.079651396357,4347.098606704151,4488.7243463722925,4622.158828391922,4750.634874057174,4874.210222841347
24714.6092481908,24758.381677537356,24941.700954180353,25199.46944394954,25449.796158764064,25691.562670036034,25962.938507522806,26280.05709134639,26639.905492240683
60109.35465765813,59006.403396714966,58215.612037513296,57586.3649234911,56938.016137460785,56269.643813417286,55659.18110202298,55135.08603335417,54686.1823593434
93605.58259163445,91952.50378881834,90902.44169308715,90195.781641271,89529.51373366217,88879.86660422958,88348.10634731983,87962.63232651625,87692.65992474144
29.091489249222082,75.35877737949947,132.6432878121826,198.91249562617026,271.9168976080157,349.23397634141634,428.98590317318803,509.7892197808534,590.68359568134
46279.17408013585,45626.770140589986,45213.60799430841,44932.825102033756,44655.41918870032,44376.749647468896,44148.560867113,43989.56348173981,43891.04171700287
16689.543480583943,17146.434027942465,17647.14674718505,18161.952697348075,18653.196997682022,19116.426534556675,19565.675827714305,20008.447149350493,20445.49421760409
4280.746984672103,4531.371895880504,4812.687183926248,5111.890202163775,5412.07256295575,5710.877989976191,6014.337227795604,6325.494056765539,6644.641262138907
5483.936618433287,5728.090475954438,6005.584715031981,6297.032676930138,6577.444416364447,6843.263457125266,7102.276228020663,7356.187653083962,7604.598624634693
35698.535211664166,36355.44434424621,37191.76946469933,38100.860760475036,38949.28774844977,39728.87588164868,40494.22567745301,41268.12362891345,42045.28681054441
1456.0218557447354,1611.2536866582257,1771.3164062601752,1935.1009684063213,2101.31160626993,2267.7465798829567,2432.5674492732137,2594.340128464734,2752.394107886299
6043.076552136181,6140.351686262441,6251.394064223294,6367.33791949572,6475.66010830388,6575.955528492506,6674.09706786756,6772.871177666635,6871.988632863587
12608.761196188634,13034.38855040817,13483.313305544965,13932.846496416207,14353.878979271183,14744.610725586115,15118.268916011184,15482.31469063115,15838.396115385336
8558.161295595699,8737.121843970559,8956.080510420397,9196.093522499343,9433.284301605416,9665.068284060808,9900.1438291588,10141.800715873274,10388.371296525373
61548.741422621075,61059.368653818325,60928.998858695115,61042.72167294512,61264.00160534188,61577.814312621245,62026.50782336832,62622.44351333679,63351.39978555
7038.572896676656,7103.365669473941,7208.52412476755,7334.07557709998,7454.975617023139,7570.308619325809,7690.77935149095,7820.863973090629,7959.789154661698
23121.97544262859,22881.27964863482,22747.244664494174,22666.033960719124,22572.119489621673,22465.321208660695,22375.049204331895,22313.053019627714,22276.40608717001
33112.00341807548,33180.40705289726,33385.1836016418,33656.48195365328,33907.74265494081,34135.04567130385,34372.52172706399,34631.2658528259,34911.247029896505
1693.639143578531,1831.3067287410443,1941.5169638148159,2031.5582332818094,2111.8133838555705,2183.199690788901,2243.0938356194483,2290.3562911152526,2325.8402984073077
56383.130644658115,54859.79835961012,53757.97501970631,52889.618151324554,52035.24384018602,51191.71774496256,50447.96940751494,49831.7947092048,49325.88861478224
20417.596636740574,20514.195341416835,20672.6566989937,20856.547558311544,21019.70931255589,21161.821460847128,21304.674486685224,21458.121085748968,21621.26398822379
36790.14195997169,36734.30412526515,36828.77934430058,36988.364694294985,37110.650988360256,37195.59921845781,37289.91660304741,37413.53658358358,37563.363405489836
2437.532363928452,2545.692176445356,2673.8016557183464,2816.1767317281233,2966.572019415289,3123.228184101355,3287.1060187837206,3458.0813887309296,3635.485706517431
783.1001102587214,877.1996351624053,972.1938203784762,1065.76554964645,1155.4887857658523,1240.6661170739449,1321.9527317459772,1399.9130465030075,1474.9951843255405
47989.44021217601,47273.4901657179,46925.878840262994,46765.76519626748,46577.61158721683,46363.80620419373,46219.24865677154,46175.730526369465,46220.56544765574
10712.352209913386,10983.457660901853,11327.304330491572,11708.143253232569,12079.042202899624,12438.33945185755,12807.104701534805,13193.750061283235,13596.066019155865
11946.805389046624,12161.726517303783,12425.514246519953,12714.358385788926,12998.027576882625,13273.559354608462,13552.56722571607,13840.29696526739,14135.904604932584
13257.39915832165,13461.82505436878,13715.324588347023,13994.50837287754,14268.657656312746,14536.490554483333,14811.597080804102,15100.511754473988,15403.146148023241
19857.360670774302,19868.585914553627,19979.753169002084,20145.422365792452,20309.78016987074,20469.41224529484,20646.04396301524,20848.11956987891,21072.273031642824
769.9689238596833,807.8989435740141,844.9370920972988,878.8247918736187,906.9618199871206,928.9786696303356,945.8579470787176,958.0603450756239,965.4925825556552
47158.43091979956,46664.297803999805,46587.53293131447,46765.851556864334,47008.145732441924,47303.449267380056,47721.745683922236,48283.837996147544,48972.223251917305
574.7040725029174,1566.6493063897578,2571.0139834672955,3584.028175616206,4596.828096539755,5604.322142079142,6607.677336487778,7608.900843499854,8609.026775613978
43030.43000724492,43563.15131134788,44272.20787915052,45026.274145735624,45663.639210984256,46178.37547786742,46640.28190415689,47078.2763940858,47487.03579657814
53822.3584494822,53943.250436986586,54284.652130245726,54736.84789176175,55165.486794011755,55561.54077332127,55976.82501282219,56431.88206111787,56919.178943498766
64312.29370211953,63616.05315712603,63191.64001234577,62911.64113959406,62622.88848972424,62315.03920621366,62043.9056284635,61828.35068202383,61655.175707512004
6299.129889144273,6322.910933475278,6372.763460650129,6437.571030400056,6503.579991351824,6569.694667709475,6641.181519682857,6720.689287561729,6808.323579192465
36692.626247157765,36983.6805920998,37383.61038171342,37827.140321666484,38230.43460201255,38591.37903961335,38947.95038640509,39316.674944853614,39694.548716223806
52215.241880693095,51713.97391738541,51430.67996212654,51244.3034125581,51008.13434843361,50724.26166172098,50460.92801929238,50244.530230320976,50068.28011590307
26692.70935071877,26519.457131174415,26507.30383238217,26584.581052323436,26663.526511212218,26740.561065880545,26851.1358091633,27007.98716888839,27205.242690509556
2840.194922074138,2955.205508715518,3079.5791531608656,3207.329085444417,3330.096942065999,3447.0526060881243,3561.7526074780185,3676.25571523725,3790.9674605776145
54436.246831082244,53296.36156077725,52465.960190237034,51802.6265775661,51138.12971138669,50469.54498354422,49866.174496600666,49352.27193177664,48916.52704341932
37330.49867618353,37179.11184195581,37272.027403756045,37477.76390319785,37633.73664162662,37743.587290331874,37885.15510725433,38086.98569756491,38340.70455439565
3917.263633038918,4219.942336882465,4554.1988440835885,4907.339634165747,5261.436380774845,5612.993152897928,5967.766839147468,6328.814889695787,6696.664884493109
2397.808976506874,2541.30781054364,2678.915285424841,2808.6927118821854,2929.2737876265805,3041.142061433506,3144.642009915483,3238.906505234728,3324.174107160391
530.4627199500936,609.5555256591238,690.4719313266805,774.5728235870507,862.8822170629701,953.9153240072402,1045.8132198551978,1137.511744082785,1228.5773423202413
17454.388795940402,17609.131192957222,17864.37471463363,18181.01389586404,18511.31598560304,18851.908636602613,19221.123148166203,19626.04645704098,20063.90835773279
5665.532077989333,5719.938067453035,5799.705452802719,5889.90471576743,5972.481529546167,6046.709673511579,6120.22054033152,6195.839623822761,6272.463566863817
19609.123646786316,19760.20248578518,20038.2340028017,20385.171781394118,20729.842017681316,21067.68519987446,21426.496342197046,21817.12936829838,22236.00663391556
1756.6945918188294,1801.6537484155838,1857.198850207755,1918.5842309076484,1980.1825279443283,2039.8523483239308,2097.751220986712,2153.4652816052185,2205.9817028752645
5653.830735487201,5994.112146287634,6349.780459028479,6709.74850998326,7059.121993884175,7397.692436812337,7733.920941822178,8072.923745696933,8416.469239323578
24967.589739795723,25219.98223882514,25632.85300833416,26147.034719326148,26687.99322695679,27249.868143214266,27860.598625352213,28530.438126100446,29254.230222886774
73718.15123266848,73042.31955988558,72733.27385531903,72618.4825966343,72487.64941146184,72334.72452866161,72247.11975074018,72257.16422468712,72351.24877790095
32052.56294300137,31561.87371713857,31220.703126043576,30949.930123070942,30652.87419090049,30333.03619060507,30036.659810127636,29779.184189323634,29555.13656143858
15501.990372532186,15749.89700027172,16072.49932894983,16436.99648843061,16801.641036583875,17164.600902875693,17544.02109223079,17947.52489084814,18373.422804880618
16813.406917157474,16962.86264291098,17170.742909585548,17397.612063518995,17594.88153838054,17761.599988107133,17919.851258944946,18079.17519742067,18238.418571207265
3636.907482807978,3778.994153138541,3933.2597237626205,4091.441693942991,4242.966655796522,4386.573382785868,4526.387122823947,4664.721398085779,4801.93819640211
28624.036891466425,28480.498941159727,28480.66714745034,28543.69847664894,28569.91709719656,28562.188104147706,28569.597998377845,28612.381839317044,28687.592546675467
23121.69866795586,23209.8132410751,23435.14188845869,23747.313427559133,24084.561203310488,24439.927059930927,24833.292565510976,25270.877057609057,25746.655691987984
10789.85496339939,10964.664074639539,11192.481031088997,11445.966512800376,11689.515609989652,11921.338914183547,12158.250995100427,12407.991050211893,12670.013548255458
18048.38060756755,18052.847170631634,18160.842089008438,18318.307698288037,18459.260343453276,18582.46818666632,18716.7800399322,18873.525617606276,19050.1285214357
2184.473876139783,2375.6868258798227,2583.253042245372,2801.1439630070154,3021.4045291569405,3239.9691612610864,3456.8639755778,3672.3943863812106,3886.3097243479674
59536.41945445539,58005.325485704925,56795.07492333645,55761.64017150783,54735.95160203912,53712.68382107605,52757.90147772258,51893.90692719414,51108.37142767219
24090.973622947487,24011.812218996998,24081.86392433814,24238.487958866663,24405.674018907444,24579.36101571245,24788.95429703623,25044.762285828197,25340.707616664768
33466.69181921317,34103.11563034772,34906.05789684221,35805.35327623607,36709.68487069849,37613.556557316115,38555.00502503473,39550.252600019114,40595.13046565273
47687.23645029665,47559.25708397592,47579.76209506854,47672.219963844276,47747.07894745014,47802.2113960142,47875.24474621629,47979.66339941165,48109.61002777289
-251.97477288655,-183.56714982655157,-108.33838753087784,-26.231718806542208,63.15556798493009,158.32087036844297,256.94603361906127,357.36263078559676,458.59080461767195
4833.766189934855,4916.004545604324,5026.152971692907,5149.26184000943,5266.7696426976,5377.654534311415,5489.593070827408,5605.649524914952,5725.175777946603
3702.3021999476423,3922.9892984428584,4166.03631590719,4417.54658684088,4660.836521672208,4890.512365578129,5109.378611757505,5319.656242842448,5521.865208931806
22659.071552710247,22781.262343055976,23003.574878293046,23273.43915885544,23523.292715943262,23744.78407143125,23958.7881317878,24182.919223178626,24426.148195615337
11249.003173832256,11462.921166861208,11726.84540661105,12019.084163288757,12311.604255856866,12602.028543525124,12901.48113759224,13215.071717261993,13542.025993284045
1703.9755074760803,1831.499224936649,1970.420879737272,2115.541604347427,2260.3091390271484,2403.0467983884705,2545.404322226123,2688.126475107246,2831.1039271734626
28380.658192000366,27900.810670597417,27564.1019055791,27305.671220538403,27047.341145727227,26787.88912012941,26560.41740629821,26377.305766099762,26233.963085016832
15465.493627111122,15720.35018106768,16015.193020388931,16318.390983014227,16590.360282889113,16829.306836258507,17052.757743653656,17269.74813772065,17481.05674210218
93131.09434329883,92053.19335658486,91447.42182593005,91127.57992256392,90875.61770023883,90663.16377824826,90550.3346797506,90550.22650741789,90635.13581846506
39881.22654440023,40752.357564722995,41842.86266306077,43051.038882045315,44244.826778163224,45416.96067430227,46622.60576359519,47883.43013870289,49191.467848867665
4857.38375697557,4917.840871308428,4984.042291541785,5048.061395554335,5100.487242588766,5141.086393661351,5173.974802651837,5200.549479206297,5220.089532709446
1223.856036169503,1389.3339711750584,1552.6502961032709,1712.2039260019446,1867.0122718595685,2017.5050895953746,2164.9747710654124,2309.4424707596136,2451.2307007709896
56931.57907484185,56028.54635600247,55416.222248781945,54979.584570210536,54584.73303656246,54221.203942531116,53934.079803769775,53736.13481799978,53613.572035469806
25841.062001382987,26539.46148941694,27328.85443378243,28162.353819012926,28978.437096318095,29773.451571477024,30573.762623012168,31391.289002526777,32223.89647064661
44508.908437123275,43279.269404854735,42327.64862181764,41538.24190453045,40777.19962476974,40040.97414486703,39381.668180750195,38815.91987083351,38332.46193993968
45215.48848803443,45051.10347365944,45042.40105405345,45077.067588705315,45019.7304767265,44867.84057891974,44681.182483633034,44485.63092232611,44278.22053067204
2540.1219017254925,2597.945661590443,2671.8389099517776,2752.6341472080708,2829.097099065084,2899.6092206037915,2967.8596328447484,3036.5813970361964,3107.171071747599
4433.448183108327,4601.537867090656,4800.881843079977,5018.708879387953,5240.479783666079,5462.068883692761,5686.231603461372,5914.179496053669,6143.863490468825
12298.008389696157,12707.003346303945,13217.494450671822,13805.313761758955,14439.085137571465,15114.230843258638,15841.16377627254,16624.58808228323,17463.748330639304
18664.356574955415,18844.84916389749,19115.162029724695,19440.59438588276,19777.274240567152,20122.556001286473,20494.331964532656,20900.263096831888,21338.46651954956
45097.25826460542,44646.25907473682,44465.76355771823,44429.58417799533,44384.98228565407,44330.37003607777,44331.968254494284,44414.13416078323,44567.753127132724
6100.130548074432,6215.657210473527,6348.944189631789,6489.798736381342,6625.302988951427,6754.425806426537,6882.447566990324,7011.841667353688,7142.347452325956
10621.230988549998,10741.293020993764,10896.554035415247,11067.093580267183,11232.475398017927,11390.34294718559,11546.570081074386,11701.974522245975,11854.299105845905
4935.8777440916365,5031.226281302973,5166.083580237356,5325.437405526452,5490.203204210082,5658.570296150616,5837.50468025698,6029.750333623198,6234.577119443265
8326.449229662956,8475.541942874997,8672.253347916996,8899.652417785028,9136.217391006094,9379.850425620596,9638.56319867453,9915.741802040091,10210.512458105011
4654.153726390018,4900.753053380793,5158.454218315219,5414.834087779971,5655.524609102696,5878.272748323123,6088.174921814856,6289.3674029675285,6484.3577347842765
8149.152986701444,8266.328253504305,8408.929744099223,8563.825482989072,8714.141073310357,8858.630545105058,9003.955570950931,9152.995870266765,9305.133382438386
2225.074006738102,2293.0087071097973,2364.152663677312,2434.368051876887,2498.746633077151,2556.0227048413044,2608.05984314377,2655.5742338603327,2697.522657740803
131266.5268608752,129876.31213223784,128947.3662683586,128194.79068303596,127273.99573706336,126171.6125858732,125026.83686049044,123892.39736932503,122747.97203644477
76900.37389589628,75555.11425948679,74706.70590298627,74157.44167389993,73679.79125796424,73259.5019395664,72976.45359140237,72853.20036043656,72867.9475019087
11190.013490398145,11357.41310104965,11551.715533410177,11752.529995143212,11934.209005346296,12096.747253233285,12252.651440576363,12407.557155251563,12561.465980521389
28679.889255347916,29045.467482203232,29586.001384220664,30234.842704598686,30909.5962937368,31602.43342377233,32342.72985185985,33141.58936967974,33993.638798774686
4106.315270053903,4193.061122450418,4299.494647702278,4415.88861922438,4529.729692300335,4639.5426596199795,4750.075250736893,4863.669051130865,4979.985900217449
27593.569042760504,27319.65759755938,27208.729432241125,27191.59682250221,27185.075722637546,27185.93251748359,27227.56896756773,27322.2872036719,27464.77786488057
35144.83674404298,35204.31879295856,35401.994471946426,35662.891232735725,35892.59495252562,36090.75423490639,36301.83787351309,36545.49819295783,36819.61499481707
68088.24148499907,67012.63121250729,66316.37824091013,65802.11331264712,65231.41090397861,64607.85455019988,64040.55948275508,63570.01923677993,63183.41961963609
3895.9426466665323,4013.887464879013,4146.199358187069,4285.367844071792,4421.749529290724,4553.219659638016,4682.351429002799,4810.449893237112,4937.274997427661
10720.69390418007,10818.1257161369,10958.07285397655,11123.931103670893,11294.605450307028,11468.371320735661,11653.302952235168,11852.813950348816,12065.898139965164
10995.687091154321,11591.917311231005,12285.836196688266,13059.852905139738,13889.842983746505,14772.194131529563,15715.291796781874,16723.300131561,17796.05302823543
8669.614608665805,8867.918184351778,9116.703748286092,9397.072623957525,9684.435529006301,9976.809857601376,10283.892590387695,10609.696483139416,10952.988609229875
30989.97510951316,31081.92647011337,31364.057539968282,31759.89053997673,32175.08764582575,32606.390066534652,33093.53622458965,33651.52360912129,34274.624471338444
19385.975331970418,19792.51049688212,20314.62000239951,20901.63652866054,21487.566148649566,22069.743967086484,22677.3109016971,23322.84943657586,24004.21558522864
20685.3523684432,20654.357366477434,20742.020210780236,20904.105546492232,21086.4986243868,21284.837219700505,21518.73424322615,21795.323186039263,22110.585559700572
18213.228998735707,18592.44008257021,19035.658586058973,19506.872259301756,19959.695034211032,20391.97664496865,20824.11084392652,21265.627525330947,21715.969869207365
13897.178235234185,14244.184950552819,14653.670375257198,15100.887438560398,15554.354313757423,16010.774757182664,16481.68644647232,16971.959618759225,17480.116289131813
15772.182629145042,15834.086078569673,15960.069891918496,16115.563837489253,16259.648421915485,16389.593437844396,16520.397506560414,16656.72521000384,16795.075715099512
19892.032462362586,19422.332726167937,19055.546694077522,18751.887087244235,18464.855730297546,18191.272858215783,17947.318718882725,17738.19248706426,17559.86273875883
459.4145780587176,696.9567480226839,942.2622235264487,1193.5925942046517,1448.0609297587393,1702.5865777403333,1955.669824668612,2206.8852396771786,2456.8172416779807
24813.03855655186,24630.4268479356,24560.67749538986,24542.96470158996,24504.759292179053,24448.29333110894,24408.11376361345,24396.506778290564,24409.733020088992
19225.01041521774,19776.55876605624,20417.971531386087,21107.17868270135,21788.93716251197,22458.946974303206,23139.610066701327,23840.630357889848,24559.7133495505
50860.10536446843,50360.004657448604,50106.863835115495,49966.683524383116,49775.26574969377,49530.74577753908,49304.6251838695,49123.825979246016,48977.85194030543
47609.72346390956,47933.765072188915,48483.03604930569,49132.04811181664,49724.19610850046,50256.44272311432,50799.114675423254,51381.45142336326,51997.65773529586
19951.547479709025,19944.99940950917,20022.753009113876,20150.6761360695,20285.77715715924,20425.738291082424,20587.612603104586,20778.154942076515,20994.95687751212
5164.899679788936,5265.290847259561,5380.36564476906,5501.386330573898,5617.540956732792,5728.04527423865,5837.651603083917,5948.697677874158,6061.198111808397
46614.68416302125,45926.348686340585,45510.14913975877,45245.34604594583,44988.99135911918,44732.015961282916,44526.0261783179,44387.44751257083,44304.02558269268
18126.36121900903,18853.230302980992,19677.842945977674,20558.866282493393,21439.69280046156,22319.423370111617,23226.58843675889,24175.339422599212,25165.99218203846
22669.308835812833,22908.476220026125,23251.464260970642,23646.454488366962,24031.250014294794,24400.00475554685,24775.68585614746,25168.37862124442,25576.019867057028
16880.37507042288,17728.622314537635,18700.260782593596,19754.954179207263,20841.405453224153,21954.697073080402,23114.727350716224,24329.86502236366,25597.441517384545
24462.766424787478,24358.807057473452,24379.817559616797,24468.73430714913,24554.605145910475,24637.199127375094,24748.93397314533,24902.73728356856,25095.224804884856
6293.100493640758,6728.210323070603,7207.830567588832,7718.746048188776,8243.483073278137,8778.2579969822,9328.485360163697,9897.774478123343,10487.275942215929
17741.803768456146,18048.669542837797,18430.031589928785,18832.64803265995,19189.06695123722,19499.750126669616,19798.477174169515,20100.826526856403,20407.0963740531
42161.929701363646,42501.744377933945,42997.517448272076,43577.68032023443,44150.39383846584,44712.11310991275,45302.6312668035,45939.0417704709,46617.47307063446
33277.902631990975,33353.80830294576,33582.90379954895,33897.54553189578,34213.00313726651,34524.84888669673,34867.47959156772,35254.8672141666,35682.66354356256
36843.972617948086,36073.57405869592,35515.665147343934,35086.71053179145,34690.85696534615,34320.73468842186,34008.4314684281,33763.43485340684,33576.787883465135
4281.542591254961,4453.8533938906885,4639.961076390078,4829.643866914166,5009.5676875011595,5179.605033012387,5346.782173705438,5515.023830018792,5685.32464416805
36270.87336786461,36133.174873438016,36171.93591229471,36304.085346255735,36428.56402152986,36541.76867608071,36685.85880701559,36877.764365974304,37112.74059679191
13154.153191763191,13065.420748781631,13063.690581585795,13118.740794071118,13195.49949661179,13288.76656880776,13407.212024186969,13551.996215110805,13718.420472804979
104778.14896658003,105877.43151083864,107292.77828336599,108833.66212045045,110283.53807840536,111642.3663101703,113007.91547538804,114412.8064395755,115841.7625299564
3127.019583066049,3249.572472323678,3390.4592834943037,3542.0786569240004,3694.642426283631,3846.3585216408514,4000.27244714481,4157.730140917825,4318.342603177487
37923.506189346765,38132.635161441314,38528.47184832781,39010.53128319581,39452.0945506607,39852.11823920706,40269.15970273339,40727.62318293471,41222.86153887604
34060.11868836749,33756.436818537804,33606.560993481056,33542.648666102425,33482.1214318852,33421.32070210096,33393.1443337889,33409.87572674964,33466.19932176889
31758.465665781016,31533.999780524977,31439.971418381287,31407.30962226286,31351.025388605904,31269.79336255,31200.99787582999,31159.919203393223,31143.085497388773
7143.066454417888,7379.381666028999,7650.706969450048,7939.945959867158,8224.898127104667,8503.842278804907,8786.420131378149,9077.882628672325,9378.871202352238
1374.967997049934,1445.947802191191,1527.6497964382966,1615.5119397717772,1704.325906312278,1792.6607489186533,1881.3500099462335,1970.4432320989547,2059.3936632603695
18412.937565486467,18673.606924835305,19033.00820125261,19441.099642615696,19833.39120657293,20208.494743800245,20596.17534488859,21009.444075925763,21446.777122845735
3127.151569777158,3354.475930781292,3610.18842063727,3884.7480238689022,4165.3256119309335,4450.102050448729,4742.804175016829,5044.380966252013,5353.792007964756
1470.9294711010418,1551.2818088406568,1638.6557464277323,1729.5992270835332,1819.821234279718,1907.811776045312,1994.0192185813369,2078.8387954615428,2162.950444326349
3698.818311417149,3848.4370285432915,4019.076216176431,4200.275928238788,4378.739544187819,4552.582512527664,4726.054040353468,4900.970665450548,5077.112990077736
10875.738831349123,11441.766171976526,12016.04451560505,12579.806594572765,13110.247592794502,13605.816307408295,14077.050332016597,14528.020380710308,14957.86191734911
30559.23588035834,30301.272738384032,30253.496044404936,30334.11358910974,30446.71855653294,30582.574218201047,30773.708936890176,31029.82896928975,31341.942808862743
6180.681369306986,6439.466165833602,6730.5035826450085,7036.9913146803365,7338.4613729482835,7631.862492141846,7923.918558097789,8217.94845752773,8513.898977407991
4597.250073730372,4660.695944687506,4735.421587161682,4811.333382071869,4875.575493186178,4927.440174395938,4972.719062052329,5014.116414435578,5051.007263554257
57922.60301762985,57173.08071265144,56782.03016950395,56530.61907461915,56155.41506054007,55670.78304244738,55206.57980861925,54808.54826070735,54463.139208730754
42436.465211766634,41499.36179374804,40753.956131449675,40118.59493545622,39496.10536441967,38883.739263156356,38320.44219493998,37820.128974093044,37375.91003354812
53232.036668487744,52193.139507923006,51450.91521858502,50863.32749470387,50261.46629523552,49646.899403648844,49094.845467275685,48632.36860654792,48249.32752036099
-5413.332982034942,-5274.277385216369,-5153.5365532394035,-5040.151779816709,-4919.937487525293,-4795.317426365697,-4676.6437658590185,-4570.119738398181,-4477.359514909356
5773.978854454776,6017.885376808008,6283.221679172811,6558.361309210699,6827.565510079008,7089.935353478793,7352.824614515092,7620.13292250175,7892.292617701693
31722.556305799124,31831.807462324443,32094.91687225959,32427.021073315882,32722.966757371436,32980.866815028276,33247.8618606935,33546.63050174484,33877.41470022797
2569.367168209738,2522.948864705646,2487.837529620273,2457.197682729395,2424.1607788863694,2387.847879397888,2349.346696957045,2307.4398356358292,2260.2824195938824
7101.6227114419935,7172.555772544845,7266.776592540989,7371.634464747481,7473.4647960331795,7569.978679151873,7664.299956395885,7756.530471344559,7844.70594893221
14000.148046564422,14180.954426259177,14425.84672984543,14702.872624286692,14971.976523571839,15230.641882879301,15495.355399271653,15774.02491101796,16066.380533442705
26505.919032528873,26281.59140640784,26249.806417176376,26331.06778567235,26431.032178803427,26546.376824978648,26714.842497199123,26949.228300176044,27242.654414503693
9301.631237008434,9400.439088959873,9564.785057781311,9770.2727184266,9986.989282997107,10211.873319954926,10455.17791894854,10720.732431728708,11006.808017921614
15945.153421489633,16628.738056213744,17345.954197800405,18056.47432277302,18710.234802125626,19303.227484436175,19857.584993135788,20386.451693290725,20893.120622205945
12956.726060506906,13328.663971483109,13746.354716318545,14182.607698299405,14601.223523655843,15002.197057900248,15404.274070426784,15816.780250539656,16240.308677854557
53314.19537105399,53432.73935375571,53762.00734324562,54197.82515544962,54608.82432092147,54988.52390721811,55390.76954067075,55836.07428676037,56316.5947642935
13569.151142944347,14022.978595410212,14552.4803121099,15129.354172426616,15716.918508430386,16309.758796882219,16919.611822877523,17551.216862733923,18202.48559296525
55869.68514185992,55369.07324234432,55133.402873826286,55034.44319085467,54917.95281982019,54783.28559069057,54698.74103224013,54689.929716443854,54748.19698363653
23253.4728197334,23163.227406876736,23185.761847609112,23268.43207365746,23347.539785232428,23419.689364755865,23509.707569416252,23626.55686641617,23765.670944986956
10957.691459335927,11170.900509763034,11419.819982587058,11689.574726307661,11964.284895205976,12248.404868033216,12556.023409923882,12895.044557412399,13267.108754214858
20692.892174653185,20501.672361300152,20457.287804205498,20500.095709150024,20558.930878248346,20631.21012327302,20745.254689876852,20910.548113607623,21121.553739132316
43746.3407150719,42884.12835666457,42315.265005406494,41895.86577775485,41454.774842889754,40995.62395687055,40596.23369833757,40283.82317823352,40048.166492137476
6086.582216706562,6404.257805117881,6745.537332098003,7100.060590800398,7453.451253860122,7804.829212928686,8161.204885952213,8526.644295192742,8902.069224456049
56248.677327063466,55580.77028902269,55190.28082037393,54936.35388575375,54647.71264863294,54321.14049909355,54029.26307446379,53799.080244413046,53620.44938763037
7702.923116873646,7963.551591838432,8208.536422541836,8429.547307189196,8618.587593204671,8777.818081232093,8913.717653005051,9028.290321976796,9121.380076121552
21815.351138241425,21916.622808454296,22138.239798025334,22427.472304385665,22719.81718858543,23009.920852061554,23321.71350365004,23664.72030103525,24035.93410037157
6931.8727884767895,7092.584833262181,7281.303846371707,7484.305083889379,7684.740098083959,7879.516664975274,8072.936829681283,8266.453031266381,8458.775939685007
49277.61701600039,48900.84296387513,48723.423286776044,48640.36520176094,48520.822770105595,48366.72680374471,48239.834291641506,48164.307153649774,48134.38290466748
13772.301610554752,13823.956865187705,13949.571324192215,14120.282538408042,14301.513383333708,14488.927237566115,14693.204257517547,14917.919570533713,15160.303973521159
53396.4544263973,54238.81909906792,55199.47213861789,56177.71440939489,57045.90716108856,57798.534527840864,58491.2743350708,59148.83957510145,59766.39216368696
21423.875800448503,21352.58843808505,21403.78782086653,21524.18071459368,21650.63899485182,21781.09533961338,21940.9577190303,22138.52809067448,22369.045103491982
3304.289312788982,3448.604502684981,3598.1623583373075,3747.868128782854,3891.071621000572,4028.465649638098,4166.853592765516,4314.467217118514,4474.059115083384
4865.885146641298,4877.772881023838,4916.44330506749,4969.6824932634945,5022.667772518518,5074.302959806729,5130.123733212068,5192.338642476502,5260.334912505863
4604.991105232402,4725.419772196577,4857.034446084695,4988.278140218783,5104.301171366815,5204.2508260368495,5294.3665036636985,5377.045226642466,5451.390397169262
5205.116499730665,5387.429592840792,5582.414647079465,5778.389261774908,5961.185028712782,6129.521182250591,6288.7978893352265,6441.298175824637,6586.618942717622
36358.83949047635,36572.88176536887,36981.3144993903,37466.08597560827,37877.02429369307,38219.455502585915,38569.676029358816,38958.75253971997,39382.4145497052
49441.68579855165,49637.152093494165,50036.06713971663,50532.760537013484,50994.868323263065,51417.72650965937,51858.210347764674,52339.90308865145,52857.20666568119
63140.86666816628,62577.42735388301,62242.46771864117,62010.01940131954,61726.06195236718,61389.13799747623,61068.14667227002,60791.856301512926,60554.59700351266
34888.142475933324,34183.63160599623,33682.072037885955,33290.157340987564,32899.98694560182,32511.267254088107,32168.888713661545,31886.435254797503,31654.845993404117
13581.656804200391,13661.506017758711,13787.49119759411,13931.211969317783,14057.891309885563,14167.985338720238,14279.31282724842,14400.70435806244,14533.033251348139
24407.80055398131,24155.264745761193,24006.97234150641,23919.80483528109,23841.631777712635,23769.635462080685,23723.82521317594,23711.312037659227,23728.243542712116
18794.233604428162,18611.84838139153,18522.33487856008,18477.697581125707,18420.3853852022,18348.30087429381,18284.842190274143,18238.734471297692,18206.750240410205
32889.139924029536,33230.70696389468,33681.05402885981,34179.64332643727,34649.56964117315,35087.45338309514,35526.685209149146,35982.40038709763,36452.73868114322
33549.504826154596,33494.76640672287,33579.73373250362,33746.92262964205,33925.953616374965,34112.83907323409,34334.84723413427,34601.83216569562,34908.59734345283
45685.52420231658,45502.47757439946,45636.26858133561,45916.617097148854,46132.395446600116,46292.19462644524,46499.87975814389,46793.34614171336,47162.256235309105
17734.507683639822,18284.527840227278,18938.55874522621,19660.258528673796,20402.38980841663,21158.844004001272,21945.695464527216,22769.44800359894,23627.417405317025
34613.408767642904,33669.88444256024,32954.18243789812,32374.823327090104,31827.198379046076,31309.014204112565,30860.45773946909,30493.21581303455,30197.9048300364
7125.231232544848,7092.761691178014,7095.090457977084,7115.425343798265,7132.954432519512,7147.63865472981,7168.683885685655,7199.143730142302,7237.733593060415
47610.33427850969,46238.70802195553,45160.261897177574,44240.17917456591,43322.54503164503,42406.25743681589,41555.36213716589,40791.247861235875,40102.91986752573
44105.009154014064,44449.92756709239,44895.46880833369,45360.84834934089,45745.11246559123,46045.01332360494,46305.094864897044,46545.41415318898,46763.489587719945
2545.085677727095,2648.401522553216,2765.298108605637,2888.350659499379,3007.7371459925207,3122.987032633573,3238.6145786682455,3356.7703246716287,3477.4613394558833
75438.27836568754,74836.60577130906,74620.94233155464,74594.99419075284,74517.7711980708,74389.28958574307,74321.37325800247,74355.69545007954,74479.00309358138
19607.631907520547,20758.811485970997,21923.62830873576,23085.379617353927,24221.22718877589,25333.065413954366,26436.632109160157,27539.67948952282,28643.346732767106
6676.995163721625,6957.578339902876,7257.470947467378,7561.922570497604,7854.572213075741,8132.732772455731,8406.15070186187,8680.545146501785,8957.88748053264
4233.5078133840925,4337.558920144827,4457.914528610821,4583.543703715516,4700.167387027462,4805.718543164351,4905.073960888337,5000.652896051346,5092.222918204362
16625.60769577678,16712.563019963334,16881.77100124583,17094.0065223542,17300.816668198917,17502.52948199882,17721.206418782574,17963.629055086818,18226.11108628821
5097.27957814537,5286.683615614996,5482.448484353904,5674.003303647674,5848.363782324087,6004.90392350716,6149.983799444607,6287.6284357198665,6419.297325360796
6790.90593872017,7034.781953108492,7297.858526353825,7566.392780392317,7822.798751174729,8065.267596966581,8301.043593785553,8534.378011630695,8766.497989463869
-8412.587794059376,-7287.84126721571,-6208.214945175491,-5149.557597012569,-4084.913485739612,-3011.2794887264668,-1933.2846886567538,-848.3226119368121,251.305140438815
42425.09003685355,42418.95897913405,42611.263808257114,42866.71172523129,43016.711198676414,43069.36688926702,43111.6813035543,43179.118461112645,43267.35287501804
27164.376893266926,27205.31903465656,27350.81576233041,27552.229502753835,27748.28175040212,27936.52804320911,28142.86757215164,28378.02017932652,28638.97092670487
3788.359507261521,3905.064892769983,4043.755258243507,4193.957874688003,4342.580151265214,4487.163737346196,4631.338158209181,4776.325247480996,4920.925676887838
3309.0978984192825,3392.0539830115986,3481.053315677805,3568.60370425483,3644.772846769734,3709.2481160224543,3766.803212740949,3820.0904983186606,3869.962214774284
6528.974268323515,6583.7706844884615,6665.209756791694,6756.965878620747,6838.763513066074,6910.146960136787,6980.341103591362,7053.5240928307785,7129.436411446714
81519.31678137834,82527.87470052818,83829.41994371157,85290.51015236056,86739.10461947546,88161.62340842946,89623.85351623782,91151.23426513675,92731.21689056406
31691.151781961245,31651.769895014248,31703.078845412565,31792.49041440395,31854.690982329423,31889.04979356742,31925.02444685726,31974.686370208034,32035.22799299674
49169.48527654046,48988.36675781817,49025.725346495354,49168.671792590474,49280.53133205221,49360.19353072003,49468.66491185692,49629.89376106673,49837.49645129091
9310.664339710775,9602.51836516069,9945.124864901552,10312.818533110285,10673.155444595852,11022.711685987299,11373.484411529857,11730.897016343317,12094.079213788968
4826.057771397366,4864.081286980948,4916.083948441685,4974.472470664519,5030.463770413823,5082.8166330901595,5133.9664360645365,5184.381739154765,5232.91014980225
6455.797700470842,6714.57300426231,6982.515348599649,7249.236100688635,7500.657520768153,7736.878480061712,7965.705028498083,8191.573703961835,8415.756344323116
79098.50734231676,77877.6647635261,77107.68906852881,76586.86100124374,76077.16816817221,75568.62007516256,75153.03600264178,74860.75741490413,74672.86610778881
6398.145614372253,6604.044158789587,6826.484326595195,7053.873104381546,7271.804291474297,7478.785667848108,7680.814152635512,7881.556521477991,8082.119919311873
9108.503729050175,9624.045215825136,10191.427447321508,10791.08109163612,11398.227889808284,12011.952414587116,12640.901752837235,13283.652748592835,13936.597849293516
45769.31964361201,45827.77521032268,46136.70760875197,46561.50330238227,46941.30784625509,47268.37814419471,47605.785978075735,47974.502471116924,48362.27897528169
49105.3372949827,48820.008230292464,48791.42249666385,48897.8240809701,48988.33864055828,49063.024928954605,49190.75564755265,49398.47107308487,49678.58114118761
41676.56263509646,41265.64349515382,41067.46624554969,40984.06038554446,40895.09523467737,40799.49368049222,40750.32528061901,40768.17253823417,40846.68160870727
27958.490813248325,27403.749785080036,26990.287707076113,26656.26621018973,26328.64067516472,26004.683196601254,25713.146760175943,25464.628696354055,25254.77582994719
46875.39663357122,46579.61539151876,46547.24125875684,46672.8268992367,46833.67820986355,47020.694994807105,47276.521595627164,47613.37573862835,48019.18976955221
3573.079604125887,3458.0184763718603,3359.004168497568,3277.351765218213,3225.328938619087,3208.1882411718757,3227.1221006963547,3285.8314430534665,3362.4948035499533
27580.86022015601,27580.93917778777,27736.710797699066,27990.887556989357,28278.81966404722,28595.694784945554,28963.89852617861,29389.402849547438,29865.74203096297
10330.271213910859,10764.020804961468,11224.71249462567,11689.759625073679,12130.550162450556,12544.15246083473,12942.111315023545,13330.828047378069,13711.324122712022
-43769.62620927844,-30682.8232944919,-20210.533156216454,-11353.218886925413,-3528.7654184698154,3429.9559503661176,9629.263590255638,15181.652217446795,20195.634265557223
12428.212049890237,12494.83881163137,12621.183318708363,12779.485974715035,12934.826354186112,13085.913934798145,13247.812175016557,13427.046048103331,13622.533955575636
33143.45497874865,33612.40798907043,34251.8874074363,34986.86212153614,35721.56400280727,36452.01137624071,37219.162882959565,38039.29825820599,38907.6775719622
24534.254864834435,24227.66291364582,24051.165691260874,23924.152346104747,23748.231358416353,23529.296333582897,23317.74463062469,23133.227158838316,22972.518892892338
37788.186894072875,37609.638759972164,37631.492547040376,37774.74408268325,37943.785019339084,38132.90904906756,38380.100558436956,38698.050119249245,39078.413816745444
29473.995182855946,29566.31859525135,29821.10474761964,30160.016405774415,30485.611393810184,30796.19011732716,31135.502626157016,31521.78467440334,31951.613535091306
9344.113319048936,9271.113653781165,9248.376699959104,9253.632643755582,9259.99296018442,9266.008678916001,9281.95348383819,9311.71802521095,9353.867350238985
5493.4791276632905,5488.122102328122,5504.317434234294,5530.19938595245,5551.897125360854,5568.517918998937,5585.1821477353415,5603.527083204122,5622.467687953224
10345.564418483915,10585.16637567853,10877.62775057962,11194.507841886028,11499.327757154355,11789.81562667065,12081.27154087788,12381.108176634512,12689.203320919993
14897.280733725858,15169.070140637414,15471.877928523782,15781.974372034761,16069.027761865367,16331.111389116506,16581.02938786537,16824.95157204437,17062.509083889126
39788.910875123016,39314.61906425357,39048.283725371155,38890.15978382927,38720.14879273858,38534.40159908782,38382.102176049586,38281.78227198456,38226.79698350319
13731.658804757964,14087.939264141989,14524.572860573604,15012.604933223261,15514.538014937903,16025.872054526286,16559.677885882422,17121.532519006414,17709.8331387463
34009.71211919371,34034.32803976917,34174.10695013213,34351.95815626559,34471.913507684476,34535.45574124685,34590.06282981036,34657.37818545934,34736.490714033185
12813.093944356864,13040.331029255329,13344.00598204652,13695.132002079747,14056.373564950647,14425.242855471082,14817.010450033762,15238.250971902356,15687.496197851795
14523.769045194365,14916.510927109139,15353.863074482684,15813.390325250386,16263.931974941846,16706.88818577618,17160.68190209819,17635.599442000697,18133.90679039913
5126.8389232699,5321.8031006597785,5551.181750137408,5802.062299316399,6057.482910944087,6315.154146062764,6581.054949105909,6857.730270968899,7144.37680914061
2980.452303831834,3194.8642706381324,3424.443492110376,3660.5711903850834,3893.6592037926926,4121.01296146495,4344.411624125244,4565.22780228011,4784.575157105774
1428.2902628898698,1497.465246168077,1576.095827227229,1660.2196538470946,1744.8489105448296,1828.219477242684,1910.655742842817,1991.7392461093673,2070.303426117049
2061.892037144969,2126.0904548714743,2202.9121916169797,2287.0866386132902,2371.642955222046,2455.233500470577,2539.6962946632802,2625.4772876419065,2712.378988982878
54223.13967444178,54068.09577390405,54109.810635310794,54238.56998850626,54317.11808873571,54346.07157901462,54390.65895911629,54479.19951912616,54608.07735241804
16768.025286851527,16506.46772408243,16330.518588380834,16199.561614585922,16067.589706160741,15930.469938186427,15803.160104097848,15690.24286237331,15588.168292636718
42466.3495220273,42284.56921091977,42292.2368943925,42413.15412302639,42559.98793060823,42722.67282456834,42926.7886644121,43177.63064737854,43464.06320612474
1725.596972710824,1776.7034806350362,1835.5764263994524,1897.9407981400907,1958.4109730206146,2015.919194654006,2071.9453575874304,2127.149543692331,2181.3409025811616
39031.51687749989,38848.524758203814,38828.676594281416,38891.15245553469,38939.51527829314,38971.994431279476,39029.54995766358,39126.71812355419,39257.03495706998
60644.33923631096,60547.32983948244,60704.781979459054,60960.80244818129,61124.70561762048,61188.068137348964,61224.98441931636,61264.696389895995,61296.297168761696
7527.923547783065,7803.7949228057905,8122.712153000171,8467.293307275835,8815.006798587046,9163.217918762633,9520.146727365161,9888.994510482167,10268.35296779541
10883.63085067155,11047.012634332305,11277.59742961588,11549.678619721768,11831.493201708428,12118.500841234185,12420.273507848568,12740.220417394139,13076.747591438669
7957.967464421836,8201.876414652668,8491.22330635331,8806.873383438917,9124.14286589523,9439.578818828508,9761.479403318224,10093.176830513636,10433.152593933542
1476.9888464469532,1548.286547826128,1623.9909169794275,1701.1311356785309,1775.0016552427087,1844.445342198268,1911.2065904050953,1976.5944559554953,2041.0310592876856
4822.79627656306,5155.626053717342,5508.473504414558,5871.082014502954,6230.154964696935,6584.103628102014,6938.651632784668,7297.123571332772,7661.125582822899
15034.790744139222,14944.705198039905,14967.394793520363,15046.702465492597,15114.956111450938,15170.639741043697,15241.975968613362,15338.622449788676,15456.264381894569
63948.7628102948,63116.560842898856,62710.74367873755,62593.82322022413,62606.492252642485,62723.56480260404,62982.59190398538,63388.75770450078,63919.54043394297
20372.930496332898,20865.594450740944,21435.5665848482,22032.168643863955,22589.58524999971,23106.324112787715,23613.526444037983,24125.642388557448,24642.10302904765
6443.7731450759,6568.038287276226,6728.568932037282,6903.879727524349,7066.187900904678,7216.365247543914,7367.976227971884,7525.752039766907,7688.5708808730315
8126.845102453575,7994.869355849214,7959.453990950009,7991.156984019248,8056.977485019762,8152.835376176525,8287.781511116342,8463.697851370263,8677.1388422369
6122.792140906261,6304.2470294243385,6520.5381044994,6751.559806953958,6971.245199823699,7178.26075194134,7383.98468959743,7593.657529294956,7806.97723172631
5079.162100127425,5333.147892718991,5611.494700955674,5901.8637030494265,6188.2025864895595,6467.0661725141135,6743.285417981851,7019.739189095807,7296.901344021575
7541.511590877713,7805.288975086234,8096.13334495499,8399.071641303552,8694.948544329804,8982.329659611292,9269.463899277704,9560.750346015888,9856.778396285015
16913.260423197058,17017.836561501565,17205.65587322235,17430.958550562314,17637.357406366526,17823.915248361587,18016.16506439072,18225.23529309735,18449.991389477844
3497.123512842672,3662.07748684859,3843.6908314642624,4032.018878338461,4215.098674709228,4390.630456713192,4561.810671229557,4730.635946776742,4898.18031663832
65777.68177007488,66658.55366852043,67626.75895443396,68571.47912248541,69362.57904572606,70010.52318449534,70589.98156038602,71132.6091005034,71637.84245879839
1676.1017897837953,1750.2410571703074,1834.4781995990284,1922.9509038573017,2007.9829280638962,2088.277282529184,2166.1040410997784,2242.0711242013167,2315.2834281906
16391.85268853805,16671.07638459535,16999.278677791426,17340.98329812091,17651.016603172484,17928.964287916748,18196.967914745954,18466.423902721006,18738.063982206837
42502.559609256044,42126.56981752206,41982.729409763706,41967.761705050805,41957.921309924874,41948.151004223015,41987.65157470971,42093.80046034449,42258.005638905764
20885.486673809075,21209.666490520718,21612.84230661099,22045.127924955294,22441.15413345428,22801.865548364894,23160.472190882178,23531.81721639841,23914.56534839463
4846.985899309791,4919.495117012356,5012.430160973878,5114.6499755511695,5212.477524764608,5304.835487809609,5397.092920200739,5491.897264643927,5589.283085850499
4767.540677887344,5056.739605722351,5364.536193911785,5679.702346831791,5986.731750329467,6281.9942213215945,6569.562025975719,6851.886103596415,7129.556617406963
10995.389726104435,11395.29216515969,11855.352539930655,12340.904701756657,12807.154152146684,13250.170577342733,13688.453761832074,14130.812894120596,14577.267996347166
49280.23196180256,50028.78970557236,50972.99220355897,51993.69319960417,52936.44436726769,53799.21801143334,54655.0368608495,55536.39215012617,56440.13779546398
40799.265205244556,41756.554747621994,42920.88675930071,44183.57031093182,45399.96721110925,46568.67829231888,47759.24209711338,49001.15205819611,50289.08079060496
29147.04542884249,29255.620894241987,29468.810227982427,29718.925771759394,29922.319529028664,30080.921723423864,30237.702399371956,30413.357562145564,30608.99620995291
8024.282820137544,8207.831685884166,8412.376241486216,8625.750208473022,8832.020122994776,9030.037590572769,9226.346584520586,9424.057797952682,9622.816840056777
16948.7165285268,16886.021574769118,16935.71168942601,17035.719225800207,17109.787046801786,17160.37933024429,17224.62244320367,17316.6222397846,17433.372434725432
7860.111161338928,8058.668329862992,8300.26710336834,8569.306127380629,8846.019562377647,9127.191744274753,9418.849561923693,9723.565383647527,10040.374944095569
3650.6616440677844,3910.2209051493005,4162.916659110749,4403.5795140489845,4626.286294096312,4829.168665858771,5013.468099326779,5179.565071882793,5330.300543397372
15589.673779498142,15712.473593508881,15925.151325706755,16185.39933559303,16441.143241292684,16690.78429192854,16956.59259687681,17246.965797674504,17559.231490464725
11162.931810753033,11211.382026246085,11317.99865536603,11461.71608054369,11616.70545464515,11780.602007144193,11962.61811716123,12166.406745991198,12390.517881919804
9865.368246202062,10291.478259932257,10726.668908269683,11154.641846845467,11554.396224963577,11924.845621474233,12276.458956964754,12615.804978922279,12945.028396028727
-3768.290597975238,-3778.3299454470603,-3799.9633888263234,-3823.8732051843026,-3840.4830884637836,-3851.2311663505157,-3863.235114769651,-3884.716248033145,-3928.042529319374
17799.635813344285,17732.582150262755,17757.121589542294,17825.248099690405,17876.69382626374,17912.809996952354,17962.982726514525,18039.370224852177,18140.145826942633
20382.750738110455,20501.088235299107,20733.81124431946,21032.119483436894,21336.109216295874,21640.976762172682,21968.614939185187,22327.716144462112,22716.728149138602
41870.88720560331,40879.3628646678,40204.27244315772,39748.887784203514,39404.34069458619,39156.24324413926,39032.76974886368,39039.23153382013,39162.19868811949
17993.523152468686,17816.63002102282,17755.190215905906,17751.800033547323,17738.82190064501,17718.038780596267,17720.161460472445,17754.4305137156,17816.042324281174
14739.136541527107,14930.782610169934,15204.318133233046,15516.734127322967,15813.366990325998,16092.91000208062,16379.774320787637,16684.023320105753,17003.682509498474
22016.922297490783,22059.75095144229,22197.19619409426,22375.750315723475,22527.82781025282,22653.871098210002,22786.244257597577,22938.96028339118,23110.905902237046
8045.608842992934,8430.839931579832,8856.351845866155,9304.127140792614,9751.244793725664,10194.397276309302,10641.795475370898,11098.056766133612,11563.846888439208
7562.387211177759,7652.65576104984,7767.172840908111,7891.5019757120845,8007.090073665305,8113.797802173874,8220.527558540838,8331.539779172434,8446.853731933374
27386.92797245935,27626.57713479833,27983.961555158618,28391.414682465205,28764.573273292724,29101.73707799833,29441.16042510546,29799.523098317542,30174.85659440991
30454.43700774663,30648.495857895246,30974.696466548987,31365.8656754772,31737.571348151647,32085.14004118605,32442.89199295438,32825.07091342423,33227.45214225474
23786.36656967242,23291.27648921871,22990.906446131823,22804.542538246336,22638.970474166115,22490.587769157948,22394.61383811526,22361.654975726586,22383.669000054153
15152.626558549537,15004.961090029963,14961.019003229409,14981.543460757255,15021.957977154085,15078.640633673247,15165.57597895991,15285.578568006313,15433.828619185755
18574.432265710126,18727.669728438228,18937.58967976922,19169.43358077953,19381.34376908446,19570.10124350449,19751.735529029873,19933.318352522245,20113.798689945197
-1928.635563107142,-1747.7882682082552,-1585.0601262169484,-1435.1679636058561,-1292.1719744278998,-1158.3422049991518,-1039.5766386526882,-939.5717725742016,-859.4435694818524
5402.700743056008,5520.871812953353,5664.390375267571,5820.607988380737,5973.769211862504,6122.4096760121965,6272.547729165683,6426.954618398339,6585.581309406352
4294.481348795549,4310.808114054283,4355.745548333493,4415.063663434881,4471.172300144373,4523.005311036891,4578.674922314048,4640.4870180778735,4707.783680693622
2026.1521922599575,2090.556006825342,2160.003291829177,2229.3383614014947,2291.865246320688,2346.415435917698,2395.3711305117845,2440.356415268904,2481.886962294523
7665.796150731409,7856.895972690694,8086.262070497804,8336.491199078748,8584.552165395275,8828.889929735722,9079.185327182831,9339.78315335194,9609.951842023174
43463.558984758034,44057.54790697955,44856.34200927227,45735.617227095885,46536.2811373573,47256.89338892441,47971.85267792666,48712.68174146655,49474.60371016912
4878.509943170373,5071.653473720235,5290.374541065804,5525.228857542482,5763.638785417388,6003.287884727504,6247.975150485793,6499.402077895793,6756.946048481334
16702.178872887984,17101.136970071704,17619.124376250664,18206.159162683696,18796.838350606868,19389.353715888363,20013.566934589584,20682.201622041404,21393.225224466507
31541.151305418953,31954.226476411124,32598.931501815474,33382.625160954274,34186.76817404578,35005.2246306229,35886.33981327221,36847.54992495678,37880.3846218048
48368.06579532122,48667.17043484965,49134.402599880996,49665.57049267694,50131.88105791915,50527.18887726995,50904.99298009679,51287.455773759866,51669.02090537785
21769.55573180007,21915.94819561263,22192.41305284263,22536.377907085236,22869.72362560694,23190.566678925843,23533.51014655607,23912.833905555224,24325.593854276383
4316.54595230906,4551.273963456514,4809.5604736819905,5078.015184754634,5339.990321941612,5593.992078478012,5847.421786655696,6104.055688158681,6364.289338833912
24935.54671850596,25294.562803526947,25853.9972731581,26551.532207381224,27309.104195995213,28118.643028549355,29006.692691639302,29982.014096517196,31038.431404840874
12378.541074096729,12623.283320589131,12924.687450402665,13258.129660066283,13591.92431766968,13924.520813623294,14269.342598503123,14632.101558912615,15012.033419145406
121987.33463307333,119934.98737753213,118252.19001981955,116724.91513164513,115096.6826489709,113363.57891398894,111634.01126037029,109948.81013689142,108292.63207304002
15910.625897108814,16211.195469348453,16515.10543779508,16807.311192555448,17071.632415412918,17310.546151563864,17534.577607640345,17747.612423267616,17949.360418472337
24722.327022518322,25092.453745514707,25545.140202388124,26033.00092414285,26494.083315219992,26927.44539274593,27362.527710168717,27812.793830558723,28277.012076235358
33158.506315623985,33284.64308935696,33532.4951996148,33835.06766619517,34107.71194498166,34348.51080439597,34595.47430714477,34865.019753748726,35154.27237535429
9650.458011496548,9938.633934681833,10265.600527586126,10612.479830729995,10954.489757762725,11289.982272088177,11629.646900372847,11978.309973833302,12335.447056322962
23590.584032119015,23836.83868491594,24175.99284607754,24555.850949906322,24911.001078939425,25241.71134216717,25578.78699729825,25935.23523143514,26308.870656838753
24204.12641339643,24096.967845411076,24132.94280589614,24232.279598813475,24295.562888896682,24325.513100018034,24370.027360315147,24447.457256506714,24553.66481974624
17808.17437480678,18307.41044624967,18884.14214146799,19495.736258311943,20086.9034889751,20654.60276172374,21223.21313125171,21804.028048878605,22396.10074865156
8370.35055602687,8544.738667428253,8751.89072722225,8974.986558179908,9192.459974310432,9402.859934558976,9615.483466737242,9835.159726777118,10062.41117243474
40463.039651238345,40690.72415896875,41085.88546781362,41547.92706968898,41949.93838477759,42291.253110428195,42631.5842048821,42996.894687743,43384.083405497826
12209.553752835725,12467.811361614891,12755.89945550597,13051.039574273665,13324.163549753202,13574.083118593737,13813.84396893872,14049.06747306388,14278.743182138342
12975.411947246123,13289.678086471513,13690.116445519694,14140.22762494594,14593.780182684506,15046.950297543628,15517.96456566212,16014.219921783344,16533.575885363287
2603.4305743736572,2682.9732356522422,2768.3643064766056,2853.8734096360477,2932.3529087772094,3002.2018279152953,3065.261302694297,3122.2175194014003,3172.4704175051093
7791.595794445631,7999.6214610855595,8221.853264394462,8445.107118087666,8652.918661378899,8843.900278130817,9024.894964238954,9199.452083113709,9368.227998248394
19447.534414963502,19780.05050053858,20228.179381976057,20747.227670912187,21280.817238065207,21823.667063116314,22396.607259852044,23008.346779934775,23656.396058632723
3976.705689278245,4362.175991779985,4774.924871168162,5203.170791241691,5629.834708426387,6052.384012118735,6478.093801572961,6911.668217250444,7354.958721646904
49666.20682453913,49296.607462906846,49167.75009660179,49155.82566120802,49111.15736769628,49033.016673444115,48987.80176071048,49000.34044762333,49062.220020661385
47839.78946133701,47526.20005499166,47456.80251644166,47534.87459523923,47643.26503498809,47774.5201257053,47972.856585010304,48254.54960713785,48611.24243134594
2764.066321373653,2825.190714556436,2886.9479097234016,2943.0219066398263,2985.646541542986,3014.033535673952,3031.6509926855633,3040.28605062225,3040.0359434579477
34865.17733081613,34752.788919541345,34804.60267780279,34939.35135117074,35058.71602986154,35160.212199991416,35285.487430255955,35450.11668210086,35648.52133609476
10842.5418176167,11326.840363677908,11866.661566470739,12437.237325260608,13005.696134584476,13567.217624401153,14133.126637411426,14708.51591344771,15292.224898391216
17338.689785816125,17491.72625649363,17704.350492278045,17940.82174494275,18155.80537851828,18348.94208670165,18541.487244285876,18742.943720070794,18952.584701568347
1322.5151423994855,1418.247956856065,1523.989068193521,1635.9501698139113,1748.4423977252577,1860.6618172809297,1974.8885761340778,2092.4341519915492,2213.5228077045435
8462.216024496176,8636.268750877189,8843.625209713908,9067.129629324194,9285.499775521077,9497.706977578575,9712.996086398614,9935.621055802992,10165.223931823613
14800.95346790707,15080.096845685151,15403.838811653322,15746.536145209097,16074.538428091853,16386.60495019972,16698.293451564772,17016.753334580055,17341.00385793947
7009.7648618918965,7141.124919106287,7311.291093453862,7504.037512186575,7699.451464349642,7894.150670665043,8093.541048683291,8299.231368173503,8509.496439423603
39077.812097687674,39495.82098063997,40014.73704269918,40560.31774901566,41038.20958518757,41447.78459545725,41835.18877446911,42222.938474632145,42611.847383573375
12604.12052865165,13417.45505212371,14332.527652263201,15314.954697815192,16317.318277541817,17331.327378459056,18372.231836938397,19446.953005827352,20553.97110879232
6950.493644574469,7105.345918316169,7276.726998809726,7453.382161323526,7621.248107883191,7778.802122580328,7931.18621790308,8081.211259837212,8229.351230889291
59524.850947934945,59798.69811216085,60340.48813359137,60997.083713909415,61573.60305765573,62069.70088748197,62576.53181237914,63131.315865870274,63725.859195859775
2048.276504438923,2108.0296984450174,2183.083755927206,2266.509619372525,2349.5574051234544,2431.0690914481966,2513.8787586451335,2599.0482035024456,2686.0358841749207
25758.059748098352,25519.66454643773,25422.415848562585,25386.384629359854,25313.934567871976,25208.70782114048,25118.639233335904,25062.42662708652,25036.34640578701
31617.877580660053,32744.671205825387,34024.37085574326,35344.75846468114,36559.43865954155,37662.72608879189,38720.968285660136,39763.32079464805,40786.82498709217
7932.638321655026,7949.4500493771475,8024.422914944115,8128.06132277616,8224.20578766899,8312.883968842216,8410.50975262752,8523.068898931855,8648.755685127195
12214.311291886235,12733.996589521526,13296.258270019083,13874.702720246842,14433.78304686017,14973.9086523288,15512.921297666004,16058.457528506195,16611.32969622419
6467.273429452387,6732.634220096313,7036.833193192152,7364.422172300618,7696.294295627718,8029.335399311381,8369.588163537835,8719.816846373562,9079.609263509261
9638.070735320069,9810.846268177876,10044.12312202563,10313.21345351396,10586.440554851504,10861.536565882521,11151.213054004982,11460.89985455775,11789.542897531188
22339.19890079519,22269.5497502216,22314.02847108708,22426.75290497136,22552.442829438092,22685.683153506732,22844.929717144452,23035.79124997766,23253.726973770878
8447.295620476249,8543.359835399708,8677.021755796699,8830.392374818415,8980.739847892351,9127.721453529437,9282.101034522457,9449.049332456803,9628.699282961385
27546.39165731447,27917.077818333964,28386.8556940208,28907.49639402499,29417.77396034499,29913.852211067973,30420.482625276512,30948.103187794837,31493.845832764535
18855.291191616707,19282.906381828398,19758.165451350455,20243.995721937852,20694.560336823935,21106.96456304245,21500.702385653443,21885.098592943206,22259.871922813378
28878.23422490465,28214.209188772726,27779.97964425823,27474.637519966625,27179.844457481362,26894.84832100981,26668.56474753184,26516.37006954379,26429.093219431208
-10170.693520359122,-9742.164955265804,-9404.686375427358,-9123.902941839891,-8862.072667480814,-8620.692723342081,-8418.584977650618,-8265.812280725268,-8165.623447883388
37721.81906151947,37582.43156887383,37639.48996447654,37807.24812188159,37982.42841640706,38155.36914459045,38361.04300220635,38611.450986645905,38898.540248755395
78473.84016296649,76557.75804307945,75128.63891341373,73970.55611123308,72831.3307974342,71706.59202225044,70698.54786877292,69841.12167685662,69115.32028410389
42625.2367349226,42616.11510444461,42833.52061405795,43191.18197662374,43585.46459789119,44002.754004196606,44473.43278375049,45006.28055768698,45590.60681952232
-2341.6102896947823,-2413.8256720906074,-2512.7280116397887,-2629.618918524678,-2749.4029766612557,-2853.3448427341855,-2913.0747658490877,-2885.2583321957463,-2766.5192359184807
47385.05211706522,48010.7736042421,48815.19203092877,49702.42921346285,50548.40655222186,51351.0115670233,52168.256532866515,53026.0983377233,53921.20499873967
12145.791494811745,12071.435203230329,12073.540347527358,12126.24825409303,12199.083728549513,12287.823272113146,12400.840427567737,12540.482227942883,12703.85952678988
27451.256785639067,28205.789033091864,29110.43959958817,30117.200787473146,31162.027910055152,32238.87557740643,33372.335452556836,34572.74032725837,35836.6232944623
5478.759362194766,5499.568147170866,5565.239526803175,5657.5648772237855,5753.963259647725,5849.950868400196,5952.7428611517325,6066.428571971054,6190.451150195679
2044.7643224604474,2204.069598436365,2372.382496627667,2543.5834535963527,2709.433408969464,2868.7447168216386,3024.818515907068,3179.713101121983,3333.975574121039
4367.046203551106,4369.055869811224,4405.653172501675,4460.385833263469,4513.944245433123,4562.999768096455,4611.962055001335,4662.005898281493,4712.85486952149
8704.495856792839,8944.89517087243,9234.693137790895,9551.747245469747,9869.150126106453,10181.214478927952,10493.523890620645,10806.802514741754,11117.482606562324
19614.0882417542,20166.74751905943,20757.958765084488,21354.32599685599,21912.73428489648,22433.585920961854,22939.82387824845,23443.65007844446,23946.41776993913
7633.826276901342,8010.700845627614,8417.396506466037,8833.365583425728,9232.336568773884,9611.781806855528,9982.810261652223,10351.616035684394,10719.245462225352
13451.90346723406,13634.56881090242,13904.574822269053,14230.482542654687,14572.002008766853,14926.58636142673,15310.480112875452,15730.241223197896,16183.82759137495
42874.078638351624,42358.772036242764,42051.09432061468,41865.352654946,41701.748870994204,41544.05790719771,41413.28363939625,41316.63148070142,41241.09576001562
21410.951478761275,21633.197292734923,21962.556450456774,22348.344608884985,22725.741967133014,23092.51689444921,23477.185433621005,23891.84811007896,24334.027192832382
22130.295974763,22601.731198816316,23159.090960350437,23748.40375415188,24300.464937905275,24813.26600431514,25318.776457507043,25831.79109234926,26351.70587576249
2220.0880311863807,2287.01077455471,2340.2984992492084,2377.528283610016,2396.846439561524,2397.32097203881,2379.0037668733917,2341.740802062188,2285.3034276196995
34892.421607410164,35264.5344645375,35746.68798403498,36267.60946072543,36738.44439450633,37159.83924532313,37574.74047804775,38000.86034825801,38434.993171272705
10597.042107842797,10732.328142631426,10931.231670810006,11161.585967245117,11382.436585802914,11593.22420654742,11812.835608267831,12049.221933609075,12301.20137117642
14650.917320115721,14827.85302972495,15067.18364521694,15342.320328040765,15619.47772063169,15896.400943213357,16186.800860891273,16496.61813813982,16824.424291450774
18579.909349523758,19260.46322322158,20039.17989192881,20874.7693952929,21707.66844971139,22524.4071417418,23347.25311697979,24189.640755260345,25049.927352631435
2095.7216040557732,2164.391608494766,2234.0386423597542,2300.3668803404767,2357.709895878462,2405.0831813898794,2444.75596121002,2477.7664235655566,2503.7038291684826
25445.80765055004,25246.110822836294,25196.786064700445,25227.163229989863,25251.04667541085,25267.761600920836,25315.49052187194,25409.378412153856,25546.159371865142
58627.00827027767,58206.63076477688,58117.36961753234,58211.00627042714,58310.612015741695,58412.64348201938,58590.08110088607,58865.88171462657,59225.909855915736
7829.470619272037,7945.042148044816,8101.6920081203825,8277.553798794717,8445.06138407003,8603.18752474608,8763.914629184503,8932.307644010929,9107.728761540155
58039.8544682072,57281.1736558131,56851.70112141564,56604.15280241873,56363.56121436026,56119.509519668376,55936.351829270876,55835.04232744078,55800.75765976384
55479.6660597563,54935.58340204252,54618.01360032341,54409.81454788363,54169.91328091803,53895.773639710744,53645.87164334544,53443.65406182398,53282.1024469255
14807.982374057572,15017.920957855993,15306.022600452774,15630.910015694693,15939.487175109634,16230.963617575992,16530.09756989608,16847.49339186316,17181.461692279503
53031.756544637035,52265.91971206447,51780.105956970794,51473.22402143876,51225.51745091185,51026.2804096995,50915.14290867704,50904.27728868922,50982.11150114141
941.8272577612028,1025.183446056834,1119.6256027535037,1222.499592009298,1330.1156353250544,1439.5095715202963,1548.8862440980545,1656.6440960613952,1762.1575027166123
78705.41580358076,78122.21111245417,77801.74340646957,77604.44272940837,77358.77211317013,77057.31101837657,76769.65766602712,76523.0962844576,76307.55918865299
26762.419939856918,26763.822569899243,26888.20110650883,27069.172991552376,27227.718483155746,27359.638119423234,27496.055426210907,27649.110636043948,27815.749708614992
35877.64779094912,36680.84707544511,37578.131087606416,38503.473827218775,39370.156319638154,40176.696514951334,40964.86451580893,41754.72795349814,42545.357347395504
44915.919093729215,44676.76201916446,44653.33686415895,44757.774429515484,44884.374839257616,45021.0633667642,45201.10295665747,45435.15773736233,45713.839627305344
49867.37776370095,50384.81163325233,51094.597098246115,51883.457600801936,52608.88857347303,53259.171714364464,53887.67166723817,54514.92416335316,55131.93524361109
69602.81256811197,68395.59496739213,67574.22171231097,66953.36116805415,66313.0597992187,65650.73877915565,65059.11084109977,64570.93462560249,64171.54195278587
11500.972093541886,11546.514560042675,11666.965314741166,11825.628570994868,11976.859822287417,12119.698091386455,12274.084848582168,12447.699170389524,12638.406570648533
9458.023741756107,9560.5846027507,9713.997393502965,9898.381318778509,10089.413506076447,10283.591543786293,10487.909744728606,10704.51041972899,10931.474741027514
45115.2512012011,45393.649100163624,45814.54400846016,46291.61182164176,46717.123470373685,47090.34829714095,47463.32644447956,47862.051819417706,48290.10292009146
47898.40894410674,48044.82945684629,48369.49127604415,48777.91013070391,49148.17744459425,49458.854774871594,49730.459363311886,49944.875778259295,50106.730717781844
6341.782824898811,6488.750482364589,6664.1526376487045,6854.455838305761,7042.592990761213,7227.208376835888,7415.148108957326,7609.54725098301,7810.152785275187
3491.258275318324,3716.3725477931275,3961.8756361658216,4219.31342779919,4476.9471120315675,4733.33536310755,4993.463464186889,5260.1694693480895,5533.960363733587
13089.84059325596,13135.266625117843,13233.447780821069,13356.541056597236,13470.168188703849,13572.589125088487,13678.22889375369,13793.563137803185,13917.670270618786
34980.05695036911,35348.83368868662,35897.78439286812,36554.9596412268,37230.86237625949,37917.39698683572,38647.41864822094,39433.9960369432,40272.05717976813
6606.534936356993,7042.567866597571,7497.710357493224,7962.748660543343,8425.406484063114,8884.373968216292,9345.955638247213,9814.969003569342,10294.457568249996
33105.059271696635,32997.19695689329,33011.679998348416,33091.05596711393,33164.15656741924,33228.78960668593,33315.07839698963,33435.120346534975,33585.41647275642
14905.273814962964,15197.629875228127,15562.702560278838,15959.043659767127,16332.24272833498,16682.85363454885,17038.272457910225,17410.670681304156,17799.218561481128
7022.713571568936,7135.102308059482,7260.280018629128,7385.8348980503,7495.83166207796,7590.556583442772,7678.151760584665,7762.239816929073,7842.375449740217
1020.3734959012586,1436.19576055442,1799.4419324921685,2118.68028352397,2408.0042677676406,2667.575050282679,2891.4305479748,3075.8634602331026,3220.9961316646777
9463.281029031763,9843.025403598302,10261.883508071443,10695.222628281002,11110.93253445072,11504.947703166632,11889.25575522312,12270.025463265716,12647.375947538447
8094.108589070453,8228.113271209406,8406.592968789435,8610.827393483936,8817.250514570616,9025.438320742258,9245.813260011504,9481.975555815758,9732.541547047762
98102.9440617388,96601.60477962211,95466.4611226687,94532.44284782499,93601.74450229788,92660.34623499603,91778.69360470801,90980.6355538065,90249.78746470515
31032.216404918898,30535.357144591802,30255.21616089019,30098.173223232832,29952.985854532337,29816.775081327996,29734.30096135779,29720.602961125853,29767.61269098976
9176.518894525341,9349.104491795508,9587.616891361913,9864.734564531984,10145.34349967542,10426.912943763371,10723.34551129141,11040.108083724384,11375.528574988857
5315.531061223836,5443.98504355784,5585.7427436375,5731.3540075407445,5868.17239145348,5995.421441833964,6118.666516820339,6240.740340836082,6361.779576357174
16328.243077241636,16409.389717769154,16548.250715377668,16705.52505499747,16831.803888876882,16927.99551029217,17019.127612840413,17117.05753162321,17222.08733784628
29198.458565560984,28603.328146803615,28187.081696180943,27868.832381986977,27553.32580691895,27238.610742238907,26963.473954172176,26741.400327895604,26566.030922899197
17581.62383374471,17849.831163231167,18158.8670165135,18472.18483258941,18743.75796198663,18975.246146380756,19191.31165438057,19403.236615755883,19610.932534556123
15208.80617038836,15303.835180929735,15479.527070299071,15697.98152101894,15911.382088945917,16118.56741424722,16340.748623853755,16586.645338634735,16854.236727725955
55262.91919508018,54211.12699414813,53492.2192810572,52991.30250677507,52576.142241325535,52229.40918486582,51986.31006624843,51853.94110814257,51815.65432567408
-272.01258507562744,-286.7034563399104,-299.2459241541484,-309.14755139372903,-315.94951269621055,-319.96518525408675,-321.5110241553848,-320.8677088703092,-318.3607377890405
12483.117462304685,12561.587310865469,12745.344071572836,13000.923031393175,13288.336918830062,13601.55748712544,13951.991321853136,14343.541210951184,14773.682950267706
14664.225817217117,14833.80951765917,15070.755791625164,15348.457332017884,15633.175996862366,15922.409477800684,16229.474278002803,16560.153678265353,16913.10410627749
39318.987786421516,39955.29640398467,40761.29188165997,41657.8991872499,42545.42956161446,43419.118915504856,44322.32635735116,45274.92295559838,46274.888110079664
1640.8152994709567,1667.0104165760258,1703.7149851168642,1746.4209620666193,1789.9695109483428,1831.9657932774978,1872.3321753295809,1910.2703585143145,1944.1489523959501
44650.00078950342,44593.56580931139,44844.607079584144,45262.61725822166,45678.10178799877,46090.3496320024,46574.7794900942,47158.60558882754,47832.096540084276
15146.358635472952,15113.245129067285,15146.294603200427,15209.01417838808,15255.096279493857,15284.569918438403,15318.990904931004,15367.548834767515,15428.904871258452
11429.211763635552,11388.26295537671,11410.62519412039,11470.480108314709,11537.036030880183,11607.331057176722,11691.806199461804,11793.998243327715,11911.340688705106
54490.5073255165,53103.589014168894,52018.59300374689,51102.65727862566,50201.814760936584,49311.99609011602,48494.22928412938,47769.48059363275,47127.002553546416
66278.66757853355,66801.97022440471,67585.41716236525,68489.70295233169,69336.59501819662,70123.36305140956,70932.03496832069,71797.75556773886,72714.23106844896
755.8727148278892,797.9288019963859,844.7307445648653,893.8302984656071,943.0827467886625,988.9555195298204,1027.973685879745,1057.7776374046268,1078.052577058006
5960.441494169938,6214.150587980995,6489.803773020559,6777.403598321902,7063.266544411113,7349.240366095183,7642.931842664513,7945.173645410037,8254.389307711252
2867.8870867326727,3050.8821111517213,3237.8847820257715,3422.235992088082,3597.3281691117973,3763.919301055519,3925.454758844101,4082.404776047516,4234.934836627425
2239.0008204446126,2408.82793940364,2594.9233106840657,2790.7865939061517,2987.874884682369,3183.641427700351,3379.916431153646,3577.7365548685543,3777.1331214559823
44262.96972390427,44161.21148087288,44305.689697137605,44578.40854875846,44834.13962882733,45069.247604699856,45345.70996294492,45687.26103767439,46085.9340715227
29922.668889586195,30998.90577212011,32079.983281703742,33105.98546074578,34000.71592242801,34762.67041528634,35430.59732092876,36026.24404603846,36553.79055243879
38425.189068366926,38089.182480813855,38020.124930351274,38114.59283788124,38248.31459670306,38418.68042408728,38677.86544424405,39044.47965267669,39510.58022948792
14481.242904589682,14219.419343375705,14052.95892429637,13934.455590295502,13807.492407845824,13673.318671019066,13557.689975646872,13469.51966547794,13405.513583484355
15265.986558063214,15266.003485863954,15358.79608744284,15508.787422054507,15670.827591076182,15843.218384948992,16044.581635211971,16281.667901754672,16551.229413617384
14496.95689163645,15096.09012858745,15746.562569686908,16422.86731861098,17093.176438090944,17753.700122676226,18416.737878732965,19089.04396261644,19771.40248217386
19360.021344404187,19386.95493829014,19529.60303769128,19733.12392240445,19931.36405850774,20123.313170663914,20337.7795064173,20585.291813632368,20862.242959967185
15668.340644419306,15852.800262349378,16104.129546946457,16391.475519124284,16676.156642616832,16955.04806870129,17242.7440287489,17544.939947774154,17859.261637738404
41219.76217273434,41703.109790111084,42288.77179320771,42914.1457693061,43496.99710744122,44036.035222618695,44570.321925828284,45117.6893248667,45675.8797781995
32719.99620799216,32688.244802477744,32817.119301244304,33040.533864599085,33277.009024226645,33520.79925085157,33802.42840164567,34133.42563584128,34508.83073458301
8290.494985019182,8198.818479872365,8141.673202671698,8102.88695273647,8063.709869280089,8022.34242387947,7985.154246775585,7954.537133401823,7929.386280314271
9486.725416085968,9567.880721714544,9691.78289021149,9832.740736612415,9958.573696864336,10068.253469696867,10175.817101579723,10287.363156635398,10402.290476219248
39990.11213758661,39103.898251855586,38443.44740450956,37909.59372444339,37385.18733236698,36867.48440559452,36403.748559208754,36010.40119612459,35679.31059163197
12972.863655372423,13074.861033676161,13216.139363906634,13368.901170392903,13498.56188114833,13606.219185114482,13709.545957862098,13815.905840705198,13924.382651374366
40980.39635807446,40590.76125695841,40406.86269170848,40336.78497699119,40268.76882799074,40198.73727565088,40172.17672391534,40206.34555669847,40294.57102576825
31846.77015019658,31540.597567041197,31370.09468896632,31277.792905980044,31193.03367470701,31113.792059761265,31069.794394508113,31072.711924169093,31118.573448903295
30514.848701261988,30207.81602834173,30046.99348181373,29965.769799623784,29885.578276349574,29802.68682414434,29747.522429315446,29730.86616057902,29747.595517462818
704.8150013367592,803.2082887840852,903.5510294538084,1004.2597907926305,1103.4929660029197,1200.525359816069,1295.5499964957683,1388.7144893635614,1480.1587616275915
43019.68823124899,43976.290292748316,45065.837600932944,46199.85227713442,47263.984894523215,48254.35813271704,49223.73760171566,50197.074783718956,51173.01566794964
7263.101283636302,7242.1637026921035,7254.88639853379,7282.52966243377,7302.210222438063,7312.550582801322,7322.344248401089,7334.825618112704,7348.641057699934
19768.78850667468,20228.54166321754,20782.448702981375,21391.894910556322,22007.982761644704,22625.972559298,23264.139834156016,23930.07696960046,24621.448976358137
3399.491801505444,3446.9897629610846,3504.6585617404717,3565.118159936553,3620.00219419777,3668.714108853502,3714.426036591293,3758.203157002938,3799.5526397758313
64684.989118930614,64310.641500790916,64238.202155445375,64298.30120886663,64280.62484158967,64189.91896436958,64128.133876921,64137.27948073505,64210.178611514835
4932.423171764274,5176.8761943239715,5446.313398422724,5730.151253587984,6014.3423286648385,6296.500407877754,6581.857504783686,6874.016004725694,7174.3235031386275
1123.3402374444265,1174.4582137730058,1225.7957098477739,1275.9980102622785,1323.4261623712102,1367.9602945249155,1410.7598493779656,1452.907812088674,1495.318241948547
1627.3087618945606,1784.3771042204128,1948.6664781074328,2116.2100687686884,2282.3105954507755,2447.2591366823312,2613.0247143076003,2778.3230669321783,2942.1308341647605
36388.28366410896,35740.06550743918,35319.76460002797,35024.23841480569,34731.15229943295,34437.32569471128,34192.353017771326,34013.871477255605,33894.140788358476
6229.9572183760865,6214.353612524578,6236.238562772607,6277.91783140696,6318.556672550036,6355.69527150756,6395.956145197273,6441.830063673878,6492.363925997323
6164.809131795282,6532.447356696916,6907.209320839867,7275.847558074446,7621.889804963224,7943.300566121896,8247.425125491403,8539.772438789589,8823.257734387586
14827.975381966085,15623.477137868847,16497.392948822948,17408.002752191594,18299.72986892475,19166.416920705487,20029.896303904377,20900.73016264343,21778.789897251816
6968.750622831237,7132.329871202297,7326.057205682179,7533.648926979622,7733.47431682793,7924.029412383231,8114.5547131243975,8309.377992737847,8508.13859606222
71163.71576291489,70345.28367684117,69972.59734559504,69857.12566546755,69774.35254375731,69724.04224582766,69805.0197526235,70052.89467445483,70454.16317207382
4330.842387556543,4405.43025205524,4501.38162323262,4606.485273119951,4705.371030064406,4797.530645937785,4889.87723515874,4985.319272489796,5083.448660461881
30234.4976928861,31215.59656252644,32324.076931378193,33486.9246997561,34609.44379497439,35684.58560152522,36751.65897996373,37828.594070464744,38912.77226335767
2538.8952064156633,2643.742232587935,2755.868323711365,2870.144156370287,2979.5911236226525,3083.9624415445837,3187.002211244754,3291.0689845593465,3396.977071621041
106617.26644015558,103339.26812469568,100804.73372721951,98738.80945891021,96835.01874423033,95056.78093382253,93485.67184685708,92136.28014852316,90969.70654557132
11779.226899990757,12322.99764849616,12964.233138076492,13668.059510747782,14388.29724127601,15118.815271034953,15875.989659697323,16667.145326814796,17491.04848315028
20312.692837897437,20057.791812752203,19924.78503742965,19853.631352417295,19773.906995871264,19684.276846146928,19613.82789212756,19572.553005400005,19555.870646851483
63432.89002944905,63327.879205272526,63498.37660798962,63808.675481316706,64090.900822399795,64339.28391662499,64624.42301842358,64973.89031459549,65377.98479959244
25529.497954775117,25134.855717433893,24865.494833087814,24672.15854171247,24495.78572013412,24332.488007295095,24204.00031459258,24118.012583402917,24070.09311971229
64027.170399515504,64370.52137154711,65007.1880735479,65772.62079817883,66461.28970041328,67068.76739199628,67685.30892224012,68347.49073875658,69045.98644302734
14480.285812325077,15181.59677113318,15947.151979999082,16745.841933858173,17538.113119079368,18317.521224712065,19097.171565319648,19884.15680504273,20679.11183867506
58893.51631637189,58038.31449723474,57521.68855478404,57173.19095956541,56788.410576059694,56369.71430047949,56009.8878153322,55743.19419772744,55558.82355125509
53556.183579178825,52796.86853338768,52350.882127532896,52093.17282018352,51874.79053050634,51687.230095182254,51586.06128495836,51590.37511930863,51688.806209334805
27607.07902588145,27723.03649941434,27976.52928469628,28303.687253151074,28625.47226577231,28938.70520899012,29276.29710656738,29650.635545217596,30058.062606211995
4664.649830462315,4787.630262803732,4922.244362212385,5059.822032374324,5190.040644234024,5311.533058229169,5427.528405365567,5539.096062504573,5645.796776248723
33738.12164164701,33501.752497124005,33536.660147688366,33740.93504182019,33990.475533710975,34280.69501409651,34661.500554781785,35150.00743062394,35737.15883955926
3146.7946878039365,3237.6709672734314,3344.970481879066,3459.687515025661,3569.718038612009,3673.6640506199165,3775.9787735793784,3878.3916464267472,3980.0677813010766
8919.898194982803,9153.680493830116,9395.921507904848,9634.414875547891,9853.131809502132,10052.627880362053,10242.00892143038,10426.56216421795,10607.7117371866
4984.213307196312,5072.590924510339,5178.6589466357045,5293.393306619043,5405.440332660587,5513.543015043318,5621.753502008033,5731.810906419636,5843.190721873554
3405.153965262981,3743.9678617799777,4103.044916591323,4469.092871711125,4824.725099587553,5164.580529622305,5492.229006582116,5810.957428270705,6122.946459738579
17089.863332181165,17123.639503723953,17224.376981667683,17362.17349701845,17500.713774063286,17638.09013674203,17788.7790808915,17958.234730602828,18144.154231894885
13952.403380245694,13716.442326478002,13546.489134563617,13410.566071775916,13270.396417023341,13125.7884210815,12993.40202063332,12879.53466893897,12782.15243751292
8226.381081332762,8291.467478973767,8393.926144720164,8515.850955059539,8635.481720184865,8750.983211097819,8870.298213983086,8996.273446016308,9127.711434274157
7739.3715346829595,7885.884306399711,8051.500650994859,8221.051042544359,8376.529348801136,8518.068347701175,8654.307654394692,8788.333912527723,8919.185665684297
11853.403060375958,12065.759106884627,12316.235790339388,12582.94451318404,12838.204579266749,13080.026413595762,13319.885503184316,13563.029590130109,13808.631568916637
7189.643829624365,7366.079940451124,7576.531774930296,7802.848241321773,8021.576370363907,8231.819136627793,8444.266581096868,8664.11511399959,8891.548608986488
15752.993970487927,16072.398092604706,16464.454712841132,16886.381369427956,17283.183814722495,17652.463016198253,18018.190342105867,18391.018028641916,18769.553891395488
12682.40253315795,12588.027528863207,12584.633238836785,12640.625985005849,12718.559154327877,12814.35107428419,12939.537152741961,13097.320184049844,13283.95420521537
45348.1965550017,44650.400713033334,44259.29471528004,44029.39153591855,43787.5768906432,43528.951714752664,43322.659848116,43191.321825834086,43121.70990777315
3763.172634602947,3826.3884666438566,3910.963689834015,4005.8273901103594,4097.226898601142,4184.880418726934,4275.079008818476,4370.321974687021,4470.174644087905
3726.6733713784724,3948.123664022728,4176.446390336605,4401.207940630904,4608.49250125859,4798.230223103503,4978.109520406842,5152.654769759159,5323.364051413126
31730.828060930948,31475.4419682365,31396.235272532907,31412.797796472332,31427.55190887034,31439.697256579286,31492.028366901195,31600.521288236876,31759.551837014606
2405.3174961372,2599.8837537848085,2825.2104738353887,3074.138999564169,3338.450115495535,3614.359584350241,3901.124979097639,4197.329125463778,4501.575099345961
11331.836987065126,11559.875662926917,11833.98278473227,12127.637747332838,12407.891172659689,12672.714753191045,12935.896450522265,13204.060998032224,13477.232189334829
21833.898585191186,22058.47557762671,22427.760036865257,22895.759271654217,23404.937433214047,23949.56122117738,24549.90582033888,25213.730202244937,25937.250804821764
16699.285052220952,16842.024756726656,17052.601087387844,17299.560650485062,17542.83674309001,17780.875620218005,18031.099188320208,18301.356830229997,18590.701825558022
23483.47647250259,23185.43230495069,23012.248760864022,22898.79258590776,22768.02504707659,22618.796898849356,22484.343319918295,22377.724636437197,22295.614426465363
49619.98235172008,48487.84874544973,47665.17544011228,47016.95334852838,46384.80322708417,45767.25086763034,45231.02171924377,44800.09803419459,44465.05495318284
16366.557077591357,16613.447851377925,16917.73318368204,17249.4809560551,17570.456260813015,17880.040651625302,18195.83738963311,18525.046111845426,18866.448029310122
27098.48729545179,27067.610886547343,27189.734175193433,27394.17430960716,27593.31708194184,27788.60121409533,28024.386071291727,28323.967324576653,28683.48248295877
40654.94656970189,40300.11637550108,40132.78015275262,40068.698941532464,40004.99628874961,39937.84122140386,39908.87070190321,39932.34447162619,40000.94671521239
24319.22813571937,24828.15115203077,25414.53467973276,26044.528450476173,26674.145163783847,27305.546418436217,27964.422348106058,28665.057528965335,29410.34330444008
-976.6037975405757,-902.6640500398773,-825.7289425298362,-743.9259950551781,-655.6317241462224,-563.2875780026263,-469.9124435003478,-377.00294234530395,-285.31073525510584
60221.701989246765,60037.98845499466,60021.58323735505,60066.35769737029,60043.677438194456,59946.491074970945,59825.55235147429,59701.18044885457,59566.34752395496
22709.326329931555,22702.99868939232,22809.21071167423,22978.55240473755,23149.13471301365,23318.43252897984,23512.433159536864,23741.744388176376,24003.52031881307
7911.308469087235,7988.64872774199,8095.1055773313055,8212.702249686861,8319.022664302947,8414.413906504462,8510.184294232811,8611.705771318737,8719.077086425912
50770.475926613595,50227.57923235637,49982.212824146736,49883.78525894158,49751.713577572875,49583.28658418717,49455.02249049745,49394.476050919184,49390.73970708966
2026.2867898082764,2039.388378697304,2051.379610041021,2059.8120051160518,2062.175067165835,2058.429681463241,2049.51997538262,2035.8634579396971,2017.2686516348915
4874.138709529601,5045.985202208423,5239.1802963412765,5444.715370471819,5650.838370222529,5856.4006711962265,6066.201037137344,6282.746770156948,6505.462414045557
32867.492192557234,32418.09200078855,32136.664788537808,31955.538209466216,31793.584823380188,31644.894217035646,31538.077729451175,31482.45531529542,31470.974099004456
17497.218845694802,17912.798575794208,18361.44000455042,18812.15914858411,19224.16877003291,19597.441405532805,19952.95289986961,20301.849271621933,20645.580343943227
8151.457261476162,8187.475761353665,8261.37012132847,8357.532191004497,8456.59939124789,8556.716879808988,8664.808067534652,8783.539367378295,8911.66842805496
14018.321560389908,14211.674519720022,14431.559825831464,14650.937487769466,14838.397091595964,14993.219065257532,15129.093163661933,15250.938005863372,15357.172507577943
28344.823678786594,28498.780613518175,28789.43446762902,29162.16136790185,29548.86193905985,29944.457453844392,30374.723351420285,30849.601783821374,31364.628344131714
39895.94542654768,40222.77680878434,40698.16145203086,41250.24878614073,41791.6646825813,42316.32654522653,42857.5856745591,43428.06421790876,44022.39642532486
20352.558613374702,20599.98528422497,20916.87411627138,21265.41315374147,21598.122487951754,21911.637872014806,22224.734450603653,22545.558453072153,22872.44980701473
36648.43078791639,37192.153633869835,37909.701414784,38707.1986775811,39466.26938203264,40180.92811573833,40901.3576490126,41649.59759215014,42422.43688642185
37682.842722025365,37526.2386336737,37536.92148815927,37632.650623134745,37711.46807085703,37771.967493884615,37858.159763051866,37986.31973079965,38150.11941144521
58993.79944501493,58415.92096684223,58132.26400442392,58019.733548252305,57935.26846399825,57870.531640694,57877.65759643678,57972.24138700629,58140.75515987838
49952.40884211998,49380.79172527247,49016.50411683357,48766.642089355504,48519.657838011255,48269.82046445797,48060.21371388502,47906.70488434284,47801.60917703223
21983.576219340433,22403.42875182695,22920.958787443305,23493.33824056427,24064.799883112395,24633.807318992927,25226.566894002073,25855.736024809925,26521.27787442111
68056.19742100537,68247.60848716371,68682.82652929453,69225.78590277086,69706.01958344597,70115.58716211718,70524.9264326123,70962.67810693663,71419.98044485463
18193.43529669427,18478.558187927556,18834.714595792415,19217.995146650836,19571.998008121234,19896.151782741163,20217.156763463612,20546.85483534269,20884.352365340343
19685.11204033407,19703.714310733896,19794.078420968486,19913.833317276043,20014.59523702394,20095.954780315456,20178.873119430213,20270.294519055966,20367.006073531724
11834.660031862673,12169.484971851556,12576.887535629246,13023.45029123946,13465.125896398675,13898.844263613926,14343.066594525688,14805.945877873735,15286.1207469909
22142.38309908565,21865.507626023817,21707.59288104023,21613.215311471562,21515.512234396298,21413.62529908477,21336.293513861532,21294.292394742297,21283.932971149352
13739.186473103546,13473.993397044884,13326.426821515222,13248.43053929968,13184.438957237167,13131.89639422302,13111.20688664035,13128.049990728177,13177.112963994452
11208.186172500615,11539.52497258533,11911.692591753168,12302.160224659663,12682.473638159307,13049.81128595906,13415.332600280015,13784.560103200169,14157.607564731004
46388.41597117115,46164.63030723539,46126.6510009622,46177.778998780996,46202.65205595997,46198.94353542163,46215.9156607297,46272.044086118585,46360.58566672257
21374.56810711339,21404.823181810392,21566.464795211283,21793.178951885126,22004.708436292218,22203.386681757067,22427.212032767937,22688.19271467797,22980.603467321318
3079.5457324916374,3211.319966371982,3351.2424640015297,3493.135687970973,3628.2010542969206,3755.3411799408586,3878.240904217609,3999.464180441913,4120.032517287874
60791.664098051326,59630.05729515992,58846.52395775433,58281.957178723,57751.31258902741,57237.235388178524,56797.96599014942,56448.77109797391,56170.540075991936
18642.88649261573,18807.304309526702,19046.957056383042,19326.30549019282,19601.572766812493,19868.466139827826,20142.793230588686,20431.31215134649,20732.31804111389
59595.80713908207,59466.2511317266,59578.8263502837,59806.415708258755,59990.141031404564,60128.456232744255,60293.16958938007,60513.422378118565,60781.65423433839
3855.1706069766187,3871.828152078324,3899.5868602628543,3932.1533277389053,3964.252751299156,3994.611692526804,4023.5465493460833,4050.119125442853,4072.9234552658845
24629.587224482082,24474.116818797393,24434.06278095474,24454.67902420152,24468.8951829198,24473.990362442182,24496.526577099405,24545.238044068712,24613.87924516777
3298.785360389894,3401.38528476507,3515.566949324232,3634.2880540363894,3748.636077960833,3857.7798773294917,3965.2782761860626,4072.862667721936,4180.576519297716
17158.2015122026,17277.96691817969,17505.59161550842,17788.498810822497,18059.952890984587,18320.032214506577,18600.300800508005,18913.780129187333,19258.386111341173
2247.7410533696466,2296.916036412996,2356.8915460047047,2422.477974449929,2487.2509772126277,2550.1225619436236,2612.764338091817,2675.891025299272,2739.359771813901
5985.394224262897,6127.573642680173,6291.500198413913,6461.362511887826,6617.286502477059,6759.515523173365,6898.589495123761,7040.086725163151,7185.314123550955
29572.199299060812,29816.658258130374,30162.33219787773,30554.553109027554,30926.4058176996,31274.17116664213,31625.2454498884,31991.304959192064,32369.687243770324
1636.0337350249147,1695.2821669463035,1757.691674749009,1820.2038993525136,1879.5938668363583,1935.1717744257235,1987.721749044046,2037.6502062192646,2085.067473809351
24069.753010482058,23679.294510322903,23416.044462619877,23223.27227279079,23032.93387858582,22843.36248285554,22682.6951728312,22561.305232866147,22475.0191720115
67210.74589087296,65756.04518169542,64705.03810698516,63883.40827518619,63086.81903485259,62308.60491500156,61629.16914558992,61075.52795888789,60632.181616141905
42636.72404922449,42246.70779076403,42074.14214124228,42001.437049731496,41885.8512914776,41727.41258024049,41589.68446668656,41496.38188802715,41440.21205919479
26347.110032639637,25844.713018797705,25538.94214570919,25344.727995869973,25162.230094842478,24988.686049091462,24863.234567234194,24798.01873880746,24784.79840195499
5990.44482794912,6117.4031416184425,6278.061057764361,6452.911667410759,6616.6583792554975,6769.788317206043,6925.339508085964,7088.288003078258,7257.886940834489
9409.68273159657,9264.475225404554,9184.756509251209,9137.376557808717,9082.643470510213,9021.468542432185,8972.094059910185,8940.88851245781,8925.572951622647
9784.193780011063,9842.433019976505,9949.30254603122,10079.65600799855,10202.168803564686,10316.2574115542,10435.955466594656,10567.01005406895,10708.166449816463
4096.67782741896,4223.7152381534925,4372.336142786273,4527.286636231713,4668.063691678616,4794.36883337259,4916.005055648859,5037.049497380507,5156.85239986666
3550.584148828491,3743.712838751593,3942.2320891876193,4137.486045248282,4318.170774190517,4483.278072115748,4638.251024801122,4786.743711003652,4930.02291231456
9932.127569081445,10094.152131929126,10295.5701177998,10513.315830583573,10718.557392115332,10909.966991419675,11100.316702054606,11295.4895630175,11495.195264275559
3262.856437707845,3342.606044038587,3432.5417519895323,3525.9524140504664,3614.163343052119,3697.1691553791557,3779.4208256103225,3863.215134418499,3948.7930939761204
2708.9940172921038,2808.118226115858,2917.54886706965,3032.404685663274,3146.1844966344897,3258.0815552189274,3370.48554322227,3484.5966166313165,3600.403644622439
50895.7878720513,49871.92632487689,49093.65482049753,48461.756678439124,47859.71623253568,47288.65984687663,46805.28931926703,46440.41019622571,46179.5951779696
3708.376946188348,3943.3291537347945,4215.110281991393,4514.206540929397,4827.192798638421,5150.590732010032,5487.327648404799,5838.458815077276,6203.136499562316
26985.755014617396,26617.082195759438,26448.6963138654,26408.208094358575,26407.681602812958,26444.609892094773,26555.08471023596,26751.9424283578,27029.151556878365
8553.932731424115,8735.160774215998,8924.040008134565,9107.183821768902,9267.143772401385,9405.069864942125,9531.432922683307,9651.804399540637,9767.16216941086
3951.9186763092125,4128.070805844462,4320.063434768506,4518.036821746819,4709.244375784981,4892.265571277427,5071.76890643209,5250.520932228248,5431.780845274424
27956.53298009606,27860.258774581773,27898.320943597977,28014.74757169993,28141.000042895565,28273.569556457755,28439.586055513962,28649.2522190577,28898.10669309716
103904.62450110183,101795.65352985678,100236.453794964,98976.15715179518,97726.15765218581,96455.49104822466,95250.18208191582,94132.15607355066,93070.74269097188
25326.66167588463,25882.684071091964,26575.8751260519,27335.027904555292,28068.98731056715,28774.571277251787,29493.064507405343,30243.359674584608,31024.40347777137
13152.039730280901,13274.407303796508,13448.215859904507,13647.920834949224,13841.659524205405,14027.290394326445,14217.39215595868,14417.156535182472,14625.073656857117
7809.3711470896005,7859.836753731133,7947.148380338241,8055.561363843562,8165.741811916004,8275.329596730215,8391.246324272683,8515.947201392864,8648.227021923489
64235.746304184955,64275.787160873,64643.2582974341,65143.18714982558,65533.84465260732,65815.01445932018,66097.0125459989,66422.21405314848,66777.95417424121
10893.707315005138,11104.275245904792,11340.713141038701,11582.541228160613,11803.975628476426,12004.01860821532,12194.152068122788,12379.731932151342,12560.718534303896
7798.898760264316,8053.861095791327,8340.127463348847,8635.330388647115,8910.981118022455,9165.145519696269,9410.105915822858,9652.11019193049,9891.3854110783
27921.390338662208,27146.15134382357,26566.541686501136,26117.165712665086,25725.409786306805,25380.914449845684,25100.608647598157,24886.136033903025,24727.00244665627
37803.39970874133,38286.972891377656,38912.12707766864,39587.40344710239,40195.45912805846,40735.38240098384,41262.94076218368,41803.05415396427,42353.516685926086
32364.60151609049,32551.73540979036,32881.04252421779,33276.72354265381,33642.74460822739,33977.62263267654,34325.42252112964,34705.14747750979,35113.83349677692
98304.45881418553,98628.45789087757,99550.23740809572,100811.73551797718,102092.56545090684,103379.27021028189,104803.99731895706,106416.1381089265,108194.60440254798
45952.86529537445,45495.01742934596,45223.53835937394,45050.97514537659,44870.376972336235,44678.680175584515,44521.04212443952,44415.89580922296,44357.29581628768
2758.1204716242733,2954.9380585836952,3156.399464388533,3356.766334550152,3549.5554611380594,3733.9630501047827,3912.2908291229464,4086.006945882641,4256.152678357002
35696.33873752181,35751.85177105315,35965.83813610058,36259.407274499106,36534.676978184056,36788.93993382685,37064.769261762616,37379.80363443152,37730.066113233406
56345.20612563551,56653.47738772369,57128.996916964934,57646.697891594566,58049.256081636246,58337.63856244912,58588.79821430932,58837.86920880998,59083.26993854238
37814.62078621347,38589.685038265765,39559.83018930629,40627.63266188575,41669.838511745205,42678.709754967465,43705.12029830353,44771.38199616779,45870.217245404194
50778.12536451518,50294.04750072375,50102.66380749551,50075.788648857204,50057.419128659734,50028.08954474433,50026.114504883204,50066.98431207772,50153.16918432296
3688.696368148454,3813.3541714602247,3934.319274773572,4047.404833489066,4147.529273349997,4233.511111255695,4306.60211297125,4366.905340547683,4413.612904364763
2008.8354074094289,1885.326779541758,1789.5079127856552,1713.5735627037136,1648.495443595195,1593.856569875504,1553.3558669710137,1526.7127277834516,1511.8949864416575
11231.184553065783,11514.515894879662,11850.453548907974,12215.304074726293,12578.38447188156,12937.458227010735,13305.463717337107,13688.734053178428,14087.001175313771
14670.883154615323,14853.557569863102,15077.60775442255,15313.228124463672,15522.095477426468,15704.653152540506,15880.459626409924,16059.26406408956,16241.651540191151
27928.90366897848,29173.62295080638,30543.096036452378,31971.47009137466,33383.694094787104,34771.36754452315,36160.55693867114,37562.00677390937,38969.92451498651
9531.542391106354,9540.736835672495,9593.434289023166,9665.032748470947,9724.980528519598,9773.23182281828,9824.034533770495,9883.375400304127,9950.384997350839
11540.210597742109,11906.396095825909,12298.166006214777,12696.014885983948,13074.819318823722,13431.926749343895,13777.385492584946,14116.931691833732,14451.436726737596
6611.625893606313,7107.963565383675,7617.407489986862,8123.141074926983,8604.183007293082,9057.044896868476,9489.805571806599,9908.440779765842,10316.07172322595
61351.196116972525,60959.86456702467,60905.47674730383,61058.10639543253,61259.9281091552,61499.630368390805,61834.87008238752,62285.74271040656,62839.626320230476
19199.082874646825,19133.837751075815,19189.690438917576,19309.132761908015,19422.561776658415,19529.413045834797,19660.575112262755,19827.770049753257,20027.529715729328
12942.697431532024,13481.466728928306,14129.83725788762,14854.387637614349,15610.379983022307,16389.77887481067,17205.12815959049,18059.98377459517,18948.97584113227
13041.622851069369,12960.766483498186,12944.495746636885,12959.642469457953,12965.54616354556,12962.225089764459,12968.241080752587,12990.98492485267,13028.656676850795
22737.46085100178,23392.01155383044,24167.255047723967,25011.545961192733,25858.548901270606,26699.16491093445,27555.263418360155,28435.230755584525,29334.944981580164
6903.121317867563,7082.995996135599,7310.4019468499955,7566.943291645796,7831.784362698128,8101.215454507712,8380.308067732245,8669.414985275913,8965.626668296467
70642.7689632035,70238.15485932466,70239.24051000776,70455.56561561585,70653.99959557084,70828.36398981605,71076.75640077621,71435.76106085905,71891.07415645277
12935.738099762084,13067.831547256686,13247.890052038416,13449.154670999453,13639.337638323152,13816.836121382688,13995.024164750675,14178.50559420478,14364.938302749693
18454.84398954434,18819.731481134266,19234.010890834914,19666.054844293252,20077.770746872156,20469.790482393964,20860.80305406165,21258.37359675463,21661.459272702945
11777.134705695853,12067.051896309396,12403.4917266006,12762.33697285052,13113.455103064016,13455.019443958981,13800.131302224701,14155.530527775496,14521.861357654268
86034.4452565768,84525.76435729384,83446.26383505204,82610.99233597667,81799.02103888933,80998.94199554969,80293.92862041607,79711.89106910097,79234.5342973298
69353.27010014644,69055.14918913138,69133.18500231254,69380.91245733929,69549.17040351925,69643.53478365098,69781.36583213459,70004.4634766474,70298.24462547513
5659.132625205457,6057.57845738201,6501.166879083384,6976.581627956559,7465.81194861965,7963.271014425712,8472.526424275344,8995.588620439066,9532.500012212458
30062.748154417088,30341.22222777886,30718.765941032267,31141.36670713305,31539.790563248658,31912.93802441537,32293.588473547657,32695.936108743474,33117.57343047454
14042.805646220035,14054.84504667712,14136.45760081823,14254.283966873993,14368.192856752123,14474.976757298587,14589.312851230725,14716.983001007262,14856.183301528328
34093.85694785857,33719.23923782884,33531.173404964866,33449.35277700369,33378.273890256605,33313.77164835775,33293.53976462725,33331.35975291822,33421.01061534463
3825.279651656975,3955.132739743734,4091.8825195432455,4225.353927440743,4342.945188659396,4443.7669315068615,4533.262579979379,4613.898742615294,4685.277398563383
10726.052521349164,11138.96225302287,11607.513535710481,12112.023217017946,12625.438133585809,13145.607740005116,13684.333100717386,14247.731470470479,14835.994390343329
38897.13476693253,38601.53176885588,38456.68807716412,38388.433915260764,38306.22516656055,38207.5060568852,38130.73283245776,38091.652245453384,38086.300284692
16250.465075321974,16894.193401770335,17637.050277585648,18438.31043825114,19242.762277715567,20045.642077386197,20869.37116649222,21723.672187211552,22606.47760824773
19111.332172865736,19074.71437963394,19126.28725612736,19221.98190794421,19306.7536477762,19380.655801512323,19469.32557130594,19583.35461171265,19720.64152039956
5812.925379205183,5888.449184258668,5999.5566728505355,6131.7509770441675,6267.383567518979,6404.141114366848,6547.692875313766,6700.378850458926,6861.477459609594
21377.721877970776,21521.155193601957,21758.4468551906,22046.01225230585,22330.536941820654,22607.845061141357,22898.096148845994,23209.463625771255,23539.307715901115
63101.86389828893,62853.520851805035,62872.03875729558,63014.967111910504,63107.77517442737,63145.238106343415,63201.51154573555,63306.12459917762,63450.067393892765
20574.321019316645,20430.235269201286,20390.179459738603,20405.101488956134,20414.883105762325,20418.313837331312,20441.399358600407,20494.272474215973,20573.99877630703
18476.151372517226,18593.55944295889,18834.428053190106,19140.194287684117,19437.759606669042,19726.25663254122,20038.88003271271,20388.966990007495,20773.653733482755
3515.601877586296,3626.1746411549093,3744.8984296072176,3863.726474391405,3971.7798624971433,4068.0825509128704,4157.564419139534,4243.040091844309,4324.52202864289
23021.934500472365,23866.404559297076,24801.090212568648,25786.259697312064,26768.702660053023,27743.15975976245,28730.69124823379,29741.27917641792,30773.694988251427
6609.421970275003,6792.014947179727,7009.008042682257,7245.214805322728,7480.583862309725,7713.539526916053,7952.277877576404,8200.73395015756,8458.82129177064
15779.157404813157,15777.129660689163,15863.091474666648,16000.775091566993,16145.639130138155,16293.09381736811,16457.785375476033,16644.427171123345,16849.05710173895
10802.718981970713,11223.153467500653,11685.597481919654,12173.249893823348,12663.529177290215,13154.516958267159,13655.754816619079,14172.13239840114,14704.360887689865
7560.552127990779,7749.935967219709,7977.112584315854,8226.128802680389,8477.476475678184,8729.606447908063,8990.171246958005,9261.90697067382,9543.541880018423
25807.397619296116,25441.722827047335,25250.04542169231,25158.21879470079,25079.91149838728,25009.975440951504,24979.309447827578,24997.088951896316,25055.894421787965
9008.906423460718,9155.202168802158,9341.594304121963,9552.041936975404,9766.806542821241,9983.951687532548,10210.674411791406,10450.000554043147,10701.157638000883
8602.878829078878,8846.708332562815,9168.54541348549,9547.497550088106,9957.782070487237,10391.181344211567,10850.10756928751,11334.426733947756,11842.33845989526
18725.308715889987,18930.371858899383,19253.56844360856,19632.077247847046,19987.078790967855,20320.015272488876,20669.348020660913,21049.935859851794,21458.58918089506
64208.996840238244,62811.90397693401,61786.33368197231,60973.89777848911,60188.52724123958,59423.12971416961,58749.73888480478,58192.851225831444,57738.48669787518
32615.190209848868,32828.64926559062,33161.888410973435,33552.23697782723,33919.30494473005,34263.965507473134,34625.69887837106,35021.64204497512,35449.66054791273
15831.359572804728,16420.618204431972,17115.194741219813,17869.177168640155,18621.561913602916,19366.538181147225,20127.649801844345,20914.17333438417,21722.648034486258
19835.68163093638,19740.31658798691,19735.294856445318,19767.47369031082,19771.917662655796,19751.122116670867,19737.64336497503,19744.172327228243,19768.369978998555
30840.739996598215,31099.013982816807,31543.749061911843,32075.543970430397,32567.713838775773,33021.88112008976,33499.26914378052,34024.4059583144,34592.38951012486
15126.819015944557,15432.446762752375,15829.59100957123,16278.9868845893,16729.90513683779,17180.55618957264,17653.319504481922,18157.350499773966,18690.528409643215
30388.83354975045,30852.011545247482,31440.039347610298,32075.777612421247,32661.73195763546,33194.21852856307,33716.06781527695,34246.169928472715,34781.94379972075
5390.052405483279,5652.308078756091,5930.33588877606,6212.257638025488,6482.804909840146,6740.077975504364,6990.336770903358,7237.430213684607,7482.404382508321
7411.9303618917875,7726.988696687619,8068.381201472748,8421.121836226548,8766.027288767642,9100.08622897917,9429.674563481629,9758.033462907251,10085.20367317155
20538.241657811057,21252.33710866307,22100.62179746826,23030.429035221026,23974.23488506334,24922.653510149405,25897.413668925743,26906.223040371824,27944.487849470126
53960.14884700507,53396.28307332168,53201.2272933313,53198.10486561042,53173.20527653657,53129.38757630303,53165.056287803716,53316.97676971295,53574.54671459492
6580.8764531798315,6769.678016813663,6984.731404676483,7212.346042160325,7436.148707611258,7653.37757791183,7868.911278067705,8085.092524070177,8301.612138949682
30638.951342091586,30393.0105351302,30306.230255037317,30308.116530225354,30312.344273147042,30315.65058763733,30353.177366423122,30438.31007626425,30566.05216622715
2023.5899044150894,2091.635443176996,2166.7159530645304,2244.3310095803217,2318.757665000765,2389.0707612959723,2457.2742349595255,2524.0557464384797,2588.856379186753
62744.06396067426,62783.42097711921,63163.485423809914,63699.47126486067,64159.353024810516,64547.89268281053,64978.058283641745,65495.36531775947,66091.06714742264
8139.1398450935585,8299.227548911935,8487.883646374736,8684.432529475278,8862.615539972237,9022.052464805623,9175.273978819121,9327.948977121954,9479.668643323199
5391.093456771081,5631.0337349972315,5904.918770107421,6196.639271249066,6484.703706353003,6767.132401812044,7052.894443408014,7346.320563516077,7647.398929906608
21773.96264594905,21722.450066862468,21775.216825892014,21883.355811943744,21986.832059436445,22083.195752663047,22197.20037149606,22338.461024649056,22503.57717101124
44128.041085390985,44105.99294895023,44289.236299714365,44599.64669870239,44942.55266000564,45307.678956052325,45725.62760470267,46206.72051409987,46743.50258106208
716.0916938029555,734.8405423218344,763.1189005781978,797.1510331479548,832.0425592052277,865.2651230869985,896.7316439749558,927.4804424104511,957.76118397371
41162.72155926683,41257.22133238521,41540.4025033471,41922.80196940584,42292.5757719607,42645.575018879405,43029.21274675589,43462.906697175255,43941.132034444905
649.4269153295146,705.1124563749001,771.0281224254217,844.9737641519605,923.9096628947814,1005.9568395273219,1090.722311123606,1177.9987880336382,1267.5162148743163
27047.661920713654,27231.144230583268,27538.864708105684,27907.17917916592,28256.267505621985,28584.33114628344,28927.067497910666,29299.618453621824,29699.428077869106
34191.13479070838,33724.53750907036,33513.975456158514,33446.18993516061,33389.910954791296,33338.01930475246,33341.38453980551,33415.833385494,33549.38577626648
7100.631511276263,7223.108506553439,7386.883023717194,7575.0967567408725,7766.874717459541,7959.743002236433,8160.695349393403,8372.155190344562,8592.480038449845
6970.783766514158,7424.155602608463,7935.504165376688,8487.971159255154,9057.322844818242,9639.771431092893,10244.149406530743,10875.358266920332,11534.226971901697
19400.125992970057,19483.743238842606,19619.039252632832,19771.73342368228,19899.195302871187,20001.801644410727,20100.40606614381,20204.39390115595,20313.235415686297
2321.4837187635844,2420.1907114672636,2521.49312028689,2623.2308982816994,2724.115395021536,2822.987050208443,2918.981376119376,3010.5156485748175,3096.1024087104506
5008.230061174314,5298.587189842394,5610.392966713302,5929.147243939473,6235.094591846904,6526.652403209107,6812.804145427814,7098.678203009146,7387.040216066139
4619.122948911,4698.353147609763,4806.474194646326,4929.974064285029,5051.71389473493,5171.132439830279,5295.852096469082,5429.107765586703,5570.455782650421
5696.938871880673,6055.116978408711,6413.764461434688,6758.8923987353255,7072.95280115886,7355.3710210810395,7615.707451395879,7860.549689067729,8092.9122802009815
16025.057673832809,16193.493228832143,16423.30636736243,16678.183134748037,16913.89287276021,17127.56223393127,17335.368939581662,17542.019578350806,17745.017748135942
2149.2149226615475,2221.3974024830836,2304.691258742991,2392.660399612416,2477.157791471056,2557.3191683491095,2636.3346545571826,2715.5421997775725,2794.6198457278683
8411.120210186189,8624.227943386182,8870.63234240616,9131.487113445339,9383.461839591775,9624.94405939738,9865.767191475445,10111.030486603497,10361.182963096515
33844.77978453839,33557.27605890517,33469.9453590759,33478.52528718316,33455.37835052335,33402.8177909888,33380.628789462025,33411.6453899732,33490.087725555546
40802.89703314262,40425.93078116662,40275.81823421002,40233.12714272332,40152.396791988365,40035.042201431716,39947.88137167889,39916.48229679529,39933.82882169436
11532.542207722436,11595.752184516441,11707.08550102248,11845.485861631358,11984.7050817137,12123.512015484033,12273.022212190846,12438.286484790666,12618.736215222734
25098.922144873475,25380.550199434332,25763.51609386852,26199.366824277462,26627.360277417843,27044.52632156346,27476.83693078639,27935.178305893554,28416.963004402758
5775.145510193392,5841.45954683584,5940.749585395087,6058.603151949666,6176.968962565862,6294.87488432341,6419.785903347192,6554.86859054392,6699.496851627764
32828.79329195936,33762.682663105705,34897.66854339277,36128.90099261054,37317.9078388305,38459.18855732423,39613.87150271141,40806.488615002985,42030.624257665695
3342.138483096195,3464.1404404670984,3597.3112624620912,3733.8739757746084,3864.117040405253,3987.5103625933457,4108.455074065123,4229.500926039796,4351.463495589317
5413.605117409752,5587.911705782852,5795.374756746126,6020.411743823391,6243.354795383207,6462.402634227706,6685.123267717918,6915.004569759532,7151.991107780827
56428.52410605535,55930.72391302354,55629.085293850425,55431.0681873732,55222.173623943054,54998.52137398694,54807.691893342366,54668.221336546645,54573.200036689246
7563.352862460966,7812.815223147244,8058.667751700077,8293.76136674693,8511.945317695665,8713.04225791762,8899.449727690182,9070.85135760154,9225.893984297922
62534.355336587476,62061.61725120164,61825.80041479524,61715.025281298724,61590.301813187456,61449.440566497644,61353.95115038224,61329.14897782496,61368.59222613075
4704.894285985202,5070.419468797269,5482.756632993618,5928.457678610462,6389.69698090313,6862.2421781202975,7350.562316573259,7856.592460974166,8380.474850222543
20367.10236517172,20486.69469825769,20745.36494857367,21083.818610488728,21428.239513667493,21772.56017563818,22142.953661622538,22550.162658982917,22994.315806583832
3233.427426250427,3391.867550253753,3556.0189101814617,3717.2978189878527,3863.6052616023358,3995.1100142732857,4118.805635845255,4238.839059689447,4356.446997873269
51085.77523156551,50470.28180612427,50098.508955565725,49882.16605584365,49716.06371326624,49592.391254019916,49548.86982433754,49600.27367401167,49742.33095723267
18374.889002938507,18708.599035222287,19138.682074773656,19616.32715037424,20079.848479385753,20525.833600400973,20980.162345661458,21454.10898809046,21946.11098673431
10867.819470985267,10976.416642489337,11136.738897921603,11321.139672421594,11495.913818831574,11659.470398611555,11826.087856979779,12001.518891394016,12184.299880512386
5231.49352996998,5267.939615737006,5326.252389044962,5394.417538080016,5457.552631086129,5515.026216262555,5573.327289684262,5635.451429998503,5701.200804685371
4484.313825920294,4602.021672732564,4724.553470621064,4845.198212920182,4956.125059518328,5057.15816248433,5151.992342408344,5242.136112841639,5327.349506240278
11113.878900586076,11492.486200722084,11931.744449827356,12404.476848682792,12875.602927006907,13340.309681939865,13810.129714856414,14289.934104597289,14778.420290342694
6933.3527778513835,7114.353773091395,7326.168824589213,7552.026963754245,7771.44910779207,7982.060638080611,8191.346761780827,8403.278637230449,8617.684436825359
18150.703732947575,18212.73290776633,18351.042636499034,18530.550611025596,18707.324867034728,18880.192187763336,19068.630451595545,19280.985252518072,19515.713373350813
6477.992477749322,6524.926267196213,6616.0669196293875,6735.658499549009,6866.347560840291,7004.537288493995,7153.221449984717,7312.2657315203305,7479.73659937876
19137.45798834593,19024.054472821732,19016.826743516544,19068.3171427923,19121.256045038368,19173.823045710542,19249.749769645114,19358.032495711195,19495.37436984524
1414.437806552042,1517.7929681782775,1634.5520359479876,1759.5321109271426,1885.5069667586624,2011.096965265745,2138.595903594372,2268.975030969615,2401.952007436851
870.2925373885406,980.9179986924705,1114.057012151296,1265.6393795999302,1429.338388310638,1601.8284097219123,1782.7421773800918,1971.472044866238,2166.8604520159997
20950.753987301796,20708.058744857542,20582.857213594965,20516.9616496027,20439.27293411667,20350.244973512883,20282.150171429075,20247.204120835973,20241.662023683253
66755.27453972443,66230.84100447113,65976.44875819879,65869.00070729534,65756.73239681468,65633.85461500318,65562.50066967384,65566.6594891277,65636.9506870485
9498.826989257828,9594.512750444179,9727.516290151949,9880.293028185806,10031.006754492784,10178.430022490767,10331.521920127956,10494.2836338345,10666.172178032044
75649.37290888651,74722.58254446104,74116.54297180976,73678.41742524065,73221.30224210388,72742.41487289694,72322.93850396555,71995.0044139523,71749.1115823796
22136.17965135657,21903.834353847735,21791.313060224777,21744.096822413034,21696.13143860457,21645.80309376103,21620.855629034857,21631.699922807184,21674.496337930643
22320.091213197982,22427.10388615678,22621.207757097687,22838.542845311153,22999.249400203717,23105.182024912494,23196.52969494714,23291.33261454812,23389.243517081657
10458.510608108125,10767.510889860934,11110.63735893421,11467.118555351723,11811.277839821321,12141.974280678849,12470.626677041877,12801.717501162455,13134.311300258869
4516.657820034614,4593.4825567335265,4679.921332521575,4766.350640380398,4840.754987520943,4901.120459999985,4950.742006921789,4990.818832127476,5020.879449370953
40224.000294239755,40012.57424064624,39967.547002305655,40004.39874975019,40019.48015078355,40010.71303070074,40023.221591709145,40075.26912648677,40162.2294241113
2935.8180878194044,2968.4114128255337,3014.4398499297176,3066.3745583527134,3114.5000438428174,3158.356189509424,3202.105421400869,3247.5014590202936,3294.142032163161
1417.0763925651822,1645.4842683266488,1889.7975042275193,2142.8711485909384,2394.011448607228,2637.815368208015,2874.529542046649,3104.321007505673,3326.960384408105
1618.814630013817,1706.3169679617868,1778.7725422796948,1838.5962865853596,1888.5637100495587,1927.967691815596,1956.0043957618304,1972.5310364706352,1977.5467199011705
7999.736592659879,8214.897006906436,8457.778971545344,8713.555083555182,8962.678431432674,9203.887474894731,9445.634670382824,9692.26017056786,9944.06886277708
15330.052263977028,15045.92514872695,14858.53318597544,14724.469469879043,14592.8456890235,14462.810925531157,14355.369457788567,14277.590898892126,14226.193919917381
4835.892539818468,4965.474323613669,5108.349232078814,5253.372703994197,5385.641079932369,5504.686182258326,5617.568395587299,5727.816033534274,5835.620607252231
49865.64611843733,49310.90394016121,49039.497039293725,48889.109547326894,48661.7099790128,48365.25651661544,48096.93223995982,47893.93231647312,47748.371165488206
19765.89368656944,19597.014143682514,19511.105002930482,19467.73409833182,19419.704694288463,19367.224177584656,19331.436897973763,19321.127310390828,19334.49027546148
8215.577666892412,8416.70746676573,8681.683151466625,8982.978195636619,9285.18816027904,9586.713875107884,9903.006185223492,10240.606791378812,10598.603796996082
50082.62179942199,49893.92533074739,49985.98502051037,50238.02047891362,50502.30831297244,50772.37075941861,51107.20490743048,51528.29184103822,52025.73539768562
66911.54282447245,66715.6180705556,66823.88754792605,67079.31688742776,67289.73532702484,67449.74735714366,67641.30922488889,67896.8685086601,68206.56186214165
15642.682109592946,15793.52956583192,16038.580729762783,16340.00965659177,16650.297386107,16966.080271471317,17305.874146972474,17676.940896537817,18076.384158500685
27594.47351079257,27159.993565056633,26897.09717170963,26729.160941568574,26563.936383111937,26391.883318605836,26240.625536313157,26127.42895805437,26057.37963881966
5038.172496533606,5085.160997404919,5152.140353305608,5226.739906740109,5293.193434873303,5349.966850028548,5403.193858650639,5455.92220734731,5507.990683936321
84611.4661306672,83346.96189236351,82374.48124001693,81544.40655810197,80684.35819212934,79789.92813865597,78929.82474219272,78126.35655701355,77365.36048445241
42635.19489414051,42926.68916507238,43386.84760762958,43919.5422792365,44406.98950887455,44845.20097560853,45284.41283540902,45744.421019535876,46219.262487643675
15723.786835597275,15820.772990243822,15996.453443084769,16208.589010764936,16404.941777165022,16584.730175703662,16771.684016089657,16976.174882288604,17197.71028498375
17836.044804344547,17962.250721743407,18144.584919029076,18348.043188242875,18528.18950806172,18685.077466370523,18840.520231074293,19004.87157529181,19178.018535848474
68863.35380818456,67980.65193111582,67458.15088573247,67096.5464250679,66656.23336527086,66140.47052409516,65661.0197455218,65263.81922382797,64938.62747759408
25970.23276438893,25972.307318276125,26066.5140825348,26202.75354376325,26318.917217212947,26412.708796021474,26510.523737302483,26623.558086540892,26749.492375611146
37486.26935257938,38327.44473818893,39304.84644197994,40354.39577026122,41393.540909022835,42415.468336233826,43453.08231940251,44521.217693764374,45616.99498484052
50907.66385856075,50507.25046167877,50322.66785888394,50246.49631920847,50148.013437084315,50021.41641661445,49919.16301266504,49861.69996650103,49841.85021612127
1037.1540009724642,1155.9217140937249,1287.2356079121535,1427.688234654417,1574.5333998616386,1726.4711959275578,1882.3052030953231,2040.9180593609601,2201.8947943482176
15206.195218754234,15405.346247537433,15694.09861048986,16028.973240331126,16353.68061367956,16668.221613630918,16999.65806333819,17359.659731952786,17746.91486345247
37719.78464301765,37979.359829416404,38406.47410123732,38898.75953770062,39327.336291217696,39689.582699468934,40042.94880190991,40411.516192418625,40790.78278202751
19252.719025630067,19296.072314242334,19448.375078101246,19667.473630078777,19902.22733082453,20148.620518463962,20425.732516473963,20741.156001998854,21092.183531164555
22684.264502271442,22879.596624472917,23159.223722473605,23475.028547923826,23765.66485843823,24030.8318934906,24299.454156470383,24583.786578530213,24881.862572853643
3727.2502684288656,3786.9452079751895,3882.7154669262786,4001.782874712236,4128.454386668577,4261.29717809091,4405.845554798659,4563.986775321354,4734.837737446433
12546.880778726392,12612.114701096694,12750.694649836543,12935.129146471203,13132.847322066309,13340.926522470534,13570.530813041982,13824.903224506805,14100.868114761874
73147.86287079933,73397.48960447326,73925.29573287844,74557.47534771777,75075.9367735695,75476.86233522615,75857.56253374624,76257.64845429781,76667.17127225305
11476.159616606345,11605.691140519993,11787.163219563678,11984.976808298805,12154.545826508529,12297.700729860595,12437.599457871762,12583.690978734536,12735.025111253244
2975.14064444548,2960.9433296540537,2950.4469047766997,2934.1980865081005,2901.199733498105,2850.8321641701937,2787.43067669298,2712.817960552587,2626.862693556831
2651.712171353485,2803.2631634016598,2972.272763582189,3151.9669857145336,3333.002184872933,3513.98635120553,3698.4045190038937,3888.320251108777,4084.233628366062
10048.648635319472,10225.037471631482,10455.307611008046,10720.927646714665,10998.532487422523,11285.650596626514,11590.563480611338,11916.734563542374,12263.120960682836
5124.838059925415,5302.088802429332,5506.626934558278,5725.498505639685,5941.804942841026,6154.384789469722,6370.405509307889,6593.264064469997,6822.862064712075
10271.209493255188,10393.58914438227,10564.138948661252,10761.20983241851,10957.075591945239,11150.681580378474,11354.289854816594,11573.343398282,11807.142874318535
8489.98234886917,8538.646196469525,8632.269630856365,8748.030999262404,8857.786569418808,8960.76501734034,9069.36990660122,9188.969014895405,9319.019627591666
47345.01223271655,47475.27464846803,47771.724619231434,48139.827512460484,48463.289846223015,48738.77655473483,49016.21644562837,49314.86458876578,49627.99571688518
22722.53809116417,23148.134277604415,23691.198380576527,24298.62270446677,24902.452514359793,25498.11958849646,26113.039987287808,26758.553156933947,27431.676866632883
24443.059481106528,24521.429397044292,24779.623613469455,25136.41290543963,25488.801630497182,25837.53095620586,26230.977299624556,26687.59885461744,27202.268847057865
3082.4333917226572,3173.620330030401,3274.5105858717466,3380.245030264582,3484.524389130999,3586.7088244957963,3688.892918964687,3791.772370663842,3895.127151900919
11899.87007147283,12176.029235834443,12481.636577855017,12794.337236919835,13085.608100381884,13353.146925783883,13608.421893284658,13856.822745279926,14097.810215253377
121028.15749992867,118647.93538442718,117005.30847433215,115819.40192111817,114769.28827574564,113815.69361371326,113049.38178149045,112494.9266631823,112122.81353518632
23398.04290645256,23333.45258992831,23388.733760863623,23504.685156459487,23607.29125042162,23695.927405364244,23803.78938488397,23944.33241476752,24114.521205428737
15850.152386672378,15722.772462400164,15692.912011664444,15714.361720850638,15731.367322793083,15742.465364239628,15770.894754470986,15825.397035077809,15903.01391781415
66692.7199454814,66276.93442394209,66088.28553649422,65973.28666724646,65747.62843142042,65401.824672279094,65009.04713304289,64598.5013804966,64161.50681259749
3853.3514115070698,3947.404433921192,4050.136596224207,4154.041745533861,4249.504956792274,4335.077360702863,4413.841223027637,4486.929274263684,4553.606923437352
14790.811217087665,14873.746238270995,15003.973244995668,15150.292247725383,15273.432716821517,15372.596410803171,15465.692446111638,15560.797992698812,15657.171173390381
7672.575162037203,7933.10999938227,8254.75304159621,8614.188794117566,8980.509582282006,9351.588838806654,9740.252034598687,10151.923096928867,10585.687616376601
35125.237036445804,36088.10507844264,37219.962904626416,38431.23985752674,39605.03391924067,40734.29773365794,41868.750835439234,43029.705094920355,44212.24598917592
52037.34696183181,51005.81215269851,50234.43844036665,49612.04906500021,49006.387742591476,48413.432809413534,47886.37454617958,47444.44839144944,47078.55544779452
34837.747104517184,34744.67862961608,34864.946411113204,35113.78928868988,35387.59310776438,35681.53040361323,36037.07551458485,36469.60674066386,36972.528919571705
30153.51456028996,30419.940444315467,30807.539100209746,31255.29990630288,31685.968507050486,32096.90166677796,32521.86022791798,32975.0877585841,33453.4767870908
2802.461947813009,2856.3340988149007,2923.690895962291,2997.73023368908,3070.0828320020905,3139.5994107457404,3208.976043008109,3279.27541680577,3350.0854995282866
23575.99808016245,23983.963619351893,24520.6153877293,25139.26605752413,25780.05182330994,26437.741372113273,27135.064005401924,27881.555385787797,28674.365473691312
10094.699660583268,10291.244156259278,10512.02571799026,10739.780889111893,10951.844840205751,11147.805367577988,11338.528522846087,11529.32033556454,11720.468648084123
19801.112982713476,20348.546251918437,21035.634047646752,21813.09632769212,22617.422596731278,23441.163326800863,24306.62195611599,25222.98099759327,26187.196173524335
19316.548333833245,19804.917589456607,20461.811161330945,21233.822319484814,22052.619567594214,22912.33858057761,23839.466884216377,24845.018242732487,25925.969180888667
29773.629471483244,29755.14943864315,29921.271137902353,30192.28215790778,30470.183674434975,30750.639821812303,31073.12893485268,31451.785119960587,31879.635648781426
25609.390971156805,26154.805952916508,26811.03752402764,27536.57600935661,28277.33429799566,29029.862867658976,29817.36588615583,30651.08629680045,31530.855595384495
11328.30381086549,11420.58818564782,11566.71127155855,11737.518060627175,11897.201878845935,12045.086213549805,12196.892703236712,12358.476570356972,12528.19328612604
60244.820681590834,59434.44958563794,58965.71378255115,58656.919799630465,58289.889972458615,57865.170056057716,57479.50413532355,57168.648637779435,56920.90842095913
4244.4630361592135,4349.910116457907,4471.216942442939,4600.099016697537,4725.821717810752,4846.728425367133,4966.303147981431,5086.14098913381,5205.74426586241
70953.26446548551,70357.09328796492,70188.92152525434,70276.29283290761,70411.30502352025,70581.12277834743,70863.07285789166,71283.42525239509,71825.43618470011
33108.34241951775,33712.145066180696,34454.30964178192,35262.69109170782,36045.76671290785,36794.01949346366,37540.053416003226,38296.34370999363,39056.834625015625
19921.44799732427,19611.46906672942,19404.419267193094,19251.409880351468,19094.10383969661,18931.226055277755,18787.240418771842,18671.55154539135,18581.22419257585
38631.02623339741,38250.89930524207,38045.585446911944,37933.635433024174,37815.71912045276,37689.45066165314,37596.77695039376,37553.69495785327,37554.36065004864
32605.05810398863,32361.32228602845,32304.450627822705,32359.231041305382,32433.95464653369,32524.218326214017,32666.467960244463,32874.37751818335,33142.06211490326
1912.2186151861242,2005.636368867502,2108.0656826619697,2215.2235336306608,2320.913627653031,2424.4027680830472,2528.0823921057263,2633.3656433967863,2740.678077206501
6968.945458110617,7066.378634307069,7201.101907531099,7353.933426284121,7501.436688856625,7641.405860872239,7782.3873342137385,7928.181543339819,8078.408109363823
37270.09588559245,37302.40351046036,37513.41473601246,37826.60990437974,38145.80190122016,38468.41964107495,38836.21219017975,39265.9693191494,39752.86073010047
63206.42008398083,63195.08936898056,63450.74054941897,63864.91856941254,64307.34475550835,64766.93934249437,65288.505563652485,65884.98190168676,66542.64511281764
7681.701493597873,7864.283304837179,8096.132268712406,8359.559248119018,8632.198931503388,8911.841656527307,9206.808415187208,9520.817157975187,9853.449151731636
5410.939494837673,5835.984752704015,6306.023284511568,6808.297888922403,7325.317287673467,7853.299657347278,8397.206882010081,8960.15197571511,9543.022827578525
83645.42113819452,82703.73651654336,82081.80363577511,81585.36554651808,80980.43546606645,80259.8360412627,79519.54822430923,78795.60281174161,78074.95388104278
17021.076319248412,17092.900557928402,17253.921567580175,17465.56351912248,17679.230470525516,17892.456871257422,18125.215912810352,18385.533794154453,18670.731425593924
24397.191034475672,24384.18646770754,24501.316362036607,24685.026045624272,24858.634723479234,25018.7100667004,25196.69625083004,25405.84986593793,25642.957683272623
1964.7199566310744,2108.1511724163292,2259.042539046923,2412.62031809907,2564.124967357098,2712.3397562761206,2858.128448465415,3001.849854849005,3143.649445527185
8210.35005840931,8400.575666315961,8619.662855893584,8848.364924457146,9061.161213351883,9257.5120036564,9449.628955522205,9643.579452726162,9839.714136552402
46577.00430236868,46301.1021736599,46289.962678332915,46412.33312528594,46508.76873597558,46567.441553997516,46645.163816774424,46760.04995786147,46899.039868399894
12067.61888102019,12367.49014316699,12710.25685918265,13074.28338158117,13432.703822978841,13782.86548221308,14134.674827026427,14492.549407760234,14855.835301198078
4978.128661010552,5310.541165791158,5684.481984350754,6082.655101223476,6483.477789192034,6879.313955848463,7272.520303657694,7665.435956276192,8059.235996423711
15676.617917124071,16460.00148263398,17346.839802617502,18294.128020730375,19244.41582313369,20191.88300552706,21160.027942698176,22160.796293459804,23194.15625723338
25259.951168502274,25357.470217986505,25585.743726863242,25884.64180776479,26179.786981044937,26467.780293667616,26779.243846132427,27126.23568916891,27504.898332152934
7498.188666634327,7571.538898499394,7684.424824768922,7818.34918888617,7950.058504214434,8078.271422808121,8212.473208373578,8356.590545212119,8509.67305760276
29894.97630882916,29916.710490848673,30132.070843242152,30475.581836180645,30866.640814920265,31300.605206779193,31809.1325878311,32404.31329756983,33081.14686312715
24770.67316685892,24305.7504767217,23976.471429505054,23712.795546929432,23431.355806620126,23131.9781223159,22851.090025406498,22602.268200405277,22381.16836474843
57736.864241373594,57389.29705281872,57404.428381802005,57623.745495302894,57852.535026873775,58085.213213443654,58402.249091171696,58832.10583248205,59361.652636738814
69639.19686028466,68267.05870255223,67349.5166162572,66702.77375523023,66112.80277737866,65569.64231872531,65153.341905616806,64889.4068377175,64759.086569488325
60796.133354251746,59805.07661795687,59111.397513490774,58593.32551866457,58105.16883400992,57637.56474298544,57243.17372363572,56939.38449541198,56714.09113062192
14998.4982551808,15362.315463517885,15790.384956783393,16246.889836988295,16684.811318217406,17102.54579585775,17521.948382709485,17954.30036085419,18399.08175505263
83362.06789145085,82351.26447452368,81733.68548039903,81307.95354494291,80829.56038009045,80295.73696195663,79812.3978262967,79419.98617750741,79104.93616367744
15880.421399590832,16127.603519332062,16467.53812456197,16848.584081949903,17204.14105608127,17534.793428294764,17873.45575798055,18234.10499853989,18615.31835593179
6282.638603426865,6564.506087395611,6851.906735611079,7132.244553676495,7389.650269968944,7623.17202781529,7840.970832624151,8048.358060944042,8247.107669183213
5801.494139918277,6022.726085124416,6240.314389997855,6448.285922452802,6639.280778580034,6813.718299131071,6976.826074386534,7132.406703111033,7282.826237076696
59852.12003775992,59552.64654330032,59512.61715039501,59575.374899516515,59549.226598532194,59423.0565077757,59271.17757728362,59120.74249932177,58960.04702803456
6657.820429625454,6687.101307308415,6768.988167919607,6881.104634460327,6995.1417159,7110.362323177109,7238.856881520907,7384.898455645964,7546.495826939978
12385.936758621421,12474.05351329526,12617.128977859864,12785.978780588059,12943.740335091235,13089.542292986143,13239.947603990046,13401.975520634238,13574.201768897896
82664.49173999653,80465.11829218712,78975.94128870373,77913.37166514614,76948.90545488709,76076.35974734282,75424.54309945401,75029.92069889771,74861.91336569906
25501.599302335562,25612.702243536492,25859.804356309636,26173.34313889922,26466.144624099714,26736.95348671295,27025.152570416467,27347.06192158906,27699.58432211503
4518.1072521947035,4569.0822807558825,4645.872660596148,4738.276174756918,4834.900111290171,4933.10295977531,5034.861187779544,5140.4007817766915,5248.694449330199
3298.9839904834366,3393.4414680290142,3514.336174835971,3652.4942159887473,3795.5248110794073,3942.5937418658227,4098.729335085342,4265.720269174654,4442.351950490802
27336.990508712515,27986.40991169284,28754.115869612,29574.630484613983,30364.14864788501,31117.91360251981,31871.51292963617,32641.038966887576,33424.53778832741
16190.505331353032,16371.39078546112,16659.368625076655,17004.496437382197,17343.218776042002,17674.859370746806,18028.77235994798,18416.953210471856,18837.108895988556
9463.825154682258,9661.747906296916,9895.014365418472,10146.014127684952,10391.603621278056,10630.87224369093,10874.342477507558,11126.968000590668,11388.415932405656
26318.373986763465,26128.36633176911,26105.045193219717,26160.13323344734,26185.839808903234,26184.213036071123,26205.749340608912,26269.39879058826,26370.221808991613
7369.582937293397,7511.602543831852,7719.996293421662,7976.05728781169,8256.536902945054,8557.396991937403,8884.416131021953,9238.755460160228,9617.650602822707
16719.089381377737,16896.49825488466,17081.547735265136,17248.264181241488,17365.39481269063,17434.1697200129,17471.5364186604,17485.611179136977,17477.09206556628
30244.138051006008,29776.65896462898,29488.80120773968,29309.68293347672,29154.9797091839,29021.319135519232,28941.872240983626,28928.415143173977,28975.085106150265
21121.566277724472,21567.947929091086,22097.454333382397,22663.82731641172,23207.67847212757,23727.09799472061,24249.46251126025,24787.757015277337,25341.578373023607
87404.43666199778,85387.38315396174,83912.33585681855,82790.65053967682,81804.97757968651,80929.84324820155,80226.18275783316,79706.82694649919,79344.47769155014
1571.8389896900103,1607.573788867648,1653.804454136154,1705.9293305424096,1758.262644264469,1810.0382176522407,1863.0924158360376,1918.1112308428658,1974.745080681703
8358.029029402596,8423.155620852733,8521.180937610521,8632.071336449388,8731.205332734551,8817.895497370144,8903.088461575482,8991.5682148673,9082.829526432677
5791.833812712122,5965.629507211949,6142.896796375245,6314.3823542320515,6469.733400919715,6608.9554583024355,6737.146897484149,6856.022657788323,6964.926880353775
47244.6335164101,46888.88015748006,46714.439017943,46636.38040733135,46549.786695262854,46451.93022466025,46387.719755572565,46375.339715282724,46409.22501251397
13687.349017261775,13928.968045710653,14249.326153016,14607.905107969416,14952.286276977527,15282.346523824242,15623.491646037492,15986.80096430106,16371.184557807996
7716.245515708845,8262.393900974339,8818.655763305327,9369.754925939154,9895.45442419692,10393.49393206932,10872.969660862682,11340.118753347057,11797.27087183517
9996.621804959681,9995.987946537538,10029.347260920396,10077.90324073489,10117.448865416076,10148.550366551097,10183.347081792377,10227.482482430296,10280.846423327168
31193.7365744223,30393.3190097204,29788.112787162885,29296.452128798366,28823.85970278323,28368.278193577644,27966.305007699146,27628.504708881905,27346.612363484557
49386.64206991913,48164.220621326866,47275.63006691676,46595.92007690651,45982.10517944641,45421.39820520247,44959.11930639221,44609.541015572206,44358.095591967525
13395.417400321012,13875.6139374298,14426.198749136449,15019.258744746923,15617.347505536938,16216.948572360292,16833.09544890524,17472.58737440807,18134.109424158825
10594.50668790657,10601.661259026652,10650.916763666439,10719.145530476526,10777.284824783099,10824.882226520074,10875.035960983649,10933.566235550357,10999.891727925427
98558.69494585854,95966.97957429719,94090.33284252259,92688.14776205832,91493.57937537764,90456.1989741086,89623.2151692059,88992.369031338,88525.73419467492
16981.40647766752,17366.68507454823,17816.829258687798,18292.135201750498,18740.948415042265,19160.73034312469,19574.22041981938,19992.136924788352,20413.770210562718
27148.417596426025,27135.836243191214,27241.297602235285,27404.55054002055,27550.13608170352,27677.352235644837,27820.54082176233,27994.043896406733,28195.076010919016
63299.32423293403,61964.06652984495,60963.208798303735,60162.4455910709,59401.97144502613,58668.92262472549,58017.387049560304,57463.954583196915,56993.062005528365
50431.537528959074,50988.36228440911,51678.44733213879,52397.947536591484,53016.43334966334,53531.28331074531,54002.16225289214,54455.259349230175,54886.87113529272
30050.816673208497,30374.58202283154,30867.556261222813,31458.078900698936,32056.189553019554,32657.268171942713,33298.097915969134,33994.386948729814,34742.64313427041
6215.745688860765,6402.910304888439,6616.840632172828,6846.787428508764,7078.951687728375,7311.739698239499,7550.171621830356,7796.758620328401,8051.58687183871
72339.2299614631,71579.1406818302,71067.98023421319,70671.89724292053,70232.73782535085,69750.8561884288,69296.83927651915,68897.11659176767,68543.03231671201
21855.063060866953,22262.569234968636,22737.12527170912,23227.03440121488,23666.722653961097,24055.969521501356,24426.432409468707,24791.846071231088,25150.854469207505
6895.847779281715,7373.765817023588,7891.520150856239,8427.357417612833,8953.791886987927,9465.860717061532,9972.717921951078,10479.668359310663,10987.924613903253
3869.299146286251,4196.684400375503,4494.579094405242,4763.943341333484,5009.080703538582,5230.03907780177,5425.029239829511,5592.0027473825985,5730.0433630429325
52749.37503411922,52554.63745401965,52628.18661005539,52793.441800968714,52831.76958604549,52751.47214802294,52661.20146361973,52603.58925661241,52571.22718679215
6282.582518832417,6369.990854426494,6500.266961709324,6653.028155332331,6803.382006571268,6949.456384400152,7100.561932986623,7260.16720012645,7426.868955966086
29681.97354389789,29094.04394022151,28711.28962680099,28458.854027791844,28249.093893235302,28075.732142563113,27968.5973443087,27936.0529862644,27969.262693618235
2412.609288131962,2502.9505008659617,2600.45502283775,2699.264441962257,2791.475238539625,2876.270037595538,2956.9577762062627,3035.167625512221,3110.839905914367
1998.815363284999,2077.391777783491,2158.7084488148166,2238.0147342927307,2309.531081615866,2371.959216026668,2426.9194693183713,2475.4657302695837,2517.3696136193494
28808.3868859746,29270.911450919524,29883.937373477187,30586.409930837963,31302.138823020337,32024.210220563873,32780.865411287414,33583.697429791435,34429.28008935123
20975.969097624482,21086.839496666165,21299.35206073591,21559.398952648626,21798.97290009422,22017.7373839071,22247.550874144086,22502.110120938843,22779.55052020212
8762.193305357456,8895.20509305382,9080.385432283452,9301.045947790866,9537.129446584348,9785.528468535456,10052.071350404229,10338.991765178956,10645.15451555052
30872.442024927474,31021.52379599361,31274.564036684336,31582.048946785857,31881.358857624346,32169.437994441792,32472.416069425453,32801.62818863875,33154.62491672608
7396.463987778922,7629.531884244749,7885.04306190166,8148.873626464574,8402.003161647173,8642.992521627886,8879.893531331407,9117.16759309276,9355.550120700898
3706.806048156613,3929.3503753738473,4186.55591897999,4468.043231707206,4757.6903651338625,5054.041011233772,5364.154723377915,5691.529212271701,6036.136061696128
11175.22617398325,11217.575182353909,11339.343755349782,11501.522436480564,11654.98940154588,11799.957714054424,11959.277832276866,12141.861771445623,12345.82842163574
62972.41900844938,62960.9283945845,63074.19984742902,63209.18273918941,63242.76613396917,63173.24003458222,63056.40723247479,62916.6839679498,62751.569041675415
4036.948288129336,4209.25264253824,4399.433368527577,4599.603905071405,4798.502541077696,4992.80935722061,5187.046881619722,5382.431696200887,5576.657391743698
16508.21433498754,17096.54753576716,17774.16268327667,18512.504338090017,19274.334885185202,20054.40059711542,20865.04754001552,21711.50643962643,22591.9590123385
17340.155456246215,17243.485937137393,17248.53726862534,17317.254531853483,17403.48609305973,17504.61203519518,17638.621453562988,17812.4898637165,18023.50871466565
1818.9896218443143,1934.7391756055404,2060.1798405752024,2189.8395781066943,2317.510953551342,2441.534845347299,2563.254019938756,2683.022602331796,2800.4372564216733
9139.916934976443,9206.636780616462,9334.114773391024,9497.263998895194,9665.25350464754,9836.050756625202,10021.685541910812,10226.905418009594,10450.150659848325
34208.71135617234,34088.07260434928,34188.17184753019,34430.32426589555,34720.72143686076,35050.880184750014,35453.4804727342,35940.564967961625,36505.95614423728
21197.073954217867,21339.213532578367,21556.79222863659,21815.12430831411,22071.12527601244,22321.26772540188,22581.757714589326,22859.389461180905,23151.949580310997
17998.88216310947,18467.847636940984,19069.891553226003,19767.985901898504,20515.501342766547,21305.490501823515,22152.37295462554,23061.833081171342,24031.226820496468
32534.5366369211,33128.21625022264,33891.01740021104,34735.94045084522,35550.37654164229,36331.23244556064,37129.75728724923,37968.13698739963,38842.84956752075
1752.9574555464308,1813.2653933168044,1877.9695520952644,1943.6401008584573,2006.0871222655987,2064.3631927837528,2119.6598169147546,2172.5311520290843,2222.747558966803
4758.084598053329,5114.048624487529,5494.216421843223,5890.710208581216,6292.14593134786,6696.99275356841,7110.3835772270895,7536.276740533262,7977.741681252864
19148.1360346949,19026.257491699605,18985.54741110287,18988.327400907834,18991.152641304117,18992.44770506188,19009.297282001913,19047.120640970017,19102.380945033194
7766.264454461945,8062.1275192286685,8397.56886031807,8753.968919818159,9106.869621895032,9454.48392198848,9807.249597515647,10170.235202750611,10543.394371075503
16516.533165804314,17496.000560166012,18546.26243790936,19623.08807099025,20667.70066406927,21674.68205008601,22668.862956932888,23662.41155303168,24655.141061167666
8790.55177995506,8853.888591241437,8957.480590949754,9076.874895199117,9182.150418698026,9272.368009519167,9360.36715919821,9451.205607565298,9543.716797502164
11816.795577363426,12138.423092321122,12524.676537898353,12951.213829521954,13388.40240936828,13831.964898030725,14291.402815285037,14770.82009263744,15269.270536159804
24877.386888538455,25244.165937338035,25729.36247061491,26273.671914519775,26802.618808581967,27312.774491961194,27836.02696601527,28386.192199830843,28960.90615932106
11312.243298504707,11777.622140346471,12301.39949153343,12864.221129879978,13439.615063637366,14026.755244188544,14638.62262393813,15281.707895064834,15956.665280281215
8054.536941321437,8319.69553123067,8599.438408401877,8879.135450810098,9140.194759901362,9380.854605536384,9608.574681739468,9827.131642087414,10036.710367983056
8558.890064344423,8626.049473365112,8719.30400518485,8816.14072214815,8888.88150289668,8938.188938391064,8977.923526216568,9014.462025643275,9047.639171518771
2548.066998027758,2621.9601460839854,2709.379770357707,2803.794328902328,2896.8845781499117,2987.627167055544,3078.952765266058,3172.061838958222,3266.5637299891882
60829.02658411798,60251.17428196285,59876.587387901935,59601.579668556835,59300.718675236225,58969.80948566856,58661.2901255848,58396.70705241343,58170.39021130339
-16594.33268694805,-16198.048639760615,-15874.141697753237,-15593.629507436175,-15323.452647877484,-15063.922553116397,-14830.345904219525,-14629.24890317726,-14459.23760733223
15124.711921399097,15424.060337321342,15789.490459413615,16195.724274255592,16611.057172805093,17031.70270504726,17468.50601148802,17925.42304922634,18400.106008555213
63992.94746884061,63687.89901235857,63583.73173328481,63576.57879857423,63536.61112835655,63460.424838391424,63404.20632242754,63391.33288824262,63415.790505883895
21533.87668213324,21709.963042441672,21987.161354804288,22310.292617963452,22613.188147837576,22891.936906057475,23173.05441101061,23467.20941805675,23771.40290696679
16362.167456225434,16235.584866894971,16193.777902119373,16194.522272345404,16187.189044811039,16171.494341980213,16169.871651837877,16190.767985461884,16231.486986034197
74629.91531527616,73374.41098937635,72489.2465662295,71811.4656177358,71149.90919737748,70496.79445761579,69925.4848646027,69459.8220168093,69083.7005613494
1011.7859813816325,1117.9480802097446,1229.2954472528668,1343.1822550856875,1455.564842185536,1564.5974569361058,1671.1725719078675,1776.466417076325,1881.278808681868
15183.087584063172,15459.539637222779,15794.321487275873,16152.53677095898,16488.9859875833,16802.45853848701,17113.98622174298,17433.43242412061,17760.55198234117
4966.084706659836,5081.892409214343,5220.673009241871,5371.759057067599,5521.388188232193,5668.3284195083725,5817.901600132638,5972.374298460127,6131.1678761822095
14067.41065531219,13971.890782031936,13937.246905631246,13930.71989190178,13912.572065114317,13882.93745493466,13860.25517380422,13852.435602747499,13858.473061766668
8250.562656100486,8446.471947630895,8707.261808975118,9011.94595574868,9334.789717672824,9670.931063068176,10027.003281213036,10405.589759437657,10805.649608167658
2067.309040456725,2146.5564661196318,2233.976195342475,2324.2573075365335,2410.316724199963,2491.568342971771,2571.1323069248087,2650.691443994308,2730.4346078847066
18909.52150737327,19063.475926059924,19323.613318977023,19625.35621515672,19886.025211726643,20109.374648659756,20338.350711428935,20590.467216554254,20863.727229283995
38062.761175962194,37466.6107704218,37071.859959381654,36786.93854336279,36502.444523444035,36213.52399813089,35962.75777876315,35765.70570364581,35615.54917258751
4769.41317930909,5002.814215749264,5256.732233054786,5515.843678102051,5760.9101481334,5989.83506457437,6210.184922217668,6425.955386957551,6637.9402789609985
13386.169178764401,13523.073296169277,13721.199999830988,13936.653421020155,14113.83766338819,14255.350763867913,14390.301188830588,14530.865478687238,14676.091802939647
10092.494632820715,10277.301647615548,10504.64051378115,10745.351251519733,10961.304867394676,11153.50288515162,11341.87491947458,11535.574551890217,11734.67989836947
4922.5073341705765,4995.358174004953,5070.041055255662,5138.63570911375,5193.215039433069,5232.913947156805,5260.336532295866,5276.139319126557,5279.831670520481
18022.56761914191,17934.482549400676,17923.07213291569,17954.61923032087,17988.120881619125,18020.570133268073,18067.03452238812,18132.928152281715,18215.213002644214
-31899.401057448016,-30201.38296860937,-28572.240361307744,-26941.2095749729,-25220.9768380285,-23406.20486905582,-21525.547725264816,-19582.784265309707,-17562.37539924728
19817.259511929,19967.08098714705,20216.992459413166,20528.236623742603,20852.595802976484,21186.50462791357,21548.308960447,21945.014120878594,22373.488468724827
6805.196955982305,6818.105531635939,6857.208947963796,6906.389803086401,6947.956714200273,6979.125473704461,7004.436404710465,7025.0127905595955,7039.236873282132
2043.6845996482746,2146.640208080426,2263.5960298117375,2386.862491325604,2507.4643000573487,2624.320191599093,2741.0970538923575,2859.426293283305,2979.1570130306127
39097.82348131975,39000.60108090573,39035.50613273428,39130.9692462526,39197.23765649498,39234.3190192912,39284.39447897983,39365.64957392559,39475.40604825097
25161.795011910857,25236.690627692322,25504.031534470538,25873.604288180806,26231.322929579077,26579.00465235938,26970.779174133022,27426.794555507957,27941.474754181814
8717.747629630392,8840.237429387927,9001.937782843448,9182.999787701861,9358.081790133763,9525.695514539977,9696.344960136406,9874.48246098509,10059.246444096725
25698.89212238097,26535.84495685814,27490.30910761656,28498.209301640538,29476.70409689611,30413.674648097858,31335.965283374888,32255.108965008814,33167.61170673521
16735.641768824153,17052.3440212999,17430.664007534855,17839.670613537826,18238.71906276126,18626.855738791895,19021.977414437148,19431.089093910516,19852.767359391924
8220.960438540067,8457.0199662119,8721.522275552134,8998.007863614868,9265.403440702192,9521.982518132316,9776.573945756321,10033.803425421707,10294.096447905373
1160.824100570144,1229.418727478736,1299.584876463288,1366.96201646533,1426.3080794298605,1476.3077639214982,1517.8542904893955,1550.7726996311628,1574.032950596885
787.4976691492154,949.63472263451,1127.1151625510774,1315.5323882367074,1510.7063319207525,1708.9007658283351,1907.349466352151,2103.4400721969114,2296.5448490130743
9939.098109558185,10039.299192274113,10219.337990422639,10450.810261356715,10697.371519832539,10952.1270658699,11226.915682853876,11530.038267893235,11861.69034300124
2589.538752987565,2778.6411249053676,2986.1395632587796,3205.247639090976,3426.999558844903,3649.0591343738633,3873.700062933571,4102.3129911772285,4335.167346972098
11164.040788119877,11206.95386025408,11290.708520016107,11396.236501379637,11499.911015724847,11600.223067853236,11706.610164394038,11823.153325626181,11948.95917766863
3044.8713492450324,3190.4225983837914,3350.0373681664064,3516.7612090248786,3681.7831121900263,3842.8859328286794,4001.471391102596,4156.758093326427,4307.551436103914
4427.051163893927,4501.386348837903,4580.9853013936645,4656.8245176233495,4717.857118623104,4763.89911727654,4800.339169597755,4829.6945453934695,4852.028247913772
40834.81438996488,40300.746851221964,39946.73231087372,39676.15217570339,39373.880230470386,39037.277427103465,38714.54659831654,38424.452450075274,38161.33245446038
38466.47587282111,37955.25768797294,37708.73235636912,37632.65732238245,37616.47177722938,37651.43864193833,37775.331113073415,37999.555294465434,38313.69592711962
12902.222686838822,13379.504436376405,13872.12847202934,14356.446393636787,14802.905534599553,15209.937548447004,15591.724792993053,15956.93012435934,16308.193983016077
3480.110984001348,3506.1119974620815,3553.9000753407986,3614.0662116029857,3676.2099889902556,3738.253022138925,3802.6625063772035,3870.538988630441,3941.622062731255
31296.571206199296,31303.869678778654,31421.36463653159,31597.116521198444,31766.620354106493,31927.208921413425,32105.823990805082,32313.303725974674,32546.22797727256
15067.918479406451,14881.26378315011,14769.6124044686,14702.419949208177,14643.802126073646,14590.833922961036,14555.897474686413,14543.16310343274,14549.83745319098
15866.406344135308,16004.311130937316,16191.35366192433,16393.66205579948,16567.513026651646,16714.32044324487,16857.158525998115,17007.0497663849,17163.676242263587
7166.502183647441,7450.6847284272435,7748.603449550806,8047.960977237735,8333.054832339985,8603.25509741993,8866.38489652535,9127.123184938779,9387.101647312897
6499.503118073972,6664.185360357805,6838.6281658275375,7011.142479246966,7168.951641588743,7310.439309768579,7439.199907481615,7555.198220770279,7656.067765567753
8931.09314672352,8947.64560565347,9005.292919682155,9081.101015025526,9146.841479299834,9202.291919338504,9261.202560798065,9327.92049879551,9401.174147414918
1658.670582102977,1801.2418066836321,1947.5271606155907,2094.2497925231773,2237.1287211903214,2375.6067255671446,2511.670800771023,2646.8295187182107,2781.8811477706167
63424.615382166354,62145.66646176306,61263.325976820895,60581.91649880915,59870.38445558828,59129.04340200964,58457.577632513254,57890.91404176548,57414.61893473535
54439.28243729783,54364.36054386739,54450.7304436489,54600.40140918818,54692.36580857845,54728.12669329222,54765.457155370874,54827.88396660007,54910.540552904604
5574.197096877011,5670.744186855554,5785.195117256491,5904.792144200135,6013.263835992662,6110.20337616898,6203.26462444521,6296.087421770122,6388.649528352097
7210.299447472358,7204.297715931811,7259.370669226332,7350.512289950275,7447.921726847599,7550.527896601697,7670.380800331976,7811.631482723657,7972.338888202986
14941.593390465749,14868.682813274043,14878.632054652564,14935.395714674025,14997.346390571756,15062.244336325422,15145.600229954716,15251.993864206408,15377.688051038376
36571.584619284724,36859.325656588764,37280.844456262574,37774.04881978865,38258.605147068694,38730.926974474736,39224.97060238966,39755.20820264675,40318.144798932895
3989.6231237026254,4213.189293498094,4466.576258103079,4739.927503526031,5020.278811459053,5305.059261625059,5598.258641438407,5902.055881909792,6216.742920759205
6593.706025904103,6712.921933853371,6860.393251343426,7022.082908859502,7179.243235985235,7330.129969289709,7482.23546511194,7639.006055700593,7799.8678837886855
18360.485503490345,18679.630912466022,19086.875377906712,19537.688056567684,19974.731263578633,20395.212397590392,20823.756473256297,21270.958183545394,21734.8068426032
13902.713580078791,14201.715338274056,14544.040378154894,14899.796589273268,15230.168720867086,15533.98815300272,15829.347005328375,16124.654967076436,16419.455844974946
18739.67027668793,18546.315571464213,18440.018071088292,18371.771813855816,18283.97063900768,18177.603554073758,18079.165279420577,17998.459924177518,17932.73347881664
11850.626750771818,11748.870486373506,11713.353229071157,11715.499227583767,11722.692891687662,11731.644656590743,11752.660452677059,11788.913483563188,11838.542476583363
5462.254643905897,5736.295974146037,6016.854427081096,6296.406802545166,6563.607686438181,6819.054772969789,7070.3020186973945,7322.298072836121,7577.041476968059
1527.7737004945022,1600.7047756645604,1675.3048681659611,1747.740382941786,1813.1643720540817,1871.0888298162781,1923.7537958529879,1972.6131432289558,2018.2456379337036
8293.301518960832,8510.274046398084,8774.915618693172,9061.578441127936,9336.852803700489,9600.333290298011,9867.473123031865,10143.693359226583,10426.854586893705
45025.46512439933,44873.849660159955,44904.56863824759,45013.446633299995,45075.474460277095,45091.864600832,45120.52025781829,45183.60571566935,45275.26397981728
41299.562497459505,41159.04612307266,41248.20936190522,41466.783495241565,41692.073240209706,41917.949045100235,42193.55096940714,42538.01458374961,42945.127396222364
26559.862115561584,26694.654799357475,26934.352257104634,27232.91215895061,27533.1211594493,27830.99224377764,28149.092176227812,28496.241771093242,28868.564627912805
33006.62508266335,32812.770177201055,32884.62229980419,33103.67244624088,33325.170843254564,33552.39792415646,33853.229338104175,34251.74583503663,34739.863333445675
11844.524699799325,11901.729591754298,12018.283745430765,12159.680496654588,12281.699385663283,12385.39251792739,12492.725025826827,12612.778459216688,12744.187309267263
62332.327788159295,62273.78074715667,62478.54715388705,62792.67268640764,63028.940260360636,63168.59454985801,63274.46216667784,63368.64681232632,63441.472712742354
29057.73190136051,29016.680560626482,29112.65622966899,29280.97997068794,29441.208430844188,29590.60379117477,29763.30298258215,29973.14263870729,30216.249271029694
7269.5402528794875,7365.054432983863,7471.117388435868,7577.1357709151025,7669.531001503972,7747.465310749283,7816.696221625355,7879.932195799858,7936.865717799206
59693.54597106857,59496.06836383015,59617.591569447744,59935.34042093745,60301.33182015566,60701.46192513011,61185.68808238783,61771.26779013577,62446.505231025854
66819.61573054912,64279.671628292024,62373.93984497254,60834.537379898895,59364.654446400804,57953.99014341982,56706.9943833483,55647.237692631716,54742.90994832895
32412.759264756158,32741.38315979981,33169.362204108795,33636.54099086246,34068.11514772406,34463.13762478172,34855.98280819806,35260.68255609131,35674.20027476607
6237.900660440197,6240.980049195005,6262.074357183253,6289.63424143512,6309.163893172033,6320.8281200661595,6331.693943143574,6345.013197342766,6360.75504995011
59926.40454638374,60225.712126245504,60704.95090782247,61253.158111835946,61731.05519659803,62130.78385995045,62508.67000784919,62887.770964212024,63260.704631727254
15111.436379965611,14951.636244374333,14854.641003868352,14788.205687995662,14711.970136406688,14625.99936820445,14548.952254900032,14488.488410882019,14442.870570520394
5511.603572432647,5501.028470810285,5536.152639153453,5598.557165157598,5665.308187494957,5734.551338998904,5814.55835288028,5907.715529515778,6012.292301882196
18675.912202947235,19136.643384523744,19729.78430917091,20402.819814514423,21087.321680194236,21779.16812774236,22507.067456106237,23283.18284216816,24105.205698228754
415.3005993149422,548.6992221684174,688.1520097444494,831.027167926336,973.652058676254,1111.2006611363702,1239.5448146900223,1354.904679590521,1453.7387257902315
23708.110823467992,23883.87128416656,24173.395359188897,24513.118108803577,24822.59085185174,25102.044923191534,25390.07583883135,25703.667935813923,26041.348334677263
28165.609509957692,27844.65674301438,27690.726033789917,27616.72787497065,27516.975551584543,27393.424007526704,27295.336811932433,27241.20881009071,27225.852968802632
14322.156266875276,14238.0684194025,14219.970700867187,14239.10331319006,14260.877788841397,14283.255966714267,14319.59183988379,14375.295091990052,14448.820788058993
15909.769776888988,16142.733128891005,16422.071362320352,16721.28212314269,17006.182382242267,17274.814929017626,17541.700643632965,17813.704227656777,18090.20897108307
19271.742869165053,19002.385254219105,18846.897964323834,18758.459551980668,18681.982584334874,18614.35646775828,18575.99403146469,18573.86427234373,18603.96381768387
6467.489858669301,6763.428529901199,7120.705028917332,7521.408381850348,7942.102621183293,8378.73753560255,8838.575759195342,9324.982142344386,9837.597177726759
18895.911087883775,18562.39257092501,18323.87238018037,18142.932040313237,17976.05410196879,17819.34845380172,17686.998605472632,17583.542889884997,17506.704536899677
10386.696784987393,10544.790170100243,10777.982540027986,11055.42403061592,11337.238763751173,11622.482140511871,11929.326621396582,12265.497721441025,12629.847963727538
20441.94816863324,20468.27242217512,20587.425081628506,20742.167328054784,20860.019578898962,20942.890116378243,21026.759586813077,21126.66856968395,21240.66297014323
8093.3332075643075,8430.566601670058,8804.483587603221,9195.772286619262,9578.986203082652,9952.19753561711,10326.661523545285,10708.34942454708,11097.817199931304
30166.36330165082,30083.543768538268,30169.429768848135,30328.00384869846,30441.05185302817,30511.713994611193,30597.67004022839,30722.144587949362,30881.480583785527
14427.439953136376,14846.092844759774,15334.98129387744,15857.49939859125,16364.962309160179,16854.82362608098,17347.69637179416,17850.76395931224,18357.564570935927
12519.18018867044,12622.246335542846,12812.151975627577,13044.709882767336,13263.743645815228,13470.089859250342,13690.876265702585,13936.689630084462,14205.219118376297
53748.58286014614,53363.31081243789,53176.66737803831,53086.68779961765,52966.25345573726,52814.08929347814,52687.30576488181,52609.302035476074,52574.36228571302
20069.678430167933,20368.395874035803,20750.868574321754,21171.224857681642,21570.413741953453,21946.457515542144,22325.717241210565,22719.601208326912,23126.049889267753
3069.8181368781516,3269.1423409090994,3490.191117530977,3726.5968771466373,3969.7372854713954,4217.528728474715,4472.434146343033,4736.28347651155,5009.7762505019655
17416.723720453105,17416.591948373058,17501.355109934724,17620.287656282668,17710.348521882224,17772.20811069012,17835.76541264443,17913.330697430687,18002.950556393684
28385.998643558334,29598.620864177297,30943.380713541603,32354.628138132524,33742.97632570866,35102.41122391872,36472.16973588481,37870.57728056967,39295.40729668715
15953.235541828673,16101.322474315664,16354.770425951623,16667.7997979652,16982.899451091253,17297.718220884475,17636.64919636786,18009.33067617604,18412.842398468136
4847.620567350278,4940.8985761418435,5049.226943335608,5163.299735223677,5272.064752998836,5375.266127512538,5477.565387028453,5580.210316527902,5682.2991216681485
50307.39805927472,50655.109908487706,51187.12933324588,51773.30809159632,52250.53914029505,52618.034075969146,52951.69971226897,53282.67575673212,53604.727448065096
41478.20896507118,41478.573151278055,41654.27523463433,41911.578925242145,42133.482550551744,42315.70465074875,42506.938594474,42726.69569986702,42969.1350162803
15376.386021862414,15441.88082744942,15585.477740370972,15770.300863461713,15950.563615105955,16125.452490121168,16315.691837560482,16530.028293175867,16766.851385219543
4990.05926222473,5143.077905959044,5296.704642018706,5443.701895618772,5574.520972627219,5689.182572454098,5792.853436614263,5888.202717476349,5975.496370444014
3802.6412202765614,4071.5126767122556,4365.597477661968,4675.279478404696,4987.390430000022,5298.639452072853,5612.39629693253,5930.683918941263,6254.179579164335
1150.4261282977575,1336.1100733278122,1532.7883039194157,1737.910757657826,1948.0480376302446,2161.4774669033163,2378.3567464162597,2598.9440510131753,2823.5234404920434
8181.636738138316,8017.734958644327,7915.755132282971,7849.873468390021,7789.924771074316,7734.618545836496,7695.40656864631,7675.969200512989,7673.902218543567
3111.6610981634885,3211.495669516499,3330.6623562460413,3458.804437461721,3583.0247074991444,3701.7672035398414,3819.696473385991,3939.19195399954,4060.726935414013
1583.9961270403949,1606.3228261350637,1634.3520780510732,1663.2505851343396,1685.9775538637005,1699.7005600122623,1706.1575135223375,1709.0452449465056,1705.544524010173
6377.700315773845,6596.697862989124,6859.879192392728,7148.861914137115,7438.773829975437,7727.737835829415,8026.2046531000315,8338.95951703179,8665.31905715419
40264.29319878925,40748.265357707016,41395.29287429414,42113.20789624687,42783.72268004302,43405.035143034256,44032.53306624496,44690.621748042344,45375.80087343547
6013.922607829748,6119.817253380985,6240.202639074649,6362.957052697886,6472.957034752586,6569.446280173687,6658.948888252586,6744.140333727707,6824.383684400199
5078.279357138843,5176.757172972211,5292.479776884436,5413.429766820804,5524.373390311139,5624.156240626844,5718.944813961142,5811.407647320822,5901.074652472482
15147.31987358774,15322.131695749751,15619.053397344844,15988.500748657789,16367.895605363363,16753.46394093607,17170.20496414381,17627.55711002937,18122.032396996576
8038.562988816313,8219.695014448072,8435.628030339645,8669.05549708376,8897.556468971909,9118.829001871398,9341.566706494174,9570.038498636948,9804.169158467625
3989.4949149052577,4107.815762677907,4228.930568376397,4346.23860706713,4453.077031689138,4547.503722723346,4630.238344446086,4700.717126847869,4757.83069147518
3668.9554146221453,3815.3602219782542,3979.7477090023117,4154.308201449971,4330.191826585902,4505.5897439717755,4682.153088032224,4860.224264080586,5039.561828738145
32657.222335506674,33898.3618185756,35301.86535973316,36792.42125610029,38270.37568987499,39725.77291281215,41197.266588591265,42701.681093182684,44234.30689570548
64128.08286317438,64355.47443780793,64744.46044469084,65167.15061917802,65463.645128004704,65629.18474112914,65734.41348476872,65810.51749847802,65853.46952605965
3775.859963579799,3888.0088394868003,4008.812218350669,4130.373651184314,4242.249904416233,4344.430995791024,4442.40921322249,4539.148459411236,4635.259200629618
32862.72850112016,33635.86471418455,34548.56523678533,35525.69328320198,36469.77707712612,37373.1838570591,38274.849936536455,39191.497830375025,40119.025078411956
64757.76147473999,63110.30474568076,61888.832777695476,60913.413438291536,59975.6116274797,59070.10912811336,58279.32267000763,57630.89922422303,57109.96022198364
90167.06703055567,88072.09185809476,86671.03464191101,85673.01436633093,84739.75550828167,83859.99225285699,83164.1418660393,82691.26686502693,82410.37426870865
1530.0636054273295,1655.0315285262884,1778.5147205374897,1898.6485367726705,2012.9832318249737,2120.4278756938993,2221.197613763908,2315.2899480489377,2402.401663176536
24619.960231932026,24586.88180672312,24700.30641950847,24883.203414721436,25042.236569776713,25174.01408925425,25317.051899958573,25486.016911102954,25676.18033054742
5492.749441601481,5634.237462803586,5802.220677209596,5981.169780040952,6150.347379477371,6308.6403732191275,6465.1121448268605,6623.8138571366435,6784.223544408269
-16161.81094340918,-15838.685762746894,-15601.621483737892,-15422.642980250865,-15267.500648724208,-15140.62378790498,-15063.875202698091,-15049.076625721626,-15099.269149048476
4137.888419887801,4185.949693766226,4246.698941346034,4312.375210398916,4374.553059581049,4431.685966804253,4485.59039943131,4536.211821509165,4582.412130565295
9268.161561988147,9323.33280456685,9435.752310477386,9581.587463516733,9731.557476215166,9884.07911772425,10051.109233897138,10237.698261937394,10442.89962697697
16603.784269999367,16847.257423666666,17174.365829846553,17545.095693999396,17908.862397478966,18262.5532171813,18626.979741928113,19011.166959804414,19413.44054700612
21252.210978979874,21576.903947722334,21996.737278944922,22465.069116485785,22922.177974907027,23365.71778994513,23822.10855298371,24302.990954632056,24806.81075813024
9708.224181020443,9823.97114263173,10001.053065445492,10208.59065566882,10407.728087738491,10597.692958340327,10795.981241738744,11009.671345591296,11237.412322830405
6149.62830697163,6404.208581677036,6677.9172375913995,6959.204899946428,7232.890247179435,7498.216882192662,7762.776359099724,8031.1710551547485,8304.96498111059
24853.126775374254,24993.126279370612,25256.765550283264,25591.17039703789,25931.658909705773,26271.664540894235,26633.172582809973,27024.323391903534,27440.951897080096
19336.82126323968,19460.247123224493,19664.166277355354,19898.968000283145,20102.84662888192,20276.272873772188,20448.587427584025,20631.271122128015,20821.795346308652
2434.570659107126,2485.1164405830405,2558.7973352686417,2648.2628452111985,2745.1850236460873,2846.8337422390177,2953.603234079554,3064.993058490929,3180.0381760692107
6689.609321255185,6908.2420778246515,7152.089625913915,7409.484412036718,7664.835095715601,7917.307838438796,8173.914645685439,8437.585443008316,8707.581654457392
77600.75024868091,76144.36390774799,75122.54893294648,74320.85662283012,73482.76962935728,72608.75352851329,71811.30038445326,71131.23728835036,70553.31575338048
15948.585121523016,16101.874448312892,16373.423155767181,16707.78204885533,17036.401462023572,17359.790259242945,17710.00659067282,18098.38814861005,18521.04416737391
2273.4966190749856,2377.403807852957,2491.5904733796506,2610.3086730783334,2725.8170099817585,2836.3496011780812,2943.9401638351305,3049.7395564732974,3153.836041416094
30405.101693311288,30539.926292244305,30840.806072557585,31231.844796986177,31617.19907259104,31995.87882472356,32411.94584181671,32883.85959393457,33408.13431287905
11768.470271500744,11962.993680299809,12173.12970998235,12383.180258348717,12573.777452999806,12744.80583189287,12905.630803338452,13060.262966378674,13208.231362504594
11965.536237022201,12053.601894456733,12216.160133798161,12418.444194583,12616.680196809311,12810.086107832836,13018.129018662721,13248.542264630712,13499.777122574598
62321.690895922606,62004.14242884506,61972.141071971746,62093.44660041027,62213.79920520024,62329.22784005332,62503.28686753397,62759.27484678625,63087.761541859414
3020.082544911501,3076.0706471713656,3139.8665775639815,3204.7799960854077,3262.211617591296,3311.978433680816,3358.4149268920883,3403.8357622424082,3448.529371740274
11768.267727016568,12231.446604370649,12725.390711463488,13223.328353031397,13690.327324025233,14124.045891668035,14540.250193203046,14947.545061882971,15346.86450834439
6077.517765170101,6312.035171816419,6568.885209100033,6834.497776061392,7092.435189102223,7340.457420456311,7584.803503112893,7829.298124712363,8075.1690214408
26637.072960784524,27266.99623711388,28021.7035043727,28835.26419534861,29622.056486368485,30378.977381268785,31144.32512652847,31934.762563958873,32747.974434708423
31429.249322616564,31122.420728165824,31009.32456527259,31002.266272489553,30996.028361222143,30986.92689389465,31017.194935673346,31101.921041878548,31234.145417658598
19587.618459106703,19179.90037891645,18867.932936553774,18615.611395103282,18376.904328960856,18147.89753127926,17945.407623187235,17775.63798304165,17634.816410152675
12063.628594234073,12094.478629770085,12182.596721847407,12301.234341487456,12420.073114276604,12535.67823538387,12657.322927295558,12787.326336046926,12922.679731004753
5254.64425514765,5410.452136792734,5587.25360199188,5771.234128409772,5944.486349018085,6105.747978104078,6262.695655446227,6419.086805211125,6574.877234858003
53831.85094682725,53994.89208540854,54383.31749753626,54855.150918510684,55230.96750625066,55511.51897158393,55781.63190264407,56075.949188709805,56387.41095218955
21337.99260161339,20948.164716324325,20683.993111163098,20496.613480051124,20328.727768773708,20176.120247600673,20058.704699624468,19982.936404873646,19944.045853545693
27511.931845235744,27534.868995308163,27652.99311855483,27808.37047945043,27929.465587643535,28014.149599745466,28093.3007585805,28179.907217020536,28271.148036998242
2292.933961773791,2370.347773513788,2456.7105082189014,2546.29314850933,2631.7009463352115,2712.162907245583,2790.709763231682,2868.8162230709954,2946.3857136030233
32322.187486202332,32400.463195428067,32613.295043124293,32903.58448210135,33199.94985122582,33496.691079489836,33820.35971743354,34181.436109495,34575.876929541424
1591.5683764126597,1597.198220048677,1607.1443116918101,1617.7548448778837,1625.3429636537883,1629.3677109308544,1631.2226791085138,1631.6670935211687,1630.9460742014703
8682.399001379852,8820.04750007339,9017.105391363113,9243.71938945438,9461.8539981785,9669.420510708154,9888.988040513848,10126.960065893549,10378.817485509368
5793.324875051247,5880.619314803506,6008.9866768711145,6164.454073884692,6329.936149313623,6502.9331229466625,6688.490349722431,6888.487416517929,7102.124408154798
7888.33429992365,8280.338291856231,8707.226172363069,9152.947999543565,9596.235193357887,10034.180259486784,10474.703618855036,10922.316028797304,11378.018886682657
29190.104731318574,29382.011669491076,29665.870115830712,29991.65847601048,30296.478830552453,30578.05414648651,30864.055620423067,31166.993909308847,31485.265182208666
29376.85229431875,28832.443594286608,28449.217468586045,28155.952606595165,27869.48179607145,27587.275711621343,27342.368128912738,27146.05476375072,26992.374723277597
32044.2157321079,32309.009773070356,32727.469672080304,33232.90689390796,33740.72010913819,34246.283891785846,34784.072947065055,35367.87949557589,35992.956395738816
8808.002307771554,8924.078563015946,9063.88848406844,9210.07223312898,9341.82777433313,9459.559963564738,9573.210137901133,9686.033611171417,9796.97312063515
8143.242851372935,8291.5869902813,8464.265116600684,8646.026721366334,8817.472532939539,8977.56827238872,9134.822615320627,9293.475583999812,9453.605311852189
2836.75139616838,3060.0703996582006,3287.3220994840417,3514.6561731860907,3736.0306792846127,3950.9293661921574,4162.74604454375,4374.632299325998,4588.521149189004
35232.45716117459,34392.613848560875,33809.909003888424,33366.04518894445,32922.10082168943,32478.528649170566,32094.85845263846,31791.22589776528,31558.2812234382
20182.963764728192,20355.07862788141,20645.148781990672,21000.36087484921,21353.27539674313,21703.206177756427,22081.1714019843,22499.764003937198,22955.909275015096
33884.65746662863,34426.98672355982,35090.4239177904,35795.60747143852,36438.98102409619,37021.84671315613,37597.09698278608,38189.32325290405,38798.02679990731
1964.687826855952,1983.9071143301546,2011.7582789480493,2042.3508297775159,2068.431030933499,2089.668364146799,2109.1602510080024,2128.231812933382,2146.644321223336
9955.889968989952,10223.378520578504,10543.075883855465,10892.902631447661,11243.330867043507,11592.395925244775,11952.655244274381,12329.840442939785,12723.311350469132
95463.3851858335,94119.68180618083,93171.57701393393,92416.29261777288,91613.40794511055,90762.25139676315,89968.67221699162,89272.84920485974,88661.74583130602
7297.2272262832485,7429.220191410816,7586.771481924599,7753.917807162159,7909.791429392574,8053.729387999948,8195.268309121404,8338.739969099264,8483.701069356432
1663.1299290379804,1667.621756747779,1682.5281168469055,1702.0609763356438,1719.0205313966874,1732.4855286081659,1745.1740940881234,1758.2261200282587,1770.4531557543028
10886.459683942654,10956.198438169087,11084.861333511739,11249.702722257869,11424.60858512099,11606.009129158874,11801.465788365113,12013.354739261902,12239.75681170181
16373.717672983237,16715.203661079086,17146.300921534366,17629.266119835498,18115.463369212368,18602.659862768818,19112.3139886194,19654.429801169736,20228.776929426127
14468.295545994208,14637.117239790086,14871.08440292772,15142.709681240796,15417.721887230457,15693.469179981548,15983.061484854505,16291.512924213917,16616.57045864547
9638.953109332817,9716.9613753852,9840.973812881448,9991.500733200588,10144.56687495486,10298.479418731866,10462.611748461519,10640.929231206848,10832.502524219157
2218.617543068926,2310.2740125676823,2407.8111917993733,2503.995108500775,2589.604955656237,2664.6246778969385,2733.9601836480724,2800.2413983902343,2864.200584380925
7408.051655283766,7670.07253501696,7951.389213598937,8235.01059807385,8497.810055429014,8739.286488644986,8970.774440367528,9198.15923302353,9422.097418488233
26003.677613169533,26506.604813602553,27114.28635645364,27786.708816607734,28472.254382830775,29166.656746775865,29890.10492811444,30651.421568309182,31448.549740688257
11150.66029938332,11400.563341786405,11707.137235880691,12046.326423514256,12387.60933537575,12727.727451801722,13077.968734560207,13443.428111267853,13823.31670902
66230.26754053433,65004.092844657134,64116.070335298784,63414.330167228974,62716.85131823647,62019.17090144855,61397.012191811344,60878.47728701247,60450.87727931307
9445.475516757893,9569.00529481199,9732.506996576132,9919.40620039217,10108.78072898057,10298.479699631815,10495.926598889377,10703.95777186602,10921.319328387392
39201.94960083487,39054.28660719265,39172.1471870648,39434.34640796167,39691.852932850576,39943.17259291285,40254.018789143425,40649.06180407934,41120.28591920265
3725.2267228397213,3923.324722892235,4136.105116958449,4353.314964855084,4561.175812944441,4759.305287715759,4954.712232835049,5151.096742255226,5349.091194004996
15520.936803636732,15571.561524584904,15707.575902173197,15891.95631805443,16078.811718273026,16266.188079733283,16473.276380681462,16707.916718730296,16968.096747463394
1857.2018404056234,1970.1036859738897,2084.140434700943,2197.756405414627,2309.673457646508,2419.4657996024803,2527.6096254615136,2634.388078133471,2740.510869992646
28807.687113928034,28775.891870809475,28930.892381980142,29185.287183993965,29432.972896915875,29673.722990872524,29955.219436043484,30295.056982547565,30687.513487639168
35391.54010610662,34969.29285512552,34689.98168018426,34481.55661261228,34255.47272253285,34011.16195247313,33788.152324424525,33602.40890812684,33449.93565835007
7184.354188383823,7369.842073881598,7555.579027086579,7727.861645456814,7870.3248493447045,7983.756242045049,8077.440911721226,8155.7395314975965,8219.080269165648
18280.77963942006,18222.490419130998,18262.08253284415,18350.515986257287,18429.04345860004,18494.60164725312,18570.782505765594,18665.216829632835,18772.76342993814
11752.168121452478,12039.325798373364,12417.317388923506,12857.994828644258,13325.313691568606,13815.81890790844,14343.120653623553,14913.02663336436,15524.109927626207
10531.152158034836,10966.162319276298,11403.363475143447,11829.797982248363,12233.885367603474,12613.100965756335,12969.07824084229,13299.93629305595,13602.125331918982
79405.14173401467,80298.61759195804,81433.99955480825,82636.22367964753,83705.63504891627,84653.85002883265,85585.39259519122,86536.84240907303,87498.29522103324
5136.481597191166,5318.644689263406,5490.7758346610535,5649.025260979113,5790.638948689438,5916.308184663059,6027.897775570099,6125.267986689191,6207.766261489283
4033.7944747625847,4147.950709815265,4289.164799530297,4449.116913752698,4616.347642981395,4789.260762626442,4971.753265905182,5165.411532158705,5369.557177089271
3241.8722276272747,3316.1000241370734,3409.7251789682045,3514.069465133091,3617.9638632117817,3720.6306957883658,3826.577286634332,3937.159458319718,4051.471211549412
8639.610739467915,8728.433043273013,8859.806184717014,9010.465811452072,9150.292186335313,9279.14398447807,9411.47676347517,9553.5887308706,9704.741637002042
50900.71778756306,50292.01953302654,49981.11754462936,49847.98737087666,49748.05893486597,49673.99153306197,49681.16984729752,49788.828751594185,49985.86794311595
33366.912223508094,33712.874685831805,34210.172904845735,34788.38372962351,35357.84911663567,35915.23293676403,36499.662470457246,37127.89115615356,37796.53793050683
8623.396087169285,8693.75299206878,8815.479958909531,8970.886861877148,9138.303971389274,9315.47958826751,9509.901301150448,9724.456073159985,9957.816309380009
5839.490915444591,6013.170099683594,6212.7710605751845,6424.759862646895,6631.188216144835,6831.741125053998,7035.12339974062,7245.536419792894,7463.009096155261
19854.517423853118,19961.210510081,20140.150553323376,20357.54524455754,20571.33619126546,20779.466891471628,20999.62145413568,21239.665532975327,21498.36642670745
5412.401708699525,5667.416950398482,5953.6251127191645,6256.0087339218635,6554.850808834437,6847.541840842824,7141.288326437414,7439.744602874024,7743.237952532797
1300.0124658686761,1427.0585247765657,1546.6426955201339,1659.5616940189748,1766.5871694620757,1868.5778136235501,1966.8719654966249,2061.6048692114846,2152.9788254626337
36466.48159775284,36377.0604079061,36438.00658583978,36567.016500238424,36663.31297441106,36727.03364296931,36804.65266184253,36914.90450756064,37053.72583325557
4070.9970524674004,4234.965940094344,4426.244566293954,4631.740833899964,4833.838357334427,5031.138059547355,5230.915331763038,5436.894228057697,5649.6392218038045
8137.997518017603,8361.82913099541,8618.767082859076,8892.492583706276,9162.270864377957,9424.638989509702,9685.83869404376,9948.863661799254,10215.284175086535
6058.6818889262995,6159.550144842102,6296.391526958744,6449.3308289166725,6593.328567656888,6728.338014410366,6866.091319080415,7011.040665959393,7162.0977838710005
8102.590312487069,8252.763554667623,8426.407525109647,8608.435015663485,8780.045015566213,8939.663398453491,9094.794245351846,9248.929620977193,9401.749836406123
61323.24639172626,60647.489759748576,60316.79700214076,60172.69712978771,60023.42552813884,59863.0570318235,59770.33302465998,59774.05129972075,59861.70449100942
11718.490684012742,11897.659990316444,12110.011250545092,12332.657389309015,12538.770442269968,12726.407127003007,12906.861746291937,13085.95372487568,13264.059968565598
5764.406968977041,5925.458057433205,6123.919931678412,6339.709784290391,6547.144328334758,6745.02424255621,6944.546525782967,7150.2517699039945,7361.14641168238
56452.57327357622,55890.38620691456,55633.66598454062,55551.97206670541,55490.19252357742,55439.06590353202,55456.88449868445,55564.645149546246,55751.681909149986
6155.279106555889,6451.765289508521,6778.9299274183495,7124.235912960545,7471.654909154316,7817.860456549537,8167.500795636714,8523.585950770272,8887.246755939814
15133.843295012746,15448.414554606268,15839.028546924408,16264.25988196356,16670.22539472657,17056.27018269341,17447.959782729024,17856.640890706993,18281.32328353842
787.5453946701728,868.1326674488596,942.587274421078,1012.1062062994008,1078.690756524613,1141.1520043184266,1198.4800283853397,1250.2526854106559,1296.1316556051643
35629.83565826076,35748.49667037465,35981.52031854738,36274.12609808562,36558.0318083312,36830.912156117716,37122.02766811015,37443.34564573715,37791.45310991454
28049.925317396177,28125.79693566764,28298.6756651829,28512.983355179986,28701.898724206872,28865.25685993225,29033.665320896078,29218.884548327547,29417.568127457842
80441.27162382791,78693.68750776014,77391.77106457042,76309.04829968647,75182.0871839972,74001.70075953782,72869.42691258887,71817.84285942909,70828.50998408331
4108.532570029721,4129.797586791569,4172.658874972495,4227.251869631943,4281.317670708167,4334.211119114937,4390.825255137476,4453.0293368367975,4520.124359282866
18235.90062480972,18870.564611942507,19558.189471188998,20255.84125620316,20910.494465640855,21516.568547835344,22094.207805588598,22653.87143120112,23195.62022771444
38720.812427999896,38370.629072657655,38271.24067837007,38314.647011903486,38370.194725929396,38435.12669046941,38564.89040284676,38780.15276746296,39073.46529219257
9577.449377941657,9891.39761297756,10265.828789624496,10677.168180303273,11094.294576530723,11514.923245949272,11952.119366267152,12411.887926156105,12893.844415130414
2047.1990519776987,2208.484971436727,2345.0508215437844,2457.405664213615,2548.3452807240033,2617.8587291580106,2664.6572653756643,2687.522007706534,2686.1501136870825
4308.605169581388,4434.646629426124,4591.578054425429,4763.081690213181,4928.550933933963,5086.671337778029,5245.818180083394,5409.318819314613,5576.3255238347065
6460.717768857633,6567.050716226572,6694.223562399732,6830.154990361112,6960.199991378507,7083.442266178234,7205.8595203601735,7330.109644950374,7456.011172186847
9458.618919591512,9767.902227752358,10129.31654576137,10522.042051173663,10918.15350212067,11314.952290663507,11723.350780973997,12147.955694323393,12587.518874473626
15427.07730149532,16060.63842091499,16815.980314421773,17653.423747597735,18518.80810477236,19407.13173747675,20340.28629381653,21327.34358225601,22365.490377936698
15195.348198582682,15107.612945125693,15098.499038655586,15135.02861004663,15177.906644633716,15223.754639291612,15286.049266110851,15369.04677848607,15469.177206332513
29478.828503467164,29173.030268428756,29040.78282958413,29015.092082953055,29015.06442218424,29033.390549427993,29096.800244038433,29213.743152886407,29377.706784926657
8535.804159926309,8575.049645559651,8650.54727948361,8747.117308792285,8846.0554138547,8945.868909217363,9053.554934328838,9171.96763021318,9300.156692655148
52737.60617565609,51915.045938644056,51310.02479547722,50818.878520085156,50314.88121850762,49795.51896848714,49313.9144681624,48889.934505123114,48515.57813075363
15534.15507448953,16106.473592623222,16708.670067015202,17313.246062576938,17884.140330791484,18420.035530686662,18938.653664391215,19449.813165591673,19955.18784696591
3565.0544793152944,3849.580464872081,4110.6903275207715,4347.478404957225,4561.317911230872,4752.061631555991,4918.728758598723,5059.668740500867,5173.81357929492
4793.494582653779,4828.012059571283,4879.579312593387,4940.1223957833745,5000.119040255287,5058.082719712668,5116.82503652643,5177.331658870786,5238.82842526107
5991.314524513156,6187.375241820794,6420.06806366945,6674.460139794283,6932.063904204207,7193.361150778232,7465.975888557236,7749.678814001602,8042.0674440242055
47221.730490786824,47588.93736360717,48180.70169320943,48894.345115343036,49598.64459745953,50291.92679655141,51035.651612827474,51856.98579620395,52751.91235584639
28326.269872233217,28395.49479444989,28576.564111400683,28812.955882211045,29035.428238561686,29239.522866027844,29452.927850396114,29687.97986727573,29941.19758159375
8040.546250304468,8244.14686327661,8503.149663738663,8793.987997589362,9085.299760840326,9375.498265773625,9678.181743612131,9999.451763312238,10339.308326192584
6267.500455989802,6277.462401480071,6318.310547667768,6375.1607251299765,6430.1410959189025,6481.8110724778235,6536.729346123773,6597.408483144949,6662.914597153886
7547.841770743416,7676.150681154229,7836.661804365706,8008.138304741297,8162.2758159049245,8298.935323155689,8431.474592944103,8565.918353336072,8701.994556133192
-863.3444472321784,-610.0846959443363,-413.64269236820763,-265.55349269090146,-152.2485028213757,-74.13083164089714,-38.499881367131785,-50.40089879254761,-111.53579188894861
9283.062929180378,9187.253068865191,9140.347854930407,9119.541145866804,9097.222427663011,9072.742892980743,9057.79061871964,9057.02023365445,9069.319072775987
104384.2679562821,102602.27368274625,101562.13571395176,100969.05751564227,100477.35170935522,100065.17790397904,99856.0488687388,99887.62674065637,100128.13309260043
13366.839347446512,13745.19360674998,14176.777357235063,14634.017666367312,15080.920626543451,15515.709610892363,15954.670272398811,16405.74491739808,16869.02628208707
25143.357475532186,25175.542033933365,25314.36671770386,25504.72020146114,25677.248459577466,25831.31392744001,25998.86533609485,26193.574312714914,26413.277809180832
16319.464000294622,16262.86477549579,16280.159222879827,16335.0732048358,16382.802692477946,16422.423638523127,16473.582661621163,16544.194575610814,16632.170068161613
35567.23749162857,36559.4875296389,37723.54816247285,38948.62318183436,40087.945227293225,41135.689099398165,42156.48701851315,43175.82193889319,44186.15918229471
64089.94544066306,63836.76688025171,63836.58071117792,63923.142155458416,63891.57045166912,63743.84412867071,63577.10636760661,63432.22374166083,63303.53222747184
35698.997236772935,35336.588331828716,35174.979599678314,35133.70364078989,35116.996716663176,35121.65714913924,35186.08121576371,35323.21765313879,35525.65727941685
50207.14136541978,50425.31261699996,50882.97722239433,51495.02900321683,52156.86432177978,52857.033208487985,53629.708135528665,54486.32084453115,55417.259431362094
47577.632955861816,46867.686070398515,46408.05829390401,46083.00674025092,45753.01482545867,45416.22258659972,45132.088467961716,44922.43655095809,44778.52096009359
33773.68316804114,34007.244088090236,34368.11255192027,34801.95467522614,35241.9734690546,35683.662285272505,36153.23030013047,36661.9240054386,37206.99745282453
17992.2828395313,18239.891042201798,18584.77384967595,18986.62373776855,19395.000012784894,19807.18852416369,20244.2043682807,20714.717979869296,21216.51288317037
14387.029550363293,14477.325448765469,14623.456761053578,14790.723860627493,14935.204829769547,15056.677286667818,15175.877911279502,15302.097983246409,15434.604624793987
13731.49636421501,13888.877933342992,14135.333620187628,14434.861921016205,14742.97625669713,15055.808322537823,15389.460110108379,15749.890956133748,16134.323569034954
100633.20265968089,100067.81961768342,100001.25254994648,100213.09887412372,100446.98897610111,100697.82924344187,101072.08685003755,101604.40185505207,102274.47616234672
929.8020942681379,968.8785273104819,1012.5175494245257,1058.2887510017938,1103.5391665113646,1147.5615882772843,1191.055100617501,1234.5754791632473,1278.4145881281243
13490.690460987107,14369.542056088541,15331.029197539438,16348.121745684033,17385.530585752396,18434.369635128496,19502.738985212403,20597.693953039125,21719.51100492586
2820.446057457491,2975.1201227952633,3151.8213994299877,3345.4933632065486,3549.4155887757365,3762.035438890652,3985.09520336605,4219.53250735491,4465.378230548768
31225.2977060296,30856.325676375833,30685.32524566612,30628.077657829257,30583.49419875786,30548.075447423118,30562.408732579177,30640.945041642954,30776.88772407455
9595.938649193335,9808.860177987766,10059.643674596291,10326.80713653017,10582.961459724704,10825.969842278031,11067.002580912305,11311.025514601193,11557.365894608562
25365.88328724749,25023.578808390987,24828.448630414077,24704.656613275278,24560.152652536424,24396.76670601118,24257.47323145327,24158.61267795784,24095.973169738314
17438.407097313666,17164.534367088116,16993.207437748224,16871.72598518492,16737.35464234442,16592.72886354734,16467.541953780154,16371.53141501669,16300.780051251013
8147.533450759187,8202.151694755,8283.5664270233,8372.472416635335,8445.21501286031,8502.771585729028,8557.443545987888,8614.738686333387,8674.84333656986
8072.610362886265,8460.19693590916,8890.405917327877,9345.13789069449,9800.225421902904,10251.75077652989,10708.24683653161,11174.58524110397,11650.584608219553
11331.693798751816,11511.462407394572,11712.949635708033,11916.583537014216,12097.145372121062,12255.206562367519,12403.549008530279,12547.524986327538,12687.094690976062
10763.689746373855,10909.793695351364,11097.709561916487,11307.79262651557,11515.989578870294,11719.577028930269,11926.722225663068,12140.477416447702,12359.326463090209
21340.861623343506,21388.370121520216,21578.016542420384,21843.577828625763,22102.181149331685,22353.570012620912,22635.724401479678,22963.527744198538,23333.293289511
37953.55817779516,37565.18221897328,37364.33152315923,37279.83003063036,37226.06527214,37196.57246177705,37221.45299732118,37310.496787416916,37456.002069321126
25563.50623289246,25699.9720305061,26010.59224694197,26417.180464182147,26823.850634928993,27228.181596541246,27672.456995844725,28174.4872762317,28731.780753711973
14858.738713271858,14935.452329028543,15082.005155717763,15268.074107270146,15455.66665604924,15643.272457172008,15847.090675323854,16073.847823770293,16321.841574470343
-360.90586748454416,-275.7934958542241,-189.34906644620435,-100.91768686827878,-10.036300090107053,81.5064390544117,171.69680818330082,259.67024086294634,345.77855240061405
56592.1437054144,56474.99483436706,56572.96297585439,56762.87570603212,56892.25981695885,56958.678219543384,57029.972585625095,57133.55680347365,57262.18436521734
10592.623874289182,10960.008898783564,11371.896600110978,11808.394571787268,12241.578887452219,12670.024677379623,13106.811132925894,13558.505131474582,14025.095428381457
11328.155070487233,11375.432700281857,11505.754085945899,11685.674695541928,11873.551487775841,12068.091767479003,12287.104004981653,12537.548944315427,12817.334324058751
1284.2390440241206,1470.74134882737,1673.1436221723357,1885.8730744635748,2102.0870179955396,2319.046571935625,2536.9268159049293,2755.57672690716,2974.245914716715
19128.830463919265,19741.676189411883,20444.31895506936,21172.866677842434,21845.4918181895,22458.710766850556,23049.125277175935,23633.54054252729,24211.496578132454
55193.26300143944,54582.806937396745,54256.45686870371,54078.29994722578,53883.09778134963,53667.53157800576,53501.67150875581,53411.53151937858,53386.987918133695
3495.4242866247564,3859.7978560826573,4244.2197287124645,4644.29017829656,5052.265453668881,5467.344502606417,5893.737009791447,6334.565831931398,6791.518495299788
6405.328482951732,6566.937480763049,6752.250304185264,6947.204027302672,7133.779438432888,7310.703033137696,7485.323339990667,7661.076131538156,7837.473011360846
13259.974632054082,13233.819217788778,13263.403936957255,13320.75874739725,13371.310881155257,13413.684415318374,13462.30878467918,13522.952040979464,13593.91172386919
35888.92369941405,35127.357063825,34584.23374318048,34152.397184042726,33706.05291668068,33247.322138635696,32832.28837224113,32479.18370858401,32178.100548647628
15624.892588935358,15650.467333582765,15731.860092783785,15833.376212395886,15909.851207634716,15962.580751258647,16014.66930061037,16076.515059395448,16147.68710390516
7124.062273856137,7549.011846202076,8030.821881034825,8554.32893474037,9098.715434934667,9660.366748991226,10246.279283960499,10860.114381059933,11501.909063538384
8010.1230271326585,8238.008519139326,8498.009960432666,8774.254187639439,9045.802059648317,9309.745562160715,9573.24486051019,9839.824686311193,10109.2406924702
59464.46683700408,58627.01234672993,58088.44898848771,57724.68609659487,57386.71880496396,57067.03874732235,56822.687103380544,56673.76154492354,56609.00825241267
70184.2309674073,68645.82354144497,67521.21246065461,66620.60817058555,65720.7235812494,64819.692032845596,64011.30497552891,63327.25495959602,62751.4708692912
16886.710483781553,16913.834582790307,17025.632012920378,17187.33579153452,17356.111357025104,17528.743282004794,17721.234557190164,17939.52498838455,18180.664546341042
5539.390358352282,5624.112515475616,5729.986514969405,5849.071327379957,5971.061715055082,6094.4540376322475,6222.659227282841,6356.982515783868,6496.659574291685
21541.643482862582,21937.434451938418,22457.504314802936,23042.561088943545,23616.502646060446,24177.558128275123,24760.943757474226,25382.299425776622,26039.554216805845
692.0547629038745,839.3118204354653,989.6088598359988,1142.0279088846219,1296.4849353573827,1451.5456128178944,1605.120567931446,1755.858810058736,1903.8196255264602
19427.3094580841,19517.557719197084,19664.880815839737,19839.795662392364,20006.9423950872,20164.701256465418,20327.542609490694,20501.144379358342,20683.720871485926
12688.766545108563,12996.903867448213,13365.288967557202,13760.303400672929,14139.224084136207,14499.188779859764,14857.93135605184,15223.289979309382,15594.23453241752
3625.2346378882557,3725.210816714351,3834.109268739141,3945.7678243021,4051.6342086739915,4151.083144901917,4247.74865146373,4343.405393121561,4438.009671476193
26688.233662536128,26948.806471040098,27345.24314760531,27799.497680059492,28216.309307823456,28591.420586923578,28964.893386805146,29353.58575266445,29754.09071672529
5135.3541409544705,5344.730171427975,5566.707697343318,5794.709313634976,6019.595147473242,6240.72133357128,6463.0386468621255,6690.236919060707,6924.311940870929
47681.55970022684,46926.68073220657,46471.321418791886,46153.630623967954,45777.99167233964,45352.3298433432,44970.79823459391,44667.45559179239,44432.267606918016
13399.694409746791,13627.67516117891,13896.257898187736,14176.700529197791,14431.844905211467,14661.641856633165,14884.587252214798,15109.642685292456,15337.084017751431
29587.456231634525,29382.109871806042,29351.058796843165,29422.138437721915,29508.160387682285,29605.97220638562,29751.41760591406,29958.285485814395,30222.007398806807
69068.92211340032,68044.35601791836,67394.12727090831,66949.91679670714,66513.16777412916,66076.74766847632,65721.48507865942,65475.5940878443,65324.86091184394
15482.139456474777,15849.738859724162,16308.644337869555,16815.93374490471,17317.335021420935,17809.95336861121,18317.193615106586,18849.690036882483,19406.522589123815
14257.55817486103,14373.968809009439,14558.653482126618,14784.377138855682,15017.625585304948,15257.506790675381,15517.149287568325,15801.440945116768,16108.778622639791
1881.4592524773236,1977.5683006196143,2076.793898290137,2174.9499759288865,2266.4714882694448,2349.520264832468,2426.8416991730082,2502.228767335123,2577.7532442670044
5490.38839065157,5755.5805769999,6052.455184209537,6365.584849211681,6674.56180259995,6977.110894897035,7281.059506264237,7590.308230401116,7905.2648510764675
5738.47286255915,5879.9101568348715,6067.864483791506,6291.057842660841,6534.2757592960825,6795.54311660134,7079.929542994036,7389.176661175247,7721.814161961739
33136.66504524043,33204.382702455754,33429.61902480018,33747.47263470126,34077.38643241379,34413.40558693692,34785.981132436274,35206.911670441994,35671.13191221282
4581.864921598976,4616.462154839624,4664.468352023399,4717.034141396932,4763.395341670089,4802.792183372143,4839.315304926348,4874.400142796843,4907.29811027305
3916.089029288643,3863.3672209515835,3833.0713755314314,3814.762206740855,3796.7347428821063,3775.066046066469,3749.3952188942703,3717.413188952507,3675.6022261185594
31151.760144915537,31699.26749036139,32326.2680218121,32980.233882419736,33594.12168000476,34162.39191220767,34711.227500207126,35251.775953515535,35780.91142723115
34177.63436242983,34308.893964051415,34593.23632840661,34944.39801205612,35255.584663326816,35519.23963644613,35776.17557323237,36041.55305062445,36308.53692438226
1590.861771613928,1689.568041609449,1787.328806207773,1881.4715410779813,1969.1933601423177,2052.587318574962,2134.676020226196,2215.8459272956666,2295.9890448139527
4549.216495877769,4646.454358337247,4763.5583963309255,4891.205480877712,5017.707481119654,5142.028226642429,5268.527721593336,5399.484135644947,5534.885799269383
32939.99836239411,33284.62513938603,33748.18264449617,34256.22579053534,34715.8346440669,35123.80233280683,35520.30691912906,35921.36071534673,36322.40439163607
9393.315173950048,9774.251333823075,10174.080119186388,10572.993353785721,10944.385533894612,11287.736081252358,11616.76566165425,11939.116359042348,12256.119869397247
2365.1691746171978,2469.82544216603,2584.8126460028056,2703.6066618740347,2817.482235966886,2925.761372156744,3032.5155962320036,3139.992394415299,3248.7484958358386
89422.81227784867,87995.15718470831,87007.541739733,86221.34856237148,85351.4700474419,84399.45471802188,83493.30646290325,82682.67771361393,81954.68399309674
11457.453194818834,11681.02268605317,11954.606133990359,12253.413076900542,12546.153911579877,12830.61222659117,13119.66551981455,13419.363493469898,13729.312409910248
38523.69716008975,38120.37991260383,37923.920977394744,37845.51993463921,37778.10915950983,37718.18464686707,37709.74764817014,37769.29849419322,37890.40151645726
31842.802564635047,31459.605132270546,31269.042110157905,31179.29491682883,31077.836568185034,30967.462135775386,30902.070484124528,30901.93803496582,30962.91832299927
22094.791133728235,21860.74742735909,21762.281082231533,21739.763985636135,21721.324677279194,21704.28149786944,21717.335450197126,21770.565605936015,21859.170884234092
2114.5191237069175,2422.417730376334,2758.1151145674016,3117.7629338910115,3495.0667318665774,3890.0765267678994,4305.481335032973,4739.69796230657,5192.009459157033
1064.7740262605114,1040.7224593775638,1038.1501872237754,1052.1317863864729,1077.0235414302447,1109.6967264803404,1148.854939035967,1192.9215151696437,1239.7676196064347
5761.519307384656,5966.1100359074935,6192.9535674909675,6426.386134767554,6646.344309270646,6851.302095545874,7049.668932446318,7245.493532013027,7438.598800228461
7452.361782077758,7512.98711615611,7604.042168119121,7704.844465481946,7788.622943793411,7856.456503464968,7922.3837252266885,7992.676107847328,8067.243322702236
30374.044682565403,31353.12749745241,32462.612585931038,33619.9386259941,34718.14292708722,35745.890497131986,36742.78588060738,37725.58107893143,38689.801414947506
7093.416895946375,7294.043165421177,7533.344084533497,7793.304416275345,8050.887429258075,8304.56054655428,8564.096124592443,8834.392454585957,9115.900921880435
7568.322967989084,7816.306793738994,8084.076180784641,8358.187367762785,8622.579955949752,8877.162601070026,9129.490333792415,9382.82905549575,9637.883467201927
6524.1157485052245,6724.946455173043,6943.502797404938,7163.934656945673,7367.5761952963785,7553.638173354651,7731.025245729136,7904.576371505427,8075.479229500567
49482.714921524894,49859.79743825189,50392.63964775162,50998.09576303167,51570.80588061159,52104.1251583666,52641.52427570072,53202.70431324281,53783.567151022224
11715.385409024295,11809.701147719941,11953.950299612774,12122.09198308694,12283.46910888456,12437.077099085094,12595.859290623168,12764.449603469613,12941.023228996126
4098.071207802848,4296.205268603645,4517.034010550416,4775.618200185505,5089.543399521023,5494.500203426334,5994.615722305253,6544.985625851245,7119.641840730272
2096.283553859625,2173.7990242056685,2250.6409622313463,2323.423837536962,2387.637676365565,2442.901091592441,2491.623072843484,2535.361833493261,2574.5004241694364
13125.49418625143,13366.860328041761,13661.337783993815,13982.59842408831,14297.459842233557,14603.894804347343,14915.679113511698,15239.108609492108,15573.879001147088
8535.125475746237,8858.84883880423,9207.639202480745,9563.691959442034,9904.721731551283,10228.403311851594,10544.095292964517,10857.46187688139,11169.943084541337
42903.84363647316,43218.624645603755,43727.54138096149,44333.332937876505,44911.52877838934,45458.71080837625,46030.03120049045,46648.330046156756,47307.953389514085
12513.701934524815,12582.516109680495,12732.429431204559,12928.119130559417,13125.410823620075,13323.732016203086,13543.11359529551,13791.64971704572,14067.562508494288
13906.54969823778,13878.104058444955,13938.369037198341,14050.7089554551,14170.114694414144,14294.66156016789,14442.616841936568,14620.812134170923,14826.554509490219
3080.7602858172727,3205.3893198272167,3350.199911928387,3507.1661811675317,3666.214527074637,3825.8403009880376,3989.4364847214597,4158.308782345535,4331.998917263932
11962.495231988658,12171.78674975988,12445.506393317206,12756.978235029641,13071.864344447147,13388.111503588156,13720.170421959376,14074.558209995164,14450.42226709834
-59.98218810761079,-41.668971140225324,-24.466827299222466,-7.890249205386646,9.565945368980325,26.138035680437646,38.963416081777176,46.156943109711264,46.8743030716954
22274.81138441626,22882.435976232624,23603.45720398066,24400.61657091663,25224.32031552209,26070.764458444395,26960.43309829208,27902.808965839842,28896.81380727782
11607.062331025587,11840.070093595836,12124.839724893003,12435.673269296749,12739.183120452964,13035.228179673668,13340.21049453909,13660.08745325153,13993.442253510751
28144.838406326544,28668.020007116935,29310.58401291114,29991.920010140962,30608.78069987686,31159.652778071977,31693.129023807385,32230.789393283092,32770.64507880323
3697.3983477383026,4061.983877784192,4451.433967877704,4857.737610291962,5271.798822527724,5689.559434391316,6113.188369249437,6544.284367310659,6984.180149041078
12436.110865379045,12522.079511653708,12653.38682109575,12801.09513780472,12928.237358139097,13035.5730390274,13141.777154044481,13255.258700250435,13375.571865165119
38712.82231012188,38838.15622631933,39140.05357467296,39533.15168271798,39911.520291007924,40273.19344325066,40665.20901882336,41106.35505564388,41591.670079676376
30186.368682149576,30745.40049686164,31371.477177247772,32013.631271325863,32606.725628895263,33148.02744080091,33666.691463258845,34176.2186691006,34675.43267513962
18893.296410914987,18689.12330336598,18572.551822028683,18506.32599961885,18445.170414910837,18386.768790757465,18348.762323175724,18337.61188458989,18350.149797801754
21001.168272240546,21154.46665399248,21409.762575254732,21723.14012900125,22037.59742113211,22350.55744166005,22686.84072438079,23056.34255471349,23456.298035327272
25027.827963043277,25233.519635041608,25567.597619785935,25971.928222293427,26373.685574717183,26769.756667022102,27190.838009603278,27649.219680658225,28141.142035180004
1012.6462117852479,1072.9700664836337,1141.0511007174111,1212.6458471427127,1283.050467191383,1351.213076403953,1418.26000335111,1484.6741716392987,1550.3979042303463
9439.125712823072,9351.194691806993,9330.13921225789,9352.512889213296,9390.668569862122,9440.881404711714,9510.893399298826,9602.663279558912,9713.110728920436
6475.516231125309,6563.558380861002,6667.682809962245,6775.826197671703,6872.602717002679,6957.832664237833,7038.790759095941,7118.731945911772,7197.51371002533
9842.410057611103,9972.178385180418,10164.761521107333,10398.016758736861,10643.456965562444,10899.725304351503,11178.83335500244,11485.697972270224,11818.86648682597
8328.447018934148,8363.631278475277,8439.507999491701,8537.72055489648,8635.886187899285,8732.441316677505,8835.965256292953,8949.844080173732,9072.966573576208
32104.57352511628,32146.01860481761,32328.96667274634,32586.275158601544,32835.41917695651,33075.22240027692,33342.65275649723,33652.56037613158,34001.275949400326
3803.161981979018,3801.9064754477095,3802.9215381829667,3799.285432771473,3783.5705215509656,3755.018286150328,3716.469925596235,3669.133928548625,3612.9440086219274
14428.984778282364,14613.318500713493,14873.734871103594,15162.60297664488,15418.931745561755,15644.247831998942,15869.153567511172,16105.948309568857,16352.717771293577
9859.163137046777,9994.855433450959,10181.967327948747,10392.980098986265,10592.41189609366,10780.49345657825,10974.653759331142,11182.6070924648,11403.801048320325
9787.709225101366,9904.282211880827,10094.923315291737,10325.160034588767,10552.001008542984,10772.422238102228,11003.925988993618,11258.719288404765,11539.625454446359
12225.742380499763,12565.352906389173,12973.095390552462,13418.33914462871,13861.669979942219,14300.50399514741,14751.371182055624,15221.835556952248,15711.4583333727
14009.910139842736,14341.63017648012,14742.968198434228,15176.282433083632,15592.01082834264,15988.910473209819,16389.85565346879,16805.142465053555,17234.879276026604
22074.296127348374,21941.65018050535,21914.963161124586,21937.337763885047,21939.463413799564,21921.887786427356,21916.21692588021,21933.962220586614,21971.354851977412
21719.284101305388,22349.096662754993,23051.99520538887,23788.891051185237,24508.916439879187,25207.26830633968,25904.402277165973,26610.43879913615,27324.84607972946
1605.48089843139,1660.3751205719977,1722.4406359870723,1788.28496412545,1853.8152326036115,1916.4585624693432,1975.1923271094724,2028.94792497085,2076.525955008347
76185.22327266625,74869.8761547534,74062.45820705712,73520.7960801132,72955.35740186647,72369.02194246106,71890.98313581629,71567.30353130495,71380.93155953483
28945.569288583694,29057.69654443508,29240.81987968512,29451.019872328296,29634.637284174627,29792.153473734375,29949.062952699496,30115.564274281212,30289.521432658767
3730.9945580403673,3775.977642015939,3843.0943481183353,3922.657972749781,4002.7298378380806,4082.1719783122658,4165.228686972653,4253.423962991719,4345.872789100256
58599.34069125819,57023.111053635934,55738.12657328773,54630.036410477274,53566.25020297055,52538.40674554599,51593.034533894606,50744.92587932702,49982.63240134392
2063.7149383554006,2128.567122815869,2212.5885611501894,2308.7599291788856,2408.560336167028,2509.740526605352,2613.9577842275694,2721.892516622599,2833.028114430184
19211.100093398156,19062.824508395097,19038.863934126286,19078.53864951777,19107.956921821195,19127.761375811875,19171.82451749196,19252.88464203945,19367.21019105477
2741.601406451863,2826.015565736348,2907.876613171816,2982.4158130047867,3044.0432017932426,3092.377472715546,3129.704376688538,3156.7267122185035,3173.1189495663434
24448.873190180428,25123.34921801517,25906.425448453738,26741.079610533932,27555.224816210637,28345.660517937813,29144.04196446228,29963.845886391016,30802.52973232731
77420.85722155223,77106.48439831215,77105.68373455174,77232.65071634339,77268.22285178145,77198.69180334987,77106.21635405488,77019.83478784238,76924.5604575855
15434.427605090721,15556.239468201084,15723.933410984195,15912.326898930076,16091.83842848244,16259.99327927509,16427.81570068912,16600.353355699113,16778.384715198616
35490.43252989087,35546.42544797302,35811.71149990974,36189.508561386036,36561.7572476495,36929.09734256999,37348.80439787915,37848.43885307411,38422.884621949095
4411.757346552131,4566.498746321315,4750.994746767692,4952.101213092231,5152.676849127021,5351.540523164881,5555.964031537056,5769.030700671894,5990.0050341879705
33633.66917246003,33434.970593985774,33432.96399097292,33533.45818832169,33619.86689707339,33693.990521310225,33811.45347760295,33994.61814611437,34238.99654033837
55006.186958334605,54917.798146061796,55091.91656661793,55393.615365593134,55652.50777722848,55869.95825811032,56125.801327384994,56451.489702351246,56837.72466360598
49276.10535790477,48275.53123067169,47550.72513269677,47005.02984365383,46525.82173925527,46102.31806883534,45769.97014980693,45538.32494402533,45395.44149098458
34191.53731134147,34262.44581457061,34543.32771645019,34908.167449323664,35198.91176856254,35423.099817543734,35661.01097965894,35943.24467638947,36263.55213235871
18323.67587548253,18201.221520436993,18175.352205689567,18206.224375083795,18245.7027823558,18291.06065589019,18360.769532590548,18461.686803684763,18590.73061178024
60023.89761732492,59681.66653633711,59598.18693279688,59674.23157262525,59789.97721092351,59937.37669711445,60159.17174106154,60466.62411428344,60843.46495055169
5398.847447843588,5586.060033503086,5817.184148937393,6073.8631310284845,6332.086663408687,6588.257273368636,6850.263616482866,7121.399764458359,7400.921947051437
4777.348144718865,4932.880569497486,5104.546726717647,5283.783139128035,5458.88395433901,5629.160017987912,5800.10038132104,5974.867819580754,6154.099139447844
5742.890347998685,5890.729834797592,6064.624317111272,6248.309595167432,6419.660684765602,6577.558569590796,6731.803506641019,6886.664301921929,7041.384686880701
6387.006268760758,6666.380252154435,6992.591352167755,7342.882007262552,7686.681488665159,8022.1223238477,8362.303875471142,8712.743220212576,9072.775601123698
5421.311854520172,5547.0933812382855,5694.003480404531,5851.916652950303,6008.05888789644,6160.52841260702,6313.853077064194,6470.357803656027,6629.819332994359
4630.52539577972,4658.9556511445235,4703.178327059402,4754.702309827815,4803.8070273081785,4849.76192638741,4896.972600660969,4948.8488805657435,5005.19254244214
1026.527729592926,1089.6361511259888,1160.660042280196,1235.7687696427981,1311.2219594609585,1385.471726251162,1458.4640663478708,1530.1211890249426,1600.409947635871
17024.881209653035,17306.109793750456,17695.500290199612,18148.252365081524,18606.818246644118,19069.068131984706,19560.25477351239,20090.699302322926,20657.84502886138
26436.086212894417,26465.4840631383,26615.65133639783,26815.154437155797,26973.205248903243,27091.54239450064,27214.199743985446,27359.344890875607,27524.056686049586
4111.312474763085,4145.940061261411,4195.577967706537,4250.989733378485,4300.761628867733,4343.853470231326,4384.558735683032,4424.601085487567,4463.427639862009
16407.67155442271,16569.897943013508,16793.24260368574,17033.251646876193,17233.4089802724,17394.44435482294,17543.993978508704,17693.89601872702,17842.92181706843
23396.641324838172,23792.312100937186,24392.269828220633,25117.983952958926,25869.395853149374,26642.677022960575,27480.560730860463,28398.76031043077,29391.22261970754
36831.22107972293,36578.42989505185,36493.249932909035,36500.62351239601,36511.15552643598,36519.73027147116,36560.22458943394,36644.59415794652,36766.57408687629
8899.43516698665,9032.463259388174,9222.523110669565,9445.356137669762,9670.091019437845,9894.563420230432,10131.317751639142,10385.80969101869,10656.943293048813
13357.001205513969,13418.687114011716,13553.253995257353,13724.08917190624,13885.645512015066,14036.77656813066,14197.454626045772,14375.784438123774,14569.962645523086
12798.567948961803,12617.97694612719,12508.23962823763,12434.60956332802,12355.306398183155,12270.316009578746,12198.186813707049,12146.04690712062,12111.82636050357
7459.941342338386,7698.273468296684,7974.587588890398,8264.991491022747,8538.223232555107,8794.376535871314,9049.13439265877,9309.214583577928,9574.194203478864
30047.92948629861,29979.556567832988,30084.79601450076,30261.843706246807,30387.57125196794,30468.006123234853,30564.52512049239,30698.708439811806,30864.126502689738
15533.099500922726,15817.08802626269,16165.928116178635,16549.9905732098,16931.05565406345,17307.357205351218,17695.687463258735,18103.85422255302,18531.31520032456
65847.00467934471,65454.70999395826,65365.9818237408,65441.54484593936,65509.68183771806,65562.85810725827,65670.20781383486,65857.4939687045,66112.94910507197
33818.35284723591,34180.8110016754,34730.89643595319,35374.7485426505,35993.73169910359,36583.517036037956,37195.162873566536,37849.34192166361,38540.69076062468
14383.97494753528,14379.703814833243,14460.19174597399,14582.798821136941,14696.479068496814,14800.232603123713,14915.901853532183,15051.293648007635,15203.33923382633
8958.434227923011,9148.759837699437,9370.110649597638,9609.64088781259,9856.579502429515,10107.466815267057,10361.913206765628,10617.103830010476,10870.085955120236
10873.398468550842,10767.198450180693,10714.977617783761,10692.260037070464,10671.339719104082,10651.845276756254,10644.473467740818,10652.894977850267,10675.220707296745
40709.34475501815,41009.766759313155,41431.074886258604,41901.8385745689,42331.35894315693,42714.432968847286,43088.457424313805,43468.38675064984,43848.86468077743
28339.707723389278,28788.667328384618,29345.645271813864,29951.215612698634,30527.527972344895,31071.673264344547,31618.874711454766,32185.21698633631,32769.2879369447
17679.009667580984,17925.231700164673,18240.155218267933,18583.189439023532,18902.722944811547,19198.310361935433,19494.631801723088,19802.618517266405,20121.369788186177
45817.36947736922,45241.28880071222,44906.16495684014,44689.664037070324,44444.03278047641,44168.59970853833,43927.953320901644,43746.045575749915,43614.10768233908
8769.731495887521,9056.325400403304,9358.230788405739,9660.868330636922,9945.359180469983,10212.32266474527,10472.525472096275,10732.348753644896,10993.828346133572
9311.894050524512,9522.387606275686,9781.92172267336,10065.985494347678,10345.111152358226,10617.58072299025,10895.557454532605,11185.731701472258,11487.68121875311
9061.13125953603,9155.095166585379,9299.992862069797,9472.8113894346,9644.516732752683,9813.71019781289,9992.607015757376,10186.08479352485,10392.53704976661
2647.948992188237,2861.450756622757,3047.1624715486255,3205.5987127072485,3339.461387510035,3449.59739053643,3535.9428706095623,3598.269681851859,3636.9644291677164
24732.563531580694,25368.411235768162,26113.634946676888,26913.88647190341,27699.36933067929,28464.75063168822,29238.1955935832,30032.64533943591,30846.833682100343
16998.130482325963,17234.419961557698,17530.410241494425,17848.93149789247,18143.960508287662,18415.449217076253,18685.735607624072,18964.732837765565,19251.911439060514
2767.0534638936183,2892.1008116404305,3022.9945927598164,3154.8097029670294,3281.3221949770164,3401.8897437647424,3519.120807218879,3634.91944905829,3750.3648537347135
6992.269048696611,7268.153694022783,7570.0422420103505,7882.90264289153,8186.623886946919,8480.276402942915,8773.350833140072,9070.880349361965,9373.469464875203
43020.1972489642,43368.186275129534,43853.06816849034,44394.39902393353,44891.098011226146,45341.7708873855,45793.47519075362,46267.06509830775,46759.866914045655
19709.293453991435,19923.623261769342,20226.65108666641,20580.670861514795,20938.03457260861,21293.502388770605,21665.99228217133,22066.851871678424,22495.768153755893
55845.95461542113,55265.13153794511,54911.45852289697,54671.11013819284,54409.82248158105,54125.730428057475,53876.010462094586,53681.27332502722,53532.90434456209
3894.9998239202846,4034.5206361837386,4198.452920212105,4376.13884906129,4553.542307206489,4728.980072114892,4907.487732698991,5091.158396579622,5279.260722008954
79832.66985934113,78805.03149612625,78200.8346820622,77849.3370741366,77546.14289717624,77275.93053238123,77110.5561902803,77073.24581342677,77145.7513619404
-4238.425207344708,-4112.69851709923,-4025.8898322234595,-3964.8005904681545,-3913.51562580995,-3872.1979387082242,-3848.4965472999465,-3846.149318451094,-3865.4059056224255
14886.525633939087,15110.187426992232,15387.785262715162,15692.172028401674,15988.735007853329,16275.024681060988,16565.16284805658,16865.712482359802,17175.84757991789
7133.803588323905,7293.415323017925,7466.551247011334,7643.616011201668,7812.60961371322,7972.942811053137,8129.978589510253,8286.871718764067,8443.569349970076
28513.731705619968,28359.098894112016,28333.621292534976,28375.907962888887,28409.651506140937,28433.02390131702,28478.982429942884,28560.73011140419,28674.435721985206
-10731.516393505757,-9608.670297436862,-8556.105490912501,-7536.387248992113,-6511.103263143231,-5479.363395003728,-4452.008635247291,-3428.236263776778,-2400.15120154022
11247.823771586705,11493.617232706776,11794.447706402787,12114.90509068405,12408.383380751147,12676.023760716225,12941.825968468336,13216.33135740267,13499.04466093468
23898.23353401081,24251.54450106038,24758.402317121545,25364.61564403446,26001.09385778558,26662.189349254277,27374.164639389448,28147.387997744747,28977.758901837697
856.8054659876568,1035.6652562712925,1222.0982938810794,1412.6156243708033,1603.2685420401826,1791.501235377768,1976.6814356307987,2158.769053393648,2338.176426054956
54220.813192772315,53470.204392578715,53056.46812521778,52813.62065119504,52542.35874787271,52240.27682883641,51991.894913787284,51826.332948523974,51730.0826740195
18332.740940242602,18357.126456330414,18443.137157964993,18557.44512672697,18659.926239526078,18748.49561216813,18839.164351408643,18938.125163324596,19043.14288007073
11942.674322560872,11933.628397732467,11989.091704224495,12079.275511446453,12167.064297187528,12251.780452948395,12349.742399683462,12467.385111787895,12602.89079340464
8689.79412276718,8707.101866827223,8769.616293058945,8858.66320373903,8951.440864844752,9046.09387880969,9151.223311997726,9270.56491349406,9403.421651231696
88338.50111150226,86387.4126119827,85051.07870726401,84024.02814080556,82952.06738434997,81826.95796728329,80788.7479254801,79881.72475940453,79078.97840579112
15991.896743771478,16063.42406205185,16204.231312499473,16383.073123009503,16561.075778173155,16736.150627439732,16924.26582177503,17132.164142132868,17358.270274220235
44589.29983047709,45225.664486675,46073.39480009323,47042.23431635313,48017.58907722589,48993.248949082474,50016.29877804102,51104.573409165176,52250.24556751175
13781.637625987949,13960.399075838108,14200.214287947741,14474.587554551332,14749.778230168657,15024.088578522586,15311.94075348081,15619.831752597454,15946.933260151436
27702.13849838159,27293.987840693317,27066.19914456691,26952.77900257865,26877.79884389316,26832.4709778704,26838.62216065053,26901.32320838308,27011.944927558365
13333.537578628378,13448.197303781195,13608.498053667969,13788.486565558338,13955.655516159914,14109.259496421892,14264.125975134812,14427.332883636102,14598.243323467073
19738.94293773575,20062.374433572382,20504.270691807265,21004.2205303088,21485.94007634337,21947.3587346621,22422.395375005082,22925.054038936265,23452.69493156354
8697.055139755803,8767.623310241645,8886.667095210461,9036.619815114336,9195.935348611445,9362.551425947257,9543.811499919711,9742.516644332742,9957.344576010488
59210.711177449455,57316.764071439946,55806.02171317991,54534.67498300903,53341.595108378984,52215.315097368315,51208.61216478911,50336.2045593041,49582.44658267334
16626.557564417944,16826.217847360436,17143.38749500401,17518.21613137883,17873.98071838569,18211.018594692923,18565.153639248816,18951.05211498454,19368.615447689317
5912.864122116219,5957.749957507797,6043.693565082344,6149.711119157741,6250.573290620866,6345.716788605119,6445.921892843994,6554.820185388463,6670.70206985337
38054.20477476581,38383.88804980251,38927.458674988164,39591.931030475746,40260.35041603464,40926.30021287971,41637.440857632835,42412.89291690328,43246.75452919935
56327.60323652344,56018.21615630293,55901.7040230802,55874.82394903353,55816.106659707024,55725.63409150104,55657.89864867361,55633.14506906474,55644.912725051996
45817.450346058795,44970.95959877988,44381.341240279384,43929.909711856475,43475.738870309266,43017.1515672044,42613.37246164918,42285.381116904406,42023.78898709519
4696.119815174607,5006.560661478641,5332.42678912539,5663.338941210403,5985.68898031129,6297.041572775067,6601.876207596979,6902.770290224143,7199.984481743727
45310.11412356346,44714.78079236794,44305.63091691393,44001.39033188408,43703.943739463364,43409.674000520376,43158.361141001784,42965.19586823012,42824.06732801276
469854.74692139495,408945.3857422356,356734.9063274117,310109.5748943386,266822.2246478995,226684.12554791974,189995.89941387737,156654.5118372319,126455.94371850727
12005.297787545927,12304.089335694101,12674.623656291013,13083.528503955322,13488.033742125397,13885.256380197168,14292.780902001121,14718.4226731499,15161.424807698508
52921.79463680441,52264.17817182449,51850.31254149148,51563.5534542542,51262.38073227927,50945.29472935269,50674.07569896673,50472.65238093683,50333.49567064125
21078.813530534215,21621.466709201693,22277.963757977082,22989.293534275697,23678.256206472644,24339.770901410542,25005.80619764094,25690.21450420146,26391.58678842606
6564.598174140699,6612.297168763197,6732.122498615646,6899.555541083518,7085.543909945774,7286.609574223941,7511.7509137706975,7763.81178584893,8040.855198631617
7020.588816537649,7258.4993754202505,7504.621930977871,7744.237869821158,7961.126816694487,8153.206309585563,8325.446792091987,8477.874987059598,8607.630397494311
4436.533572481144,4582.724698916414,4772.034576865276,4987.745843963986,5207.743918094431,5428.754807229996,5657.410575760772,5895.769018603057,6142.071568809182
10825.815552286904,10941.571816386811,11088.119782745125,11245.398497813088,11389.267047354138,11518.158541531504,11641.75707268972,11764.134329608636,11884.548213796974
3449.9767884780617,3590.7001653728953,3738.376779370569,3885.9393859494767,4023.576503798404,4151.657720291422,4275.749156246734,4398.358673357022,4519.127711367279
2467.213982326947,2618.7689615961863,2796.7473369741538,2991.259235316829,3189.4352188699077,3385.5329906629136,3578.7687155143767,3768.768823113629,3955.165513612809
6017.144473867251,6129.045691772282,6268.068413966086,6421.228137432379,6572.088587568975,6719.114558365916,6868.623794881771,7023.225149688881,7182.017111943442
8651.730900849358,8850.871337719858,9101.537043429496,9382.35580087518,9667.398883833548,9953.338408956783,10248.817400868407,10557.359056355506,10878.050880809242
12213.027982188172,12341.933867321031,12520.4638754321,12724.092185776815,12921.178922379648,13111.244565477786,13309.020929526381,13520.73893609549,13745.360460524265
13940.792836813825,14332.57323897542,14792.535312219725,15282.03003067552,15751.490647313864,16198.60881601309,16645.61581610633,17102.42373543764,17567.80094780815
3010.748018787372,3189.836714749426,3393.767936999215,3615.628600260408,3846.688921219868,4084.7966891552137,4332.269860438618,4590.9442276575755,4860.783129784184
9414.351856605103,9634.808171762606,9878.279287268364,10125.863656610803,10353.46468629922,10559.776575378646,10755.69016482762,10947.077870654444,11134.793410760656
3278.0797450884716,3285.902947249646,3309.4707188929624,3339.0417083239327,3362.4966127365133,3379.4270798334614,3394.974194386953,3411.062853057306,3427.0657557504833
63476.55592272999,63398.427843696314,63571.50923510916,63879.59912527476,64183.82419613768,64466.101950554184,64766.94849326921,65097.74198810561,65443.91432310185
-85.75960073638242,76.41696298994651,244.90791357239445,419.38026713458976,598.6038034272831,780.3613863896243,963.2216430200272,1146.7223307388344,1330.9290100665849
4485.484513147399,4546.1014666817855,4624.665762560255,4711.527993800515,4794.64344046876,4873.4593262212375,4953.111733053808,5035.886181149242,5121.5271983369685
31022.993384987247,30976.422242556284,31176.338694475042,31529.283753552394,31922.619830765263,32347.70232792619,32845.49321407292,33430.30734687116,34093.21655835803
2072.003756942618,2237.526916160068,2415.6497304083946,2601.428037798251,2788.331852793082,2975.1360894177574,3164.139246866155,3356.8880603236667,3553.8303863422752
22656.401559795668,22335.49368222731,22136.743154102147,21995.12426579655,21832.753009577897,21650.684151588153,21484.548660156022,21347.814520351883,21236.818522844704
56400.85978184382,55209.309521563344,54413.55770719862,53841.23640753902,53289.99157008512,52754.38395809095,52314.15970642531,51994.62857373597,51779.178246056734
4231.470320639642,4337.702099365125,4450.786645987535,4563.100187172484,4665.586948915105,4758.221004684289,4845.218946802894,4927.9638714373295,5005.926986552636
2765.726244854342,2786.6762009561576,2819.1510231547895,2855.7819167190128,2887.7312556594397,2914.536208745732,2939.936057284402,2965.6785248870738,2991.73391261985
37541.174930133784,37415.54217795844,37478.87495663377,37639.24525177269,37782.969303530896,37908.36605091177,38065.70172665703,38275.06523768718,38531.25815636832
493.6938760328511,702.1462709904785,922.6978071784762,1154.4571464317862,1397.5787939543306,1653.831616562687,1923.6677372184838,2207.7241866007953,2506.7049103979975
19385.042781472883,19425.785445331516,19556.553134631133,19730.6158839891,19890.20985478401,20033.335283066597,20184.51450931882,20353.642840073084,20539.03136989207
16975.29618372023,17417.927599797946,17957.223022012015,18557.145306795934,19171.310156671607,19794.481538454093,20443.015938705874,21123.046328500062,21831.46424573695
53883.005104578566,54152.29779462166,54605.75652882509,55137.69159294726,55615.14187145174,56031.74413342139,56442.665899169384,56870.74554274502,57309.48738845792
38556.80757980105,38734.64615458169,39082.7988891867,39516.23666788987,39928.14848518652,40314.71443553428,40721.824603922876,41168.539670973194,41650.28912447045
20768.45129456287,20946.817519914934,21249.05172481032,21631.581922322544,22040.5588319143,22470.826908017974,22941.611320833694,23460.360497440535,24023.61825760887
16097.223765171591,16348.190719199409,16659.837537849537,16997.461922696897,17316.28301079856,17615.56824264433,17916.749277913314,18229.954796363974,18554.818893676194
19804.831614695184,19954.14151031175,20198.315103079065,20499.325747993873,20809.25035923584,21125.532276289447,21467.983054890363,21844.862082943604,22253.89446279227
69484.11673540846,68861.75947733123,68491.95167922045,68215.35558274908,67839.04676227881,67351.55506433759,66825.87203734889,66288.44499585242,65727.29201450196
29930.389927455548,30005.371844412646,30174.11092482722,30383.684332115674,30567.90627036143,30726.24611190663,30889.418613071986,31070.577057494535,31267.83246104464
35469.331385555175,35684.00075259229,36009.103256515846,36373.37491451024,36686.99287156939,36949.42128844963,37203.287268930006,37468.096294526265,37742.458516408224
64224.887446195855,64244.82550614218,64505.945232354185,64891.56530605826,65257.17444999306,65594.3780856709,65959.89982478891,66375.66370884338,66832.37125499675
21905.186176271844,22087.059855529587,22379.493871254806,22722.149859314166,23040.089255473147,23331.532801885252,23629.82308899845,23949.09090902297,24286.993789278742
3587.382216683552,3719.0705775767015,3858.3114271987583,3998.5737047812713,4131.789419169805,4257.291032575361,4378.582119544022,4497.8317963869595,4615.58863553272
70757.65577023574,70173.74597447917,69893.02859535968,69771.39309826751,69633.9632804738,69472.32069917585,69355.77590473215,69310.68415006198,69326.10100092221
17668.92228365118,17481.358857832463,17408.24222021365,17404.88494879548,17419.485605573806,17448.059823354037,17508.487349403786,17606.21543649451,17736.57064641267
3424.205270486997,3477.268702744456,3546.2161266626617,3620.9806461847315,3689.573584230535,3750.006626166236,3806.262324136366,3860.5428665902637,3912.9209829791666
25096.121466302156,25080.554462094446,25185.477442967454,25338.22407228858,25448.087189683174,25517.338893843353,25590.829999678303,25687.434637137612,25804.89606491586
5124.408684197065,5337.171565481058,5574.343027521783,5823.770631639598,6069.963436408628,6311.52356774495,6554.904366892323,6803.452082990773,7057.6536700536835
8192.322411049316,8477.86846116222,8799.459700155954,9139.490966464042,9473.86238192034,9801.336346774508,10133.104185144472,10474.94754467303,10827.33365299227
10321.681658042446,10890.940324534355,11530.572336937355,12216.675879960305,12917.270000407132,13626.508922750063,14354.062618066959,15104.099329325792,15874.759688755297
7853.568364264878,8054.601434547902,8313.978548769073,8609.44440705513,8911.61185025297,9218.603524530628,9542.834100977248,9889.633328594258,10258.034316597406
50477.82621485422,50457.09675835466,50646.36584986131,50958.45772579119,51288.12934175519,51626.541809161135,52011.25849195819,52456.0801500752,52953.69540109922
11840.226319734355,12031.049702410399,12267.768323241009,12524.979233929533,12769.47205166262,13001.166991974776,13236.238838937757,13481.774126485332,13736.977065973086
12281.892550582434,12554.373671710653,12887.665772053439,13247.061714714582,13587.121341458198,13906.06067709054,14224.302645922506,14551.186597561626,14886.101707304888
78740.38501325961,77663.51778009093,76875.05420173141,76223.57561187066,75528.56594424087,74786.40363937142,74071.43738694068,73409.23153039848,72787.69530053622
2627.268175946662,2967.6160735711924,3315.542664774373,3660.392686623429,3989.6538040232863,4299.854533147775,4594.242914155835,4875.811172846739,5146.852353548905
7451.572533155145,7789.689323098901,8157.254272989492,8534.269723638361,8893.340953573372,9234.051738102984,9570.434222832127,9909.852585405582,10253.415622469547
16698.113867924018,16521.624195461514,16422.782015647936,16371.848267387295,16329.203435170184,16288.428307915616,16263.671131253077,16262.08322666788,16281.503532808547
16726.98759634114,17061.788060469295,17437.008867455515,17823.098250167674,18181.667620229855,18511.73373755023,18831.37179734826,19149.014852349475,19464.019050962277
12939.387775131107,13016.937144565454,13159.642018493903,13337.88240000822,13515.273302525979,13689.62130023692,13874.712299245331,14076.85464654351,14294.409176414805
2749.7959431729037,2815.08897602251,2894.6135395684514,2981.4266200309744,3066.639338649405,3149.5720322879356,3233.6584973889867,3320.180197024657,3408.7001955961287
46917.811799528055,46345.85292309614,46074.941068051805,45959.09573887729,45821.96318946584,45662.8323414658,45558.38237845889,45535.66822494944,45583.312418448055
1093.548464115866,1188.3197102426302,1291.3567744409402,1399.9496132581949,1510.4708327073708,1620.515408136353,1729.596132413336,1837.442088507043,1943.5533041227386
10145.072492256795,10263.196691126932,10432.60596382957,10622.88876574021,10795.923850647834,10950.656071491429,11104.078396412648,11263.672966862678,11425.827788853472
21157.29732310072,21266.40092567958,21456.807631003023,21681.27464879784,21879.59565926119,22051.188794707195,22224.365375617355,22412.269727347637,22614.60495446635
22100.370585084645,22263.09048420617,22586.468619899555,23006.613471267137,23443.60570123954,23895.15178129747,24396.02149732538,24959.93891396981,25583.153686528934
12274.304732751762,12376.492036222373,12544.747946643374,12749.559777388928,12953.450615831589,13155.453921958975,13372.282430164454,13611.004282312395,13870.358112728098
57312.07563578894,57313.4297192375,57551.07447769764,57921.20736392149,58295.32031008571,58666.18022887306,59085.01155173607,59572.50795876614,60121.73139299119
10725.574339074434,11013.15568768732,11363.097523829749,11750.254221099436,12141.84901128587,12535.460839667288,12944.50316117558,13374.914707567736,13825.775173543607
2296.2669288666216,2366.8845982370203,2450.974028905214,2541.0161258851736,2626.851374857106,2707.6823852952934,2787.884108111602,2869.5706072372645,2952.7633016345367
11362.238131163867,11499.710955606884,11699.675236946738,11939.49711334419,12190.510823011193,12449.494124462844,12726.281943936583,13024.579982748288,13342.344616891309
35547.36413816563,35832.73668544021,36264.95470111777,36778.0012758224,37288.32000673849,37791.78166446347,38323.46277781564,38898.35220476112,39512.90274462977
94802.36875053048,93673.70730476787,92933.9040481542,92367.91685647299,91714.25768996694,90969.90661163202,90249.24247268449,89597.52134773812,89002.4167997163
53500.79340779504,53533.38322382698,53798.595184561535,54159.900678673,54447.3446206223,54660.35902245739,54877.806349968385,55132.80905063885,55419.788777247966
16035.058924378534,15740.930074204163,15572.52921826492,15478.219147453798,15397.564737136201,15328.643415401972,15295.075726904939,15304.40698431812,15351.914282433225
16373.980636057668,16917.534633484334,17573.33137182298,18305.012197635184,19064.320103910875,19848.81071662637,20680.385284137497,21569.92728114566,22517.791851536276
2561.0617235060326,2770.0522715641478,2987.2053458219025,3205.188676008919,3413.9878622899955,3612.484632194866,3805.527437229531,3996.689745359855,4187.59411054117
70226.52392083975,69717.9447044935,69572.15475174433,69625.19592282259,69681.59437847292,69735.43971300527,69866.51502185474,70102.29997904488,70428.22797273814
11773.70151472085,12054.98587764681,12413.859623010716,12819.462427685843,13231.859727166067,13648.620582025665,14086.495701067994,14552.621772022077,15045.536058274074
7672.548058995533,7910.684087946796,8200.620986837337,8520.222498278396,8840.552700892325,9159.46579492694,9488.929226759503,9834.185381440917,10194.45480966294
20638.813300836588,20636.638763590792,20757.628568737942,20950.34152820418,21150.938209822263,21357.0537683671,21595.362336661852,21876.245506553554,22196.196198576352
8888.605716267259,9205.242348359534,9572.671730116741,9972.545020153992,10381.198842400318,10796.103791646146,11226.281021523178,11675.984630449904,12144.804452979439
3372.3580359899465,3523.802967554946,3697.267308906931,3882.753584657472,4066.616219053696,4246.692626080488,4427.865034214775,4612.389625875284,4799.656162425002
7813.628963842505,8113.946142251787,8434.468711591746,8764.150741467607,9087.844826022088,9405.238703259665,9724.38456225141,10050.052453519575,10383.540057698265
12593.810485110009,13225.724027784536,13936.025378197559,14701.761699202105,15491.875458530412,16302.216045481287,17144.20658892727,18023.54929814629,18939.870772936563
9246.744009670976,9305.761518931115,9416.17250510995,9554.92982842852,9693.538273135757,9830.693151805266,9978.260700661984,10141.115989148904,10318.089038367681
10343.675890752525,10674.140115184025,11050.532470407172,11455.399157104206,11866.15488157948,12279.703279851661,12703.787946152397,13141.876121027693,13593.018414826322
937.4640150412906,1047.1996703953669,1161.7319597497276,1277.637053991345,1390.577768729387,1499.2532726030533,1604.3591650333865,1706.1201505548404,1804.3719691125957
23099.407444740802,23684.112756184993,24364.57440397216,25097.58694910842,25826.40878523423,26547.718125872034,27286.166804517103,28053.387614789066,28848.386231731634
8095.013538758564,8294.1124580583,8536.486696054493,8803.729451819654,9072.399046190198,9339.072662071623,9611.10970233496,9891.38571535132,10178.54150347905
38606.53798732039,38893.45422016538,39392.180838890585,39997.66833089905,40578.3369774657,41125.49705588439,41690.38805572307,42292.49483558006,42923.998251576304
10592.801150127227,10677.244245972604,10811.378354196584,10966.848004924155,11107.295542663376,11232.889865040706,11361.186644344614,11500.077689470892,11649.26588590778
18662.78685600245,19065.157112749366,19526.520024934547,20012.936210245407,20481.416349861,20929.404689192932,21375.229183156494,21827.444123797024,22285.46231767101
960.1832290187797,998.5220888703144,1043.4562374810198,1091.7994252571548,1139.1772198248325,1183.4137496480687,1224.8156426631517,1263.7151414296732,1299.6896179931844
6122.455801111479,6545.96070021507,7009.623545769514,7496.234873171883,7983.012019973796,8465.03588347359,8948.95303188071,9438.541303346316,9934.487286202468
2547.5670761385145,2604.8996997087092,2669.9006482612904,2737.631469301401,2802.4929935058135,2863.361433659542,2921.682037694064,2977.6189633850927,3030.289957007824
31307.731317360216,31034.653504865673,30912.213247700107,30869.06987979999,30819.385912494792,30757.78657251401,30716.35158541168,30707.220912164907,30725.85072331954
71898.29591369786,71486.22085606669,71444.57982987499,71555.86148433713,71552.91896347057,71446.37323856594,71369.15048649028,71373.15842461697,71448.29077864895
5285.00022229915,5383.030362531395,5507.906783949868,5649.741123359131,5796.347367052777,5945.89434213303,6102.026678421949,6266.004872978958,6436.848267735611
7005.509773153212,7069.529435228758,7168.585163680461,7287.458295021832,7407.106566591092,7525.454276719258,7649.11837475253,7780.699547806585,7919.210083565787
16631.8431975402,16466.068355514893,16364.835826686953,16298.768884870517,16231.735114621479,16162.46527149054,16105.794812573362,16067.541260135376,16045.838171982285
1608.0762512788776,1671.0581045144918,1739.919544265055,1811.4063793490607,1881.5098589597967,1948.9919074261438,2014.513337974384,2078.344134532658,2140.3071686587105
4824.810239171402,5203.4037963905885,5617.503712411796,6050.92889263964,6481.045866370109,6904.72104305593,7331.226235451121,7765.7617563395215,8209.218040561947
7059.004281481171,7196.910002265711,7361.5014160477795,7534.115729873856,7691.05208473812,7831.469781831728,7966.465916387898,8101.923817149688,8238.494577029714
23950.494011332783,24285.8011482096,24791.364360521886,25399.26231050818,26021.625287642186,26658.847890543373,27353.90078138771,28125.298470051614,28971.04911567146
1420.1610118543695,1504.185854578581,1584.793829139109,1661.0490972408875,1731.910955709272,1795.6732924512528,1852.3545368344026,1902.820026997835,1947.6551902296783
2303.249512326564,2471.839482290764,2647.142281626533,2824.242203270121,2996.1529944346994,3161.7041630648805,3324.471940805924,3487.4203847776002,3652.1738493230478
25733.418818930943,25377.927379869274,25148.054571538076,24990.285942566392,24843.517697307005,24704.84941630588,24596.836702250483,24526.01219950078,24486.654331218364
4569.223455897069,4620.327748435612,4705.5842585827595,4813.780478379482,4931.381563347839,5055.89119194225,5190.589704582384,5336.390976936591,5492.000926813334
22245.324247629684,22388.08234098502,22634.474514246078,22933.686360528794,23223.83311099779,23503.058435352326,23797.98688042599,24119.01060861751,24463.014052719493
84618.84545461768,83723.02231036729,83178.82346765496,82811.29673236806,82407.88385071958,81963.1425707746,81566.74727911477,81253.48404807021,81011.83471576741
7034.224130878547,7161.041832812426,7301.069256038995,7445.083471286043,7582.747991947357,7713.668945934425,7842.238832734041,7969.790143456809,8096.070985004593
52540.87149396359,51997.36678905164,51778.9033259079,51753.00188107331,51761.49934303441,51796.73822417507,51919.54985371721,52151.00820571545,52479.39268084606
29950.14045097871,30868.323700758436,31944.03473806649,33092.358019461324,34201.423034774874,35265.20125842615,36329.23280367851,37405.38715380286,38489.6978743199
5394.451253389789,5550.252128683851,5740.794973531728,5952.980846934598,6170.228680906034,6390.63049707957,6620.538919385933,6863.139220180866,7118.481445908591
34638.02259551031,34433.33958836696,34460.00531026922,34614.326242283656,34771.73527414013,34923.67160547559,35115.15127369348,35360.69849794859,35650.28135069257
2574.412977380081,2743.6238013347147,2926.863387062943,3117.6501978647957,3308.01469242341,3496.836925521445,3686.587742873686,3878.722013103342,4073.915239451337
12781.863466033332,12910.244527759103,13104.465589197449,13342.128783238088,13595.801166899735,13861.986954784066,14149.125363882247,14460.098515875201,14792.90427680854
22738.10823839515,22826.957881140414,23078.193498231376,23417.81694788196,23752.128215865636,24081.98029539909,24451.599286342473,24878.044047956842,25356.928961542562
70269.4691008638,69141.6430890039,68313.64615695641,67640.28543553967,66951.64445609075,66238.5259821356,65565.75558536127,64958.02250249382,64405.554674325256
8007.58057660836,8282.791878205451,8582.931373611185,8894.275820932917,9198.29186144095,9493.882071146889,9789.418428306235,10089.024079287721,10392.583413239174
27428.240623370802,28207.700698707253,29080.765362032438,29974.546571774954,30795.585336529228,31538.312552629734,32242.66601721831,32926.533362755654,33587.33324307803
54984.29591951027,54301.812950900625,53984.18916398257,53876.008420435806,53789.40023605793,53722.124438804094,53754.63463791501,53916.196845061124,54195.190367061856
11237.030482234008,11356.799163346135,11544.86008945126,11770.076429430701,11994.621976540215,12214.41999950613,12442.12964615149,12682.45586641928,12932.996309110247
12190.608443274388,12321.766441084106,12516.017786206941,12746.205116409525,12978.041511674413,13210.007117475647,13456.81565532173,13724.972710117352,14013.638584823255
12563.893490560196,12759.030350167513,12993.927064612939,13244.441473662755,13479.452977466966,13697.197341321043,13910.575308034722,14125.380973750965,14340.695437253404
33596.38003176136,33449.25464196166,33497.62111401168,33644.54016503181,33770.773944866036,33876.56663826669,34016.38072444918,34211.16527785638,34455.075358553615
4411.864939392291,4474.37301561688,4543.468288670701,4611.7510753734405,4669.821901934083,4717.853885635536,4760.860056215932,4801.759949596459,4841.3585938838705
3939.8477368329627,4091.8049667686123,4259.504767525093,4436.7144011817345,4615.29728192737,4793.995803246527,4975.4812256240075,5161.122419320543,5350.932508294279
6836.399725610444,6846.711354271433,6893.306879811697,6958.045953622886,7018.80619462994,7075.429522451493,7137.768839514155,7209.422432889345,7289.094580943112
12402.97929010401,12854.701524202655,13371.065860840448,13924.60775603297,14479.023120771988,15030.638754217032,15593.956358819758,16176.095566639395,16776.71396845505
8190.019888441629,8175.1796860036275,8203.909987542678,8256.860584963402,8311.562999085701,8365.084941632063,8423.823171369575,8489.57317295928,8560.398863392313
31300.585969522966,31446.374888672053,31722.491166196538,32056.445936073833,32357.09499507258,32623.80301629951,32899.27170994933,33202.139359285015,33530.239976748155
15433.000278643984,15400.064613012933,15440.894284477448,15517.84392607764,15583.728394031732,15638.773571427433,15705.174182109604,15792.266081102049,15898.586046037854
18463.525081599433,18728.02962881163,19091.707627061565,19512.89228022562,19939.262647778694,20365.126756115787,20808.561468329186,21276.891276794304,21767.80300213648
877.7809276952199,1001.1101638767026,1133.734835461658,1273.4993537733656,1417.5830536963806,1564.3864738999669,1713.5343669624226,1864.82708138401,2018.2725678655775
30867.5783252211,30854.195883195862,31020.94308087509,31294.47256266761,31584.734192172426,31887.543628830266,32239.25876308927,32653.757632521672,33125.58570366782
19103.04300134357,19663.672609438712,20284.035236300777,20928.431775611436,21550.43935368585,22147.09397099238,22738.663637663132,23335.227223608537,23936.83107360137
21566.22010391975,21837.67352509315,22191.62430959438,22591.910494035463,22993.88466097446,23392.94658292395,23804.756795655292,24234.842406186002,24679.64985868427
5682.637406710283,5864.101531566066,6081.353737588819,6322.09181639426,6571.167318244574,6825.471802631079,7088.950114956735,7363.358655031285,7648.357046108113
56249.303094334224,56569.86350857386,57247.62477066924,58115.90566653578,58964.477181905284,59791.298814424015,60692.0187611383,61704.62232042816,62819.651183041395
7573.897263855458,7668.325004795477,7795.143259331402,7938.020551531669,8076.254881391808,8208.863273162664,8344.637312122632,8487.294041674591,8636.049725901239
3342.4891085522895,3437.013105604455,3546.1444417458083,3661.340670434475,3771.8004022347795,3876.3627100492254,3979.137190410393,4082.0226392606596,4184.929196012323
20435.171527063376,20529.668716220705,20691.42915456762,20882.12058341816,21055.507607325027,21210.900191636098,21369.181287151594,21538.96210423973,21718.41365332446
18845.116168160504,18756.683841267342,18736.600749447385,18750.536823561135,18756.095907004474,18752.83577008955,18759.617466541928,18784.252063521155,18824.875328357284
41462.265323566135,40986.91496185119,40693.23550262329,40499.68396238638,40307.53324245092,40113.90955022452,39959.950026770464,39861.61567455625,39813.286022598535
3824.1762406602033,3910.137679998656,4004.577380056508,4099.00316510645,4182.543676572421,4254.226332280743,4318.464307987586,4377.298212562215,4430.401620537154
32403.133605837487,31831.22039455199,31457.162074272375,31211.401635543152,31011.58184566675,30850.53439932295,30755.33188028454,30733.900604699844,30778.13135598156
28017.737474953057,28121.585010603583,28387.61974840661,28733.810832785395,29057.39350436869,29357.94216601656,29682.802957153654,30050.92121211553,30457.977610731563
76232.114802734,75621.63219618867,75294.37483508982,75102.4602482212,74863.20913792434,74572.66013675192,74309.64859759975,74105.47575093225,73950.48444200333
38656.03214238844,38782.32741255756,39078.398923103836,39466.66392922029,39850.68574433364,40225.939091759516,40631.803028571834,41083.48887672377,41574.946510603964
20947.101865221553,20742.89344280773,20664.447771023188,20663.127243716157,20681.27136133545,20716.86976459584,20792.056873829806,20912.84634787034,21074.068976366834
4035.076945352349,4183.75136519844,4351.675225898051,4530.892370452221,4710.648212337344,4890.057723790309,5073.774579460377,5264.433265137603,5462.595991555238
16502.750328119422,16664.823279338358,16908.449187313574,17197.706345678664,17486.81486350146,17773.98887168768,18079.096167927004,18410.668399793074,18766.935537407764
4456.682040381539,4691.168710993419,4947.468229457285,5213.663252783761,5474.744599239153,5728.473169762381,5980.080084658431,6232.479522233665,6486.386740067068
-1668.223111824019,-1637.3755166341375,-1621.7043568465288,-1614.0424057445052,-1605.6777708638135,-1598.1528378811431,-1597.9033242916942,-1608.5317760843645,-1631.2828095799466
2027.3341959624538,2092.315552522728,2162.5952208737226,2232.7347298088807,2295.4904919311102,2350.174616939597,2399.84036474445,2446.0079163392857,2488.694200308342
10170.71203356217,10338.319668186981,10549.94915868754,10777.671495672355,10986.527640063203,11175.030935659228,11358.00030897638,11540.946552938689,11721.21627385965
9417.279945686832,9430.506289839375,9508.337641722153,9626.684825448569,9756.059043761761,9893.390572505648,10048.525084958696,10224.667032276806,10419.172015965978
5971.013405243496,6253.36100802057,6570.721309089625,6910.325742678062,7255.877304669151,7604.657165908911,7961.933567604956,8330.505811132358,8710.744254038273
853.8463814881436,960.715764840027,1070.6370481713311,1182.5326239733038,1295.1036167589725,1407.4394850097547,1519.591033153411,1631.9712130373168,1745.422094512303
58375.25627267112,57827.807412261536,57586.49129308177,57503.951245978824,57408.32336196841,57290.14827163823,57212.84177002816,57195.47343336756,57222.799606684675
24110.172162638362,24662.77857965369,25397.365220218267,26230.503095448363,27055.773926732294,27864.249520197198,28696.06779632523,29565.664854191455,30465.9447672905
12682.905163600915,13014.122757451121,13404.485201866399,13827.383055896069,14247.471790850703,14662.167906688084,15086.11470656036,15525.875319324086,15980.69372357559
12258.606148390283,12025.48401462018,11861.530540637432,11735.476048751523,11610.639499118155,11486.799267506427,11379.976629444436,11296.488809706387,11234.788355846977
45943.8803627594,45653.37378067669,45594.046244205296,45648.14824759813,45673.891325748555,45670.36377853225,45700.28295385794,45787.04690313537,45922.72482677046
9661.434318029696,9744.533227914524,9880.325666090728,10047.144817524908,10218.156924903184,10391.123897307834,10576.108777139953,10777.277942165972,10993.459777614265
31097.739909548,30903.74686865928,30847.933155951792,30864.22195654755,30871.346589015833,30867.431025021986,30887.331722543335,30944.66362721313,31034.977661446283
4382.285542219606,4438.649508734821,4522.531150720402,4619.000573757625,4709.496741643893,4793.310942350769,4878.459358843249,4968.147182770517,5061.611764536902
18519.337319407856,18716.817037825615,19022.56351672188,19386.992609114764,19747.098146695203,20101.111590197324,20477.80415974837,20888.727941989004,21330.252394971496
4941.714706061705,5194.697521612762,5450.589143699542,5701.074683321444,5936.652014362315,6155.783147450302,6362.838313829931,6562.032565304579,6755.717148292633
27647.301416348917,27851.54481368571,28223.461138902512,28703.85164327372,29219.472113024643,29764.698306758633,30367.078260673192,31036.918151414382,31769.130389473008
18031.06289769454,18059.40770456584,18197.134092889857,18392.69399233014,18582.021238786136,18764.385055642913,18968.299973195502,19204.517399731685,19470.509524328012
4121.554445758771,4137.297706323918,4181.928223061535,4244.579496634686,4312.515385715872,4384.04311559805,4462.649244863273,4548.8631316601,4641.160768424374
25528.262898611556,25995.994219032997,26566.239240880353,27176.09629640405,27745.490667981685,28269.928836434545,28784.94935549558,29309.576729228596,29844.638929906578
6746.336046855977,6986.452788931279,7288.536706550186,7632.571623821628,7992.87845573565,8364.826051382754,8755.589051698766,9167.403327057345,9597.921876058708
5589.028881524146,5643.250442163749,5736.657537820605,5854.086376563934,5976.539495579147,6102.879387528202,6240.7018993536685,6392.991062541649,6558.854644593386
20795.554221636394,20710.095317120653,20746.335674098984,20837.885729846657,20905.173809241656,20947.61900246475,21000.272511248186,21076.079382169195,21171.05324372663
6955.645828068793,7127.349963643358,7327.295878603163,7538.481252284608,7740.194861893372,7932.225197471316,8125.7521407037675,8325.11522014595,8528.685565299647
13980.045755153395,14052.869937185356,14207.824786892437,14400.65965437603,14575.407039942398,14733.654086112201,14903.31003133446,15095.72123149679,15309.236776514883
19434.192410238044,19638.924457145178,19942.544331677444,20277.54461362602,20558.594352955926,20787.54774985129,21006.617698254795,21233.610352726366,21469.242613506955
1853.7126908481148,1954.8685348223714,2065.3040809858085,2180.939498418256,2296.904890587129,2410.9035392115893,2522.7456668608047,2632.3475163694125,2739.5732369535103
7161.811981279973,7057.354545673454,7003.42098792381,6976.389404975858,6948.789598974229,6919.032242297659,6897.54831438672,6887.8676339162375,6887.773774321287
7714.467278500593,7894.465802788121,8092.662464746657,8289.830320428142,8461.724891052221,8607.649680940718,8739.05060511086,8861.73559490575,8976.289961629722
28661.83591329374,28745.85684164085,29056.96503605391,29498.060337808834,29952.793937483126,30411.586120114443,30915.981316596502,31480.7085473856,32098.307868159907
16197.36896583592,16299.805115287878,16480.090761320484,16700.713704396163,16915.917466691455,17123.595821010054,17343.00536156687,17582.585384383234,17840.65678599295
8634.808266268998,8978.21360069356,9359.345923397392,9760.607655077725,10158.349863542213,10548.892617135174,10939.909795232299,11334.943265605654,11732.972945393438
14942.342759649737,15060.204376711721,15240.333961653252,15450.454183222262,15649.239928061303,15836.961345771291,16034.52211512561,16251.929869776654,16489.149814175795
4699.01684239753,4844.338356517274,5016.45434462738,5204.387055070555,5392.995693564092,5580.292934979886,5771.493665115462,5969.241494299266,6173.531047423992
15285.9484864593,15706.972309246,16221.56052038668,16795.1814808069,17382.747038789857,17980.480778109766,18606.404989981667,19268.65439402136,19966.17313852916
37392.98856403567,37509.540906172595,37804.72545670948,38177.254334301295,38497.827573707895,38769.24581681838,39055.51343785792,39381.72353460823,39743.02187582467
31924.804214015083,32060.288441188302,32379.318246855586,32778.75835348987,33127.89479247982,33428.93205319463,33745.0760738807,34101.29261493892,34492.41150151351
14337.923112963641,14289.712132710258,14307.82166539534,14363.307181867822,14420.742724826832,14478.640395041988,14551.37128918307,14644.420164187273,14755.695962205737
8358.89491778215,8566.940904602026,8816.030518178062,9086.279907706043,9352.008512696148,9611.698521391827,9876.304577409153,10150.516406664583,10433.444958244763
13875.701184301743,14027.592204154296,14243.530856787434,14497.484466643798,14756.45127136562,15019.720254377913,15302.88983685879,15614.000552132547,15954.237366627414
12177.36799049603,12370.352141001335,12612.367543172324,12878.569936715168,13137.578145356118,13387.5457336259,13642.148651215362,13907.717626283329,14183.34412693102
5910.257910594559,6252.573502362109,6603.5183924725225,6953.365743932172,7289.13063017946,7610.061023892142,7922.976364481288,8232.652324366969,8541.506156265961
33038.666624620644,33301.181409841694,33664.73549648145,34059.14273430694,34394.904511793175,34672.57080846227,34936.03187487218,35204.82981173433,35477.0285314973
10123.158941278722,10312.386824192143,10538.938739299228,10783.751043746293,11022.726229393162,11254.401471613575,11488.721820500872,11730.014226605805,11977.292925283216
10281.26039286755,10337.178686444087,10461.94429517234,10622.09244508204,10776.334890975058,10923.46677917842,11081.127015305887,11256.319876565656,11447.51907961809
36425.76138345269,36132.01775725415,36038.54220617734,36047.40490151957,36039.23917192487,36013.18637239284,36021.75163381845,36084.888479155336,36196.17778863643
80027.08806581715,78101.65247999366,76628.3691011978,75415.15698563539,74236.64533248325,73083.65359678648,72041.92047889408,71139.72918696799,70359.22942030411
54819.47268014384,54327.306915190115,54073.26085719123,53928.15249709001,53732.45025960217,53487.051448979604,53265.91574426584,53099.32020969394,52981.210764799565
12516.955401103245,12603.673188030018,12759.301954303448,12952.18314694055,13142.41585037419,13328.070378485821,13525.431050963854,13741.267778355817,13979.33918147887
18840.84807630117,18680.243334275056,18638.578043792524,18668.063695073284,18713.677494860352,18768.985744784553,18850.57396503251,18963.640444457633,19103.51277170536
54213.78728783987,53586.28503768025,53225.113445819785,52977.99314348825,52659.66367092696,52270.75255413505,51893.938817474926,51559.85745086771,51258.208942213896
8705.421679355915,9135.709040763746,9653.32214430655,10227.512886839264,10816.53067251279,11416.395415536621,12043.623392992262,12705.07120472937,13399.10702663355
4128.279602490566,4214.69827206481,4303.412391043274,4386.602984242324,4454.056465266297,4505.918679079278,4547.885433297334,4583.15217608627,4612.5109416387795
13132.947252836524,13820.000476264708,14556.267535043125,15321.936621745803,16088.699574344837,16852.545567316072,17624.17820390106,18409.926311662297,19210.714299397387
7722.095413851502,7913.786490792421,8135.893029339733,8373.710875843899,8610.251998807167,8844.300534896334,9082.034026635421,9324.553844251357,9569.632414581538
16227.686735451578,16322.086073395369,16526.009758829823,16784.001141219753,17026.705072533277,17254.247213470557,17497.78172164553,17766.731398825836,18055.837646240117
7291.838815644913,7472.1550527710115,7683.604271354746,7905.233852007346,8109.812954480182,8297.016585535142,8480.060224223007,8665.307990921481,8853.154939873057
1665.9073416994925,1738.3615267481973,1807.6000851105334,1872.027849108693,1930.1433765004958,1983.0362646131655,2032.2797533553144,2076.709170623739,2114.9064930101804
68065.05437063846,66943.20574677055,66088.17234650279,65365.27878972304,64614.85414194605,63826.93487968391,63059.67697848715,62332.73165283894,61633.699929107446
3646.810768360555,3752.9559800450884,3871.2886836151615,3990.2351637113466,4095.0731995083543,4184.063461268809,4262.862085109559,4334.32846134791,4398.58719522089
7443.037596822879,7611.092730781214,7812.2351038756315,8027.6805393061095,8233.468986457794,8428.532399776557,8623.470744862265,8823.363584274233,9028.237972342507
15483.56685774103,15642.19988844141,15863.755781496198,16118.186076385413,16366.744923128135,16608.079584696574,16859.343365801084,17128.009328244894,17412.764206270876
56507.65310370179,56435.47220342596,56679.66974414452,57086.644782428135,57466.736557565164,57816.55066055593,58219.086996718266,58706.34885159045,59268.347041752204
5776.815137802564,5872.096755118546,5992.63996356854,6123.095698741643,6243.6534934691545,6354.546275177933,6465.64506286153,6581.368275199721,6701.51701505674
1931.6214375224256,2072.4072860479664,2225.632160124294,2386.243494034202,2547.5850351502268,2706.7311771543186,2865.0916695966644,3023.623829769853,3181.840229091871
9217.497591142994,9360.64080759287,9557.478131936672,9783.60109514212,10009.183976593871,10232.88789994443,10467.056827375454,10716.628316579503,10980.17638153745
2626.5778505685275,2752.961620278374,2898.875820413904,3056.013318767277,3213.486762514175,3370.085796331628,3530.0532669952877,3695.4341355084134,3866.2496150746597
4497.153796614868,4654.718556689294,4841.625039646244,5043.672185560572,5241.681698837585,5432.163063942915,5621.17533169815,5811.538721560081,6002.42230526903
12444.486502389305,12373.341554561122,12372.899071874132,12408.488068296901,12438.333173188177,12461.95506306475,12497.633402029202,12552.308439722898,12623.860904670955
9992.56059338937,10397.245499625158,10817.993326817783,11233.305000505365,11615.74751071984,11963.429951909422,12288.965230315935,12599.912219514967,12898.253875077462
2714.8778739876016,2863.2337420257027,3012.6847503555928,3160.3467608020214,3302.931042276268,3440.9847131668957,3577.8615451069995,3716.4617570686264,3859.267790344292
4168.246390691594,4585.023280334941,5031.812332693873,5496.376339138641,5962.590595883231,6425.295588268084,6887.32381115515,7350.772001704221,7816.676748029608
25607.805353186588,25954.67402131079,26445.320888338087,27030.259473881957,27646.19906722355,28288.873710482512,28983.641523685892,29741.11191580825,30558.301370197463
3849.923768279892,3981.021707845009,4119.6755042535815,4258.438026201792,4387.451193690911,4506.527942357881,4620.729998737348,4733.041010633414,4844.257340162921
49375.40202857515,48934.801250458935,48762.72519472586,48705.4647577093,48574.514987614166,48375.824901760396,48200.93387290306,48085.50272826629,48022.10082629939
1089.5555096935009,1154.0731973464342,1228.0683000627253,1308.4672315859332,1391.3309946475697,1475.1693644237837,1560.118334632892,1645.9609414890315,1732.3477192756072
20882.10704387295,21370.266869048104,21938.867402635005,22548.55490214314,23145.59269436668,23730.677267257335,24331.837839942127,24962.122943572696,25621.052782012113
2825.2170957928356,2895.693672445606,2969.0581524573017,3041.3685496798635,3108.5762586660885,3170.6868271314256,3229.4094562877285,3285.0373260695555,3337.3546704763507
9960.183130425998,10098.77718968258,10288.760998594042,10503.992884809573,10712.636377035722,10913.553747131455,11120.743533098102,11340.257925774446,11571.572362579762
7728.5781298303555,7848.7976950279435,8002.865624922945,8171.212172325024,8328.809546462879,8475.846122431978,8624.754679979254,8780.721375011164,8943.00213820173
22191.292974213233,22507.458029912206,22917.21210442975,23354.58891209192,23735.599046045867,24061.673980157033,24375.355954513605,24695.977381834644,25023.2561579622
1052.92128155149,1084.5355848040908,1120.8765232268495,1159.5587133250706,1197.7436802204622,1234.7667185736632,1271.0781077828083,1306.7852599119506,1341.6909537820063
3396.8986865260176,3592.3915869189364,3811.1444705563044,4044.929724992292,4282.439205027835,4522.171314155131,4768.543138200638,5023.90031442729,5288.460649133253
14013.387207611046,14507.249364183224,15091.89971595733,15731.296527029863,16381.202096578552,17034.522526864926,17704.955106076606,18398.77822804496,19114.838263205726
10616.351744154765,10784.565332102984,11021.822308726218,11305.808530885952,11607.680475110164,11924.705514624007,12267.312176354348,12639.395098328096,13038.979081967216
6741.973004664529,7004.661967216513,7312.597838147939,7647.661176147378,7984.794592204886,8321.978119163276,8669.184848845265,9029.492241182732,9398.812448771507
30940.418311528956,30718.37219671036,30661.40539306002,30697.876197288577,30742.59297557279,30789.78072904906,30870.402850744773,30995.156676667877,31157.378319033367
3576.0099801228616,3788.9657243048405,4032.4589444261205,4292.588156134198,4550.741234962395,4804.543628954757,5061.061418059101,5323.697598542205,5592.676298070402
27162.454230227908,26660.02972144264,26324.744768339948,26082.666669946557,25846.28924722753,25613.6642054563,25420.3810463132,25278.597991442864,25181.940057817472
14021.552320385232,13833.480725105965,13741.44850110393,13701.577432013284,13661.411349781454,13620.197335340676,13600.03640975711,13608.720022067078,13642.962533211183
18140.043754691378,18075.92274183559,18089.211699765787,18147.721734281782,18210.501422769405,18273.50107372209,18352.57746648818,18454.564609157627,18576.98917330456
8033.949182395012,8208.677673364033,8429.280763383516,8681.607245801599,8945.38099044618,9217.6919206179,9506.614857922079,9815.28996167973,10142.253967842937
12145.159570305957,11953.005623332981,11836.5989582671,11759.40585086889,11677.555252223212,11591.345861581969,11520.211375006482,11471.062651390364,11441.276871539738
26093.94338583838,26564.12880663459,27128.57511413086,27743.23595986932,28350.582749648107,28940.36081979449,29524.21852430868,30082.3214736749,30569.37618800519
3234.0291316144107,3348.0794172163005,3475.0390736683494,3607.1297262039798,3733.1278759789534,3852.597459507442,3971.418987387103,4092.7615455912746,4216.866643070239
5587.588293732244,5785.468142820693,6009.926678824816,6249.611402586469,6489.615747198006,6728.052440461311,6970.334117453131,7218.984799174545,7473.652694870064
93023.31460781975,92412.91165117414,92218.19514494763,92228.84211742195,92187.86576975713,92090.37879745191,92047.1565906015,92100.62974662562,92236.36145858018
3613.3832505559053,3704.0663955986215,3820.4354401233218,3950.8019367190536,4080.1328084912507,4207.723040698564,4340.050300568239,4479.348007313805,4624.496635084186
6147.219753083505,6174.35906749714,6225.953371452498,6288.516615847535,6345.406191128752,6396.339553654483,6449.673478706632,6510.524811713071,6578.661302281716
14581.691454113776,14554.782071094656,14598.639327677696,14674.54577644643,14734.585335153013,14779.255612226396,14831.170148705809,14899.384804941605,14981.964109059008
35817.44086964571,36394.187761057896,37116.83045513331,37929.1477156811,38759.0121181026,39600.91065277283,40483.31434280473,41418.46042840055,42403.08387155565
26096.534511393103,26978.322296412553,27943.374708387728,28927.07647492338,29843.016722720302,30690.625559324326,31514.048506926993,32335.33441146358,33155.74664574885
25315.523572949427,25390.433529101963,25589.45421137906,25852.300974887006,26104.687933917845,26346.136935048988,26610.47911567224,26910.829034444167,27243.430847541487
81474.57678973526,79454.92174439835,78050.56884912349,77064.11148672903,76277.13507225264,75650.38307482982,75225.55354762543,75002.0957877997,74945.00150060431
12816.826145497786,12822.159452839043,12884.948009440712,12974.466495863537,13053.627060885043,13122.158922865461,13197.068638565046,13285.566806191267,13386.412803876472
5846.537649301173,5993.9308180786065,6165.099543245924,6346.59430118497,6520.885319540266,6687.434804617293,6854.473134680704,7025.979549142775,7201.999983199402
17392.302929416714,17867.957561756102,18389.881011037694,18930.604609532904,19454.444018956507,19959.27603335625,20460.814787687053,20966.817259252628,21477.22214507005
9380.187839247204,9489.271943505206,9629.983636601271,9782.827954095248,9922.78694194068,10049.403475799118,10174.472473948426,10303.31229531949,10435.404468057648
46378.253084439646,45754.685240347324,45371.94293554447,45114.053867254224,44843.96480644241,44556.33249804458,44306.17682269655,44114.58236087154,43974.25789426696
16613.84991661995,16721.3913026129,16881.98180134002,17062.56747867933,17221.475820634136,17357.52224271816,17489.307806429188,17625.263404622987,17764.492242491066
5785.071717549616,5976.930669339353,6200.196967505613,6440.6146431651705,6679.3967896598815,6914.534527492211,7153.402961265887,7399.296954518639,7651.696946450437
24263.014754081374,24769.62465777551,25351.036984585695,25956.278216371476,26520.758937940434,27042.715703589514,27553.27883127021,28066.849782331083,28580.49518799027
86379.74671511291,86851.9753101916,87677.13422491585,88683.2096525172,89651.34859497158,90570.98660001523,91531.8962426429,92568.28853578672,93664.70457504598
4367.893083710293,4464.994859294028,4564.551818830143,4660.731424593484,4746.486443883032,4821.167957068819,4887.417909450653,4946.215082950225,4997.126656250292
1280.1700248699035,1355.2432941488755,1436.5494038642753,1520.4646496765743,1602.3554495448193,1680.6123007353708,1755.7708461994878,1827.9216627386531,1896.515952544113
26098.22130837412,26642.987256232907,27382.494380068354,28268.517034928074,29241.706791251192,30289.616229268253,31424.834980743926,32649.909935734333,33957.69414454736
12730.935779941903,12660.809932078271,12665.766682453763,12703.52567839085,12722.19190403432,12723.10098866858,12731.08750916295,12755.779252599516,12795.260645373539
5290.606163442162,5419.809012659525,5562.653266750905,5709.551025412955,5847.832996388286,5977.2878775434665,6104.213059619922,6231.889464719469,6360.717116051666
24796.199591119243,25124.833939393513,25524.65545419244,25941.687663832712,26307.063783617617,26619.312074290086,26909.852955052378,27192.622831855442,27465.98949833166
16984.669286058383,17195.55445622034,17485.72415337602,17818.310744151087,18146.38567931145,18468.24226333102,18804.5621083399,19164.55777363776,19546.992548068996
10490.135536498943,10995.74449741863,11584.437150888454,12224.084573284728,12875.744951891076,13529.617370643835,14193.175372245865,14869.134549059117,15555.331036453652
8905.14202765985,9259.252215799312,9662.778570475539,10092.925539170083,10520.837106114532,10940.099480559578,11357.968946807798,11778.931080098928,12203.94097116266
114602.00102821439,111706.11771583126,109584.44088297314,107876.49147749408,106163.28493510182,104439.84103363771,102876.5298538556,101527.97958498214,100361.40946467951
69079.46011215624,68243.92760521705,67682.88220778965,67272.85098676618,66864.34154082446,66451.93525145065,66096.0589908415,65819.05045424985,65610.62060421941
29966.953911104196,30114.129852390353,30403.089878506835,30780.3991913439,31180.14796984511,31597.22121076541,32056.144415912164,32566.162428215583,33122.59628246974
29415.29341184921,29964.60162722032,30634.385877594144,31374.366114284952,32120.414868746528,32866.65830455104,33637.107664763724,34441.978360028865,35278.08534279788
2969.814582664395,3128.0243957532625,3293.39210729894,3460.3084683339725,3621.987331997332,3777.774004716807,3930.7572114247837,4083.0592918406132,4235.689436977553
32353.193909647267,32728.209102523153,33219.07308775539,33747.15631365204,34212.916718798726,34614.91212565756,34999.78548632343,35389.012669371456,35781.564645281826
7232.779456401392,7446.808928384114,7707.526158478433,7993.4863762895375,8277.33018355948,8557.142855250157,8844.211708171038,9143.592931878688,9455.18036804935
16044.975253936316,16227.057123282204,16532.959817155985,16913.09184646801,17304.628418073993,17704.822945193067,18140.258720895206,18621.496210815345,19145.596632216922
66497.33613951638,66865.7482686253,67409.29755970332,68002.0501415475,68484.01581343617,68860.52921116709,69196.62880518509,69501.84984317755,69773.88825895001
7633.1998503013265,7710.694215853476,7816.746110919806,7938.93047405604,8059.839637491775,8176.364406098273,8294.739071934548,8418.827484792286,8548.572033403982
61968.92772967051,62188.66137827019,62712.23902259258,63423.82291189834,64179.07214261558,64964.30786514236,65828.47432238633,66784.65466356774,67815.48308412811
11671.724619043845,11775.809956295352,11954.090630420586,12177.8930749977,12412.47353233073,12654.440048170516,12916.246786291189,13203.08292044345,13513.722220054551
2636.6710896893856,2691.4636318069483,2761.54437902589,2840.2974323045946,2919.880506644991,2999.156836068107,3080.3870521474464,3164.353411058939,3250.6254903012823
16252.548753740146,16625.919769799584,17046.175083805334,17478.862762341156,17880.541682033592,18251.30406682228,18612.642286303762,18973.668242041687,19333.200605713624
5944.555893101312,6015.208120467962,6102.117698462239,6194.671641836912,6279.307199476062,6355.799990112324,6430.431278917413,6506.087802686162,6582.105297225766
706.3237201279816,807.1912911393772,914.4250418215221,1023.5061669317982,1129.4487512405053,1229.5957852391584,1324.396281352234,1414.8080310825383,1501.0334504959883
22148.227019618513,21979.73508690893,22098.5492391983,22462.279235296228,23020.14717082568,23771.60525932305,24739.60472008325,25935.35651604085,27360.07187547803
18973.148849813315,19902.22781750025,20892.05985615031,21907.792836512293,22901.800059490157,23868.568133356173,24826.928223846204,25786.581128042457,26747.271109338555
19561.96235800602,20207.582190386383,20952.35701665591,21736.403560411385,22484.585404003603,23189.140376954914,23878.467183713674,24565.828781575547,25250.224576429362
2585.6898012672946,2754.7087249061346,2938.970976635471,3132.7576668867982,3327.4096492634126,3521.0732678615045,3717.608927968519,3919.6151627149393,4127.348812407756
32575.588936762877,32376.96920297907,32303.467534984928,32283.88540997551,32234.719180340682,32156.447592953085,32087.07309190767,32041.151807841987,32015.055023470974
17661.518699947894,17512.41967078642,17440.30339156449,17402.842348343926,17346.529676547467,17272.036150066982,17204.20686753157,17152.795090268773,17115.36342739914
33072.89226612162,33007.95663583451,33107.21426639657,33293.31287075181,33472.24526773538,33638.96988887568,33830.704657671966,34062.11877421896,34328.196836180476
9146.791860477077,9573.905246523933,10041.07577002241,10525.474326869858,10996.322803796307,11451.322975682036,11904.160064634556,12361.98038947652,12825.440797722247
1385.3662670752017,1528.9985846848435,1685.4459503815062,1851.1448197230634,2021.3021955511508,2194.80974183926,2373.2615719754826,2557.717526530976,2748.6401514573017
14363.977394311578,14618.958638103717,14943.105331411542,15305.639829782696,15666.162389312027,16024.152367717545,16398.889780342153,16798.974538986637,17223.511892293063
13728.975294421394,13778.415989845786,13918.885915628562,14115.578998154715,14326.11884936679,14546.371396435723,14790.730048682377,15064.170556390442,15363.643884897338
1439.1187571597238,1453.7232707766138,1473.7955002457268,1495.8265833616017,1515.791686534344,1531.9581603043855,1544.054434107438,1551.12339618926,1551.6658892813216
16699.122165475994,17615.936961020045,18569.868075571863,19526.066035419186,20440.53784015407,21307.629538906876,22144.56136050437,22961.9021483641,23762.39521819433
8165.691749281873,8255.020299668382,8388.435584219056,8544.847904722827,8698.30510194423,8847.42915667696,9003.04432608169,9169.958935727585,9347.437474946826
2803.7136798816905,2891.499870183468,2983.652666872365,3075.098488536665,3159.3174686791526,3235.19662618857,3304.816039506628,3369.336485967321,3428.903135961498
24061.626760643387,24705.01876959164,25456.556422427064,26257.17133308055,27030.822547537744,27773.223713946576,28517.330485480095,29278.541902502373,30055.809990914975
54761.25574797648,54922.91534270859,55341.45539080439,55892.00539437525,56419.02202232887,56913.632576293945,57437.51033650133,58014.16519109198,58633.78267680866
6027.330170527084,6311.318547023371,6627.207411776428,6957.278411698201,7276.7887011274,7583.705346311621,7888.4947250915275,8196.371368836037,8507.780668077745
53642.835342212675,53009.19516691848,52591.356523375085,52261.52344037616,51865.601177447636,51404.82657431855,50950.442789975525,50531.751369845595,50143.391257455754
6797.991819447983,6927.621792819861,7083.530898122718,7251.559792539941,7413.906015197367,7569.679741299035,7726.426853147228,7887.310260174869,8051.622156399322
80717.47683779875,80159.16995842491,79996.74716292838,80035.62863449252,80027.1835805439,79955.87888789084,79925.43349078755,79978.64099402881,80101.97894287836
2144.4011714535013,2218.1794603799713,2301.986459749011,2389.985582161887,2474.7548962246774,2555.4590686806096,2634.9191128713423,2714.4125558281203,2793.7252623134987
9352.759090057123,9272.574984593135,9275.065880435823,9324.136217366404,9376.830204019954,9432.78667886923,9510.544667903518,9616.646480127923,9748.791665074874
22089.931854968,22235.952223248718,22467.518738733364,22743.2570579514,23011.83970303826,23270.779456402423,23541.335294785975,23832.208984883473,24141.030043975672
6109.494549849608,6400.8657635475165,6711.189972991023,7024.6280126193615,7320.8104867420025,7597.401158977161,7862.902512465706,8122.128482072136,8376.038986401549
1869.1230828525288,1963.6265241579158,2062.668748627875,2163.0091872299176,2260.818430647235,2355.3635912848927,2447.9142561872854,2539.032082110553,2628.67765880664
24996.008893151757,25085.381664209246,25294.860139896824,25565.8640200088,25826.062316856696,26071.52107104291,26331.52494840733,26619.225722503998,26933.283288135186
18891.69575310844,19224.850891074107,19645.513042282008,20103.005535844015,20532.013299367787,20932.77453025009,21337.330610021396,21759.350110028798,22197.13947108492
18571.832759654655,18917.773858368888,19401.99511953283,19969.882333692014,20550.918998925623,21140.201496056136,21765.6354355091,22437.677079134002,23151.94876964264
27789.18379672131,27582.463991619745,27512.931812654395,27527.393311181295,27562.198290320157,27611.93340813443,27698.6206781474,27829.946188174512,28000.971892606587
11518.358329490142,11694.752935670846,11930.053016005917,12198.925855867488,12469.234503315944,12737.724970644296,13016.394658377294,13310.451228329672,13618.26321338347
17217.311982532872,17302.165390940485,17515.096336301052,17803.136731624603,18099.911757477308,18404.26368764258,18745.57816531719,19135.301917386158,19570.336345980126
6600.689203782774,6783.408949181494,7006.201667332277,7248.568722291337,7483.69818610254,7710.737901797523,7941.856132308751,8182.22345217507,8431.211085300101
13771.605523312925,14206.853396438544,14749.261081204762,15350.46048624388,15946.807564681447,16534.528727064673,17140.2742208139,17774.674920488636,18435.124299893418
7203.510426365634,7407.503662700619,7634.300076919662,7871.110355773473,8100.436706172047,8320.654736540888,8538.881779341356,8758.75907654934,8980.23954149825
9169.409074458865,9027.886787423386,8945.222317077996,8899.778947610383,8867.234764103301,8845.80368198791,8843.10606410001,8861.458988168062,8898.477523394651
15643.646946209235,15941.213177610942,16319.66442376562,16747.159117966017,17182.177662781593,17622.180242442155,18084.51190671988,18576.652612123988,19096.81019006432
11752.149097960424,11870.45564697947,12031.916756094852,12216.632836543504,12399.528618910037,12578.952718970038,12765.330262345697,12963.573277044357,13173.097896501975
62591.815078516476,62587.92775333077,62798.53989706321,63104.30536567394,63360.569433903525,63564.91335311267,63780.89219921538,64033.11810104147,64313.19302893936
4251.776638825217,4374.889853947583,4514.6514128956715,4661.815445911178,4804.309222690542,4941.317750332647,5078.005509311411,5217.112391425899,5358.929103649487
32817.860642748645,33204.24438382077,33706.66606173027,34262.738408889505,34794.523802691794,35295.93157100177,35797.261382621946,36311.909164509474,36837.183444789975
28262.943141236163,28984.698811776114,29856.516701216842,30790.558424585146,31674.457013862517,32494.82806807625,33289.51628805579,34071.83351850806,34833.62890415331
31753.104883242584,31437.537018015013,31233.78685525051,31079.47858573358,30897.182766609396,30688.126131605022,30489.611201791195,30317.74062081607,30170.522897701107
4369.78037918311,4484.086900574995,4614.67726811318,4751.996789328061,4884.414492163124,5012.0583118977365,5140.14273327528,5269.574119974825,5399.169562667191
77892.42033366024,77391.32819183897,77143.08412221917,77002.24765872883,76789.64747581867,76501.02652803622,76214.55617673582,75963.38826474948,75741.06032934944
3194.902981183042,3191.8027422128525,3210.730632140515,3239.1268645178716,3261.615249573926,3277.550587821001,3293.264959412361,3311.1151105763524,3330.245801376968
17137.99738310169,17445.61264905832,17833.09467395203,18260.762177677658,18677.618881365666,19081.70815295495,19495.62607235175,19929.56691915185,20382.300052041115
53683.35960558891,54381.097182787424,55227.89762574673,56104.191300437415,56859.92402209649,57492.1429787629,58070.80966221177,58628.54470491819,59163.705941172906
1758.4937149865575,1952.4801373617674,2158.9813183533656,2372.6585157797635,2586.8060889804665,2798.8011880249283,3009.5706130429394,3219.6616521990413,3429.2583538420563
45801.36945488958,45505.617259776205,45427.547587473695,45443.52403745809,45403.231774308784,45307.030141748706,45223.75389265012,45181.4326503794,45174.545686783524
40966.31429775841,40524.97926389313,40353.0424140123,40325.697125972736,40292.06922433174,40252.77275177358,40275.37493658719,40384.500369082474,40571.50855299086
3494.0327912111734,3464.992335451137,3459.922847240094,3467.895886991286,3475.9531848900424,3484.5643244362063,3500.6132658225374,3527.7500962060953,3566.405175040441
31177.4428341789,31025.085836903883,31017.220855886477,31069.231409614244,31075.462109557164,31087.80662455263,31123.005174791946,31182.855418087773,31265.0351810755
2611.9861941078725,2696.571119349166,2790.5333439845435,2886.560901511073,2975.403103395291,3055.979500333264,3131.8943093471185,3205.0871381453694,3275.8702716088815
3072.856688143513,3140.1768683912496,3233.7960965273423,3343.269588270529,3456.489820783886,3570.6921111581814,3688.7389045098816,3811.5316144498333,3938.2002503987865
20065.83703970549,20713.087386349333,21451.78141761529,22248.37011700278,23058.416926955117,23877.905383917034,24724.65017090835,25606.964245886425,26523.5652481311
37940.44226845905,38482.49179558621,39197.924273688586,40013.612683754276,40836.717739178166,41659.22596870826,42515.97999679583,43420.52620975003,44366.44047956941
15417.66592186729,15580.163319978743,15810.562654691432,16076.485454212672,16336.500562377974,16590.201907289033,16856.380932383363,17141.869016931818,17444.945144986938
8455.977232015466,8515.50285487973,8620.485663188067,8753.88057409147,8894.47843608375,9039.993425328164,9197.572903188162,9369.986989788002,9556.022595609124
7528.848360939576,7497.670078171062,7507.566107906806,7542.208755772822,7582.092749650948,7624.274042488949,7673.934952868366,7732.645878334701,7798.463881583234
55281.12099276215,54501.98319092185,54040.01112311797,53762.12865494656,53509.92645208414,53275.16050343249,53117.695006894624,53057.753310371576,53082.72137398141
3159.3897154088327,3282.883582883192,3413.8290779907916,3546.5217127645533,3673.4187217869408,3794.0005306982257,3911.6416730369674,4028.6018544077533,4145.638479463427
21424.673669244756,21493.525478093674,21679.184199695817,21924.631018982807,22158.747101815534,22379.942543513702,22619.542970511455,22890.246340259957,23188.9502102881
23612.28338195515,23510.64811346385,23531.251766234363,23609.54456157597,23666.64829937286,23701.052653283292,23746.747392542744,23816.928209927362,23907.613421835118
65530.12589111413,65073.853874767075,64953.99629165889,64974.07271800802,64894.76630010343,64719.38539141987,64559.068497786066,64455.76112080533,64397.77590132714
34176.780750148566,34792.441685505066,35505.23823348921,36249.41029995306,36940.666206452224,37575.03196978992,38189.33737424701,38800.72789909315,39407.47225375996
5161.007803663183,5148.758841008159,5178.283414112667,5232.176991002025,5289.42510705458,5347.351647488837,5412.048793796563,5484.76254802563,5562.742284808487
48993.45431278149,48810.91161992801,48905.70745872015,49152.41771241875,49396.82563772912,49635.12772653938,49933.44419849384,50317.55301793743,50779.3386574743
22509.546208322383,22594.472332428297,22781.932774042692,23020.84453913891,23246.82683384178,23458.462763623796,23684.467435211398,23936.92578199797,24213.450716488423
14109.321643211626,14962.830057403367,15904.875612085827,16909.00702922367,17937.859390967507,18986.492292401555,20069.338284749843,21192.572437009352,22354.658462191328
19171.44112503245,19549.077466079612,20035.296547211863,20580.74464759687,21122.903678574272,21658.516517244814,22214.214744021818,22801.51010610366,23418.466155252172
19847.669911702145,19648.533626432098,19555.051061292914,19521.14211030605,19491.470341868135,19463.422001048115,19458.59391055467,19484.78492153962,19538.221168040724
25894.886541727577,26578.948161101653,27365.36270618786,28195.26112192552,28991.078609875505,29750.87894138376,30511.606203319716,31290.98747392042,32089.026354933965
14132.16332480121,14075.729078079556,14087.836455425711,14133.785991266064,14170.846691269846,14198.836342261611,14237.273293207767,14294.38395964894,14368.873353195975
2552.0641994184,2642.6468185212934,2739.8116692395834,2836.5676018516556,2923.7575196732078,3000.401407978886,3070.819952932271,3138.2469723790805,3203.5517283103463
32970.330250376224,32637.958301489707,32477.59972392726,32406.34285222118,32324.565113979497,32229.67097068992,32163.393048297912,32141.82551982597,32159.814353573704
25222.30335284006,24566.97304994196,24102.545057994797,23748.309937310467,23411.075193187895,23088.2678140157,22815.935863809977,22605.27765030307,22448.747569465602
61431.95022174859,60480.35195986274,59765.98847107454,59178.59772769658,58585.25739909933,57982.6786926825,57425.87046072377,56935.41650208994,56502.97823466121
2194.986689194201,2215.1856595266063,2249.5387001212944,2289.9517160369273,2326.0543544545553,2357.5834712127635,2389.120309296527,2422.2907176300587,2456.368914458546
98807.64615374267,96869.79686495988,95481.49763916187,94410.77558333408,93389.01520468057,92395.90243984817,91522.62600741819,90796.28597574987,90191.55368660776
7673.811696918381,7990.420064261247,8368.218990759084,8787.899649236424,9224.346726797668,9672.151212776345,10137.886581727464,10624.684201131136,11131.991170143972
2475.017422093515,2577.6176751043813,2696.084564493333,2822.798878443988,2948.151934528379,3071.233097278836,3195.905665584226,3323.976626577844,3455.417652456094
13644.475429034137,13550.424811377154,13543.563290583388,13579.816631284311,13606.325383659314,13625.820929765927,13662.978318046333,13723.75006481395,13803.225607719074
61977.95575092983,62461.018360348295,63101.33451784612,63761.205783486104,64267.775834109605,64620.052205643595,64899.806402457514,65143.71874848627,65348.655739331174
1575.574758327844,1613.5130771887218,1652.9590660964204,1690.9917051070522,1723.9401190251358,1751.3510285436992,1774.7791303682077,1795.0759731789014,1812.2362338246867
1403.7163183849668,1438.8677824824701,1476.1417254430555,1512.66753230261,1544.8785365436433,1571.759904058061,1593.9446377722657,1611.5123121450742,1623.983408714958
26113.902685896282,26242.856050128725,26514.277512461984,26869.749086832646,27235.671795512306,27605.746509171422,28006.404594226355,28446.870710391075,28921.359107132062
14885.869165692378,15047.37179229202,15308.228559797451,15626.065531668073,15947.928748674312,16272.561503082828,16623.39390424001,17009.59011704677,17428.74705211009
33828.6085702646,33537.700044036945,33453.1795368843,33495.31900271745,33568.59727707823,33666.62522611893,33824.067937865875,34052.18519811753,34342.97668917757
6075.198223338709,6294.247237096703,6542.106034225713,6799.420576147549,7040.665794770176,7263.77395514622,7479.571484359793,7693.540070237623,7906.1798920924475
35289.633259175986,34162.62114138012,33250.04412860183,32376.495701515363,30113.69531767995,28267.469491128537,26733.04276366589,25428.225524476617,24285.216817048302
2399.8932269147767,2388.2102554051926,2392.1670145167977,2402.977389503086,2410.8514814475648,2414.469946570698,2416.5315205544257,2418.0539230764966,2418.5070231384857
9502.152192979987,9747.567827243794,10007.348824644252,10264.213756971869,10494.82749057567,10699.80512914156,10892.417230911778,11080.052157262182,11264.224097341606
74892.73439331504,74314.50195816938,74003.83786058669,73804.02526311344,73523.72996704404,73159.0007742362,72792.06442106055,72454.6477911572,72136.3064640915
33899.57515766175,33927.675499627905,34090.42383624201,34314.32919518508,34506.30652123166,34666.04165310674,34836.87916920475,35036.96778157191,35262.798899279376
46895.37354149686,45866.3106448496,45038.43934356025,44332.63147447967,43655.144471219806,43000.71363174339,42403.906797934134,41876.65637463619,41411.30583970056
6771.990867954899,6907.208617604204,7068.630214395933,7243.946042838782,7418.10642526379,7589.518579356938,7763.759290886199,7943.54114958901,8128.734181373546
11973.474180044,12325.09957759824,12722.146944493472,13140.917111031444,13549.765394399046,13946.370048174194,14344.060449949518,14749.138196415404,15161.004586690502
78990.11888871653,78110.1429751108,77574.67213956219,77208.23088174107,76797.16368048282,76338.28667013437,75924.43766271402,75591.91365019724,75329.4999987847
15578.799029327507,15603.848859241509,15696.769713639447,15827.295792233726,15959.372087311847,16091.642914397848,16239.53122390247,16409.988486105405,16602.821869709915
31277.456023094877,30764.986928720504,30431.854357149412,30183.268064204185,29907.174329788817,29607.414106290184,29336.948946071672,29114.72451163548,28934.647399319507
72749.05532681898,72228.83696907904,72091.6341859519,72182.2523143962,72319.59811274278,72484.09765141565,72730.75260840147,73072.83172427204,73488.69217565643
23183.89027778392,23359.20910616474,23611.5188391348,23897.343487629463,24157.2543809681,24386.191410892377,24610.28191311865,24841.86641980037,25079.45838232396
24762.99128842139,24476.859315253692,24305.292621816814,24184.58337257637,24037.078490372147,23863.92026126825,23701.430729280935,23564.23727961965,23449.495718800714
5933.023361433007,5983.142363397127,6084.740738581974,6215.742261727799,6347.7500633599475,6479.094244905811,6620.697192079935,6776.034360507628,6942.681962145289
24316.024477372375,24183.429768257996,24240.798152892257,24409.290044297628,24596.279281337243,24800.30988144793,25060.52522045418,25390.896544412662,25785.927376570147
65710.93070593696,64899.47022719507,64396.483081684055,64067.71738474367,63751.976691223106,63439.69574545021,63190.8500928347,63025.79815166559,62931.29652063974
12666.62790931274,12975.794535173292,13316.710113748564,13661.37689338366,13972.837648660256,14249.982598401482,14510.309908821395,14762.349076823377,15006.178956820948
45864.743630618614,45127.67486156075,44707.72560147543,44437.34773111446,44116.0048563197,43751.26583741253,43437.97516195532,43208.85735394914,43052.68877756798
65326.46781341722,64672.59250622235,64221.45380754844,63844.2608746788,63383.09347513044,62842.38081973245,62300.07885878108,61789.84457244017,61308.059881342124
5123.790740623319,5206.299246117743,5303.365339528484,5405.18393889356,5499.2996885485145,5583.731804313626,5662.222763718129,5736.108782594226,5804.3278327751195
12092.735405714953,11904.562411879138,11775.764858988852,11678.74326583686,11581.552848879926,11479.451625440839,11380.50297524101,11286.381847353765,11193.458168358506
2118.101454950149,2145.8500687341175,2191.8642844840356,2249.5889963318778,2311.415668841434,2375.697776703933,2443.860395848017,2516.385494605381,2592.976327440788
39426.785207814195,39273.90684434681,39299.175196420096,39424.41425680374,39553.758736676464,39680.846291341026,39841.85633152751,40050.28860644389,40299.5725661814
5762.226419358167,5935.312169321238,6158.3345110039645,6411.796214924689,6670.146670156027,6932.067627218811,7208.613564019255,7504.618932770756,7819.753685146868
30248.71020591415,30308.35490977106,30534.61193410457,30869.228743874126,31240.40824073271,31641.773638898325,32098.709555171037,32620.59107258936,33202.22947242854
7970.673495668356,7953.677635319377,7980.861024664857,8032.164962918461,8083.399393332626,8133.459188582446,8192.091326290278,8263.156997511975,8345.576637614771
3223.7976683415513,3375.0813512672985,3565.5160694922574,3783.4634457649577,4014.0311642171346,4252.7829999897285,4502.0251049581975,4762.41011578865,5032.593201998995
21247.764755490367,21150.029445494674,21148.72990034475,21201.256385135493,21256.851869466267,21311.589633799606,21383.464677482196,21478.952712503436,21594.800216533284
45651.127770471656,44788.01041244725,44175.043047517414,43703.695750916624,43247.02574282774,42801.679748877046,42417.79993505779,42110.98756413791,41870.890570208765
10993.55807660566,11225.965910314908,11513.587768404537,11829.995139879542,12142.500015480613,12448.634954122375,12761.710936014353,13088.19485864215,13428.037089255056
14200.535107144771,14042.118428983202,13964.889823529471,13935.023829255111,13912.64268042794,13894.93796380865,13896.26610342466,13921.561498617506,13967.788454127529
33048.13165374528,33404.52948646952,33890.141649874204,34451.236346044665,35019.039219202496,35589.84662043416,36192.639876506066,36840.238351469015,37530.23496518199
52952.662323754535,52761.345223109776,52775.82687858191,52885.67817239525,52955.22464655588,52981.2608002388,53022.65814106447,53103.63031106188,53218.03867261224
32688.33585390046,32536.993163467047,32523.29641967154,32570.512271164174,32583.176154892593,32562.28695545815,32553.511365382372,32576.37649837667,32628.472590404162
51895.196296881346,51858.60556245213,52099.98798125491,52494.8638894853,52892.226462904706,53280.656193759445,53715.46725702931,54216.67392643498,54773.56277020261
6765.740371325003,7018.008218548649,7272.023151669613,7517.989435124668,7743.697346370237,7949.505099647512,8142.402928197052,8325.995763065781,8501.137003106043
21673.79581634876,22017.31071389116,22448.86216524528,22921.043861647086,23373.523102298,23802.881500593317,24234.15418587789,24678.345114261643,25133.621173690273
4284.242998662542,4383.212744192781,4502.640672432517,4634.168481587911,4766.609987345724,4898.094621756073,5031.995173904675,5169.622592188516,5310.267083968603
23992.735223815194,23692.326476279566,23534.142090678615,23458.879216105976,23395.024951792046,23339.934992751823,23322.15304642031,23351.932163778296,23424.422863434153
19042.07564135728,19319.693098553103,19749.9505307683,20283.03743335823,20855.842943080286,21463.762790748806,22131.533020096995,22868.9851990996,23672.568553566518
10908.114780467868,11152.698488347552,11460.823167432007,11801.04787036083,12134.975983312366,12457.651300387362,12781.837546153169,13113.30823840406,13451.548243590387
27159.95479953772,28499.856372420585,29966.1846768892,31512.139916603686,33074.97256518907,34644.45330035377,36240.6586757384,37872.14215908632,39534.86357266413
11378.456279882936,11612.656859212975,11887.38366992427,12179.764905247077,12461.002497029063,12728.751302147733,12994.597887672307,13263.880956660112,13536.38820703439
2377.574737812394,2529.2811546305156,2687.496476050893,2845.3975349813554,2994.11825005065,3132.076458794292,3263.0136076023746,3390.0833509713766,3514.8145590511685
2252.5698759228835,2405.6974826858077,2572.3255163597037,2744.653723498388,2911.6428123520773,3071.2073946089263,3227.4951024455636,3382.951147364197,3537.8550386050883
1789.8556244535616,1827.9205725934194,1872.9696662742328,1920.5764770363219,1964.7941483249272,2005.5103872144093,2045.3114852276972,2084.944450138142,2124.000541506969
65938.0582380096,64867.55095256659,64242.427344115684,63831.26663936153,63359.09183527885,62829.427026631085,62364.578460307115,62005.84541955324,61735.31746009791
3318.5831394361685,3379.2048744285653,3444.2006559662836,3507.6197237167303,3562.2849752703787,3608.2553824182282,3649.115955726106,3686.355910098956,3719.815499390887
38502.75501722239,37405.167677909,36583.76294534236,35921.1018901703,35282.60681528353,34661.649355751586,34108.4909825156,33639.30287406818,33243.204427552075
42788.90423203742,41850.93232619489,41179.50082547293,40666.93928689138,40187.715248739616,39734.38655552718,39351.705974384306,39053.78383577378,38829.90031079936
11209.319559610924,11305.12118684749,11456.083513264522,11633.714218621892,11801.60068645788,11958.823951561351,12122.185290090294,12299.54685802985,12490.270321707596
2828.4741824212033,2954.6869464765427,3093.872263532729,3238.5654446962285,3378.387153238067,3511.4418565211686,3641.363980408019,3770.0581076054254,3897.3498911537854
13822.468571157113,13991.886488744733,14214.49284177314,14466.731289197804,14718.830493121313,14970.17262320557,15233.155437085385,15511.510134417718,15803.318341847562
66106.02862112182,65559.30275602709,65371.395116640655,65359.15123222587,65300.59155224557,65192.0676090248,65127.384353622816,65139.91547517334,65213.88672513287
69807.15369445093,69281.30826774344,69152.27102767622,69274.72868482457,69472.72836075924,69732.08751810122,70114.5497357659,70640.42619784905,71294.09230324929
53467.79031405115,53152.799935148294,52998.70692613623,52904.325138587876,52745.376942136885,52523.91965952376,52299.99499313244,52099.249944006275,51918.1776457222
-56.25527049687254,-45.38344263659763,-23.26136026030607,8.606871202693101,48.4371227006602,93.8381192958316,142.49991981185397,191.5247461807535,235.99923461669576
60346.47546504768,60075.93420647753,59988.35104519036,59988.490142857074,59958.17787202262,59892.80017852521,59841.836180331,59825.87344480041,59836.350072587375
13294.712355230204,13562.38490067073,13887.67633625372,14240.660501861394,14584.113170466451,14914.900644363346,15247.655214259627,15589.038749621872,15938.143669978848
4464.554428415398,4534.181457538748,4639.811568198019,4769.59666862007,4909.2752920588955,5055.710075382737,5212.098660033572,5379.479841552759,5556.797901760781
9514.471963955104,9815.503407979104,10141.832657739064,10475.9847100406,10796.626500426317,11104.616320384761,11411.130977134275,11720.169424632457,12031.041828355943
21488.466318810297,21575.89676186105,21756.079684857774,21972.71890548842,22155.12710647142,22303.587831932102,22451.601429592483,22613.335469068206,22786.735327942595
16573.591879198186,16975.47833594814,17418.907031132556,17872.80329858678,18298.3714294522,18693.312060642555,19074.729936002754,19451.529554143734,19824.614371055755
66015.52016195215,65251.378169096715,64657.96259379866,64115.90509704399,63486.249211102724,62761.05383920855,61994.346303275765,61209.24983926776,60401.66425391899
17253.33231988508,17368.901774033464,17571.674450860723,17819.829121211,18059.595529898852,18289.175537024417,18531.564405607318,18796.071119503224,19080.645689958204
24349.268871076147,24813.381098530164,25435.83790854046,26135.35241566913,26808.74824720844,27447.50143187382,28090.226100840722,28750.797646008705,29422.292780216638
20540.56564287492,20394.692790263372,20348.339672015947,20357.616900753143,20368.415114325737,20378.72643067936,20410.728166049776,20472.86148242641,20562.831306502474
44693.34272058259,43802.51288610096,43148.802409096694,42624.31928905908,42101.879729929766,41577.80874525952,41103.56804594709,40698.370155480974,40354.973072565
16415.75289090729,17090.08876822201,17813.85516141102,18552.19249408297,19258.914901137214,19932.62167218588,20596.19365735907,21260.921003996227,21927.53742340748
45567.13331728653,44828.23054023271,44397.35318420791,44138.04494414258,43889.25360683014,43648.28958458842,43481.799068170796,43412.272604458994,43428.27517011586
66466.43941177701,65280.65398094791,64465.04726287501,63836.678483277414,63177.50655060909,62485.88732724489,61854.59325383213,61316.81656448083,60858.89051000343
-1484.751709144543,-1345.7857889722914,-1221.4357306016414,-1102.9920043004984,-979.5279731111598,-853.1706147842045,-731.8044976405129,-620.0965252525011,-519.297893523683
5219.679377555242,5328.947687222839,5465.064440196078,5614.690815303152,5760.563845119004,5901.777811900251,6045.833053134283,6196.137733098128,6352.3944399123975
2891.6587060815395,2922.359078820994,2971.792122127671,3034.1599997073604,3103.638291254438,3181.1064831515396,3268.541068563757,3364.1186185728798,3465.971473902272
16114.307488562177,16437.685494973335,16802.759136367225,17180.084818665844,17531.40447271711,17854.800838758125,18167.106299110434,18476.370878096266,18782.12227906586
6615.405009039353,6604.357474515445,6635.328908464498,6687.201989699698,6733.765886803549,6774.970761183915,6822.6480559481415,6881.567747659512,6951.178428116994
9847.078683007314,10402.284048661706,10990.682901414582,11596.054864056661,12196.956370999282,12790.199765122481,13383.950485598481,13983.282208787872,14589.437781022923
15063.142619714776,15719.76304680132,16399.662634023258,17071.6899245902,17695.64330835266,18269.750208232974,18813.324020784374,19337.081074958074,19842.54108595047
2909.506449351116,3048.252426172984,3198.86306239294,3355.6370323303786,3511.660081329159,3666.0114023522488,3821.149360966275,3979.0696964502176,4140.664923912242
27728.79578133223,27763.255976995966,27888.744952589186,28051.687752757334,28186.17258725007,28290.656044206513,28394.74572181059,28511.79906027185,28640.20303466298
22718.039822234205,23265.744158366284,23908.67352512689,24583.95040913463,25209.376534524516,25784.89967691037,26351.408019595452,26927.410257283063,27511.816068805212
12704.367047584095,12961.053460994364,13258.354968862443,13568.146028685864,13854.121923123965,14115.936104631353,14371.452809005254,14629.436316536096,14890.015335131011
2574.2055397947465,2780.6562414763794,2987.233695630321,3189.8923053143303,3383.335851751568,3567.5865250189113,3746.731757312427,3924.2327778678464,4102.6394268352915
17305.270669740687,17258.3836241745,17304.145992907805,17391.049299614944,17454.86929543113,17496.976184679042,17548.352318959867,17621.42993765439,17713.96280729181
43375.46595702358,42855.783482326406,42572.845771031076,42428.75198023206,42305.04825266275,42196.84665712857,42150.74238768153,42183.05307848011,42284.89808745866
9038.60976901371,9206.799489026354,9404.278432764671,9611.150836696204,9804.436577837978,9983.352290023766,10158.577265468217,10335.678880241925,10516.061641581131
34225.54503827435,33609.729232618694,33179.4454560081,32840.330698849684,32479.791717925596,32098.30183532899,31745.577441593014,31440.083863264932,31175.71323002658
30883.46629546955,30793.062543728756,30936.970749037497,31234.874731368876,31589.940667085048,31991.228227016996,32468.497354564322,33029.922558409875,33665.3548695395
2810.8586813968845,2958.634351251503,3118.545600751517,3282.230612799399,3438.946827950688,3585.9336039839054,3726.4213548918674,3863.04460257498,3996.5290603798776
-171.3574078675835,-94.29872311081331,-13.090240707265098,71.22822556074978,156.8347592761516,239.01549925936348,314.83750994963515,384.7312988717579,449.0803794791937
17799.46018451229,18033.836676469957,18374.571505191405,18763.430925166434,19128.161755705783,19470.424764774554,19825.642019612533,20207.055476098056,20611.365554145224
2151.058262275089,2211.1619299895847,2278.3536851903364,2347.8454136577793,2413.315812495382,2473.935058877339,2531.7478708089475,2587.1974221662563,2639.409025484127
25719.32867557919,25323.94499442034,25096.2780074889,24956.994953889414,24810.58052196164,24657.940626734115,24541.949495719527,24478.02310224141,24460.612506567504
16489.116160577552,16811.85898348023,17184.16178963279,17579.63450793866,17963.746271185657,18334.74227257065,18707.7743466616,19089.947927022535,19480.49732229053
16155.94926310206,15915.75263930826,15803.705357396904,15763.514431640462,15729.057224021888,15699.67810912865,15702.82609481906,15747.091310477997,15827.465778693067
5136.550234522462,5277.818712904349,5436.669309289932,5602.861586910385,5765.482595758565,5923.896047018186,6082.487597194297,6243.487571781143,6406.936193682732
59610.77555396169,59566.81304087361,59684.06289731991,59847.33280457422,59913.562428984435,59879.42963093502,59808.46884617282,59728.25591265211,59634.5973348355
23957.314111038224,24057.90493301056,24251.069256259772,24491.748507955755,24723.900084907742,24945.05740014107,25178.920959614232,25435.619947444804,25713.107904546556
5160.707934421889,5420.321951523323,5700.633264041754,5991.899163852292,6280.980671742752,6566.1630232504485,6852.576718304482,7143.12745137777,7438.549053910333
43344.90342111555,43960.02157874435,44728.492372856184,45554.57074319201,46314.71217135601,47006.252298913096,47686.34373924568,48380.54920019149,49085.90831127424
20564.58599871087,21154.765527886608,21856.25464929827,22600.394618958675,23297.768621992927,23940.046874494587,24560.838473654378,25172.922987547085,25771.500024239656
21697.44629393744,21575.300061622467,21591.76833909574,21668.760972453863,21711.308875228773,21723.348728546684,21751.219685354023,21811.910584556088,21901.0664655242
12879.393084210915,13168.659131091661,13487.708048481347,13813.224065139882,14115.673495012623,14393.32331257911,14659.117922860394,14919.540737174453,15174.633523866822
3730.4360837786703,3925.02548926213,4112.650303972515,4287.791912564419,4443.517280436209,4578.681624905607,4696.990687712717,4801.218864400029,4893.216913429824
3425.1102902946814,3529.1461708650604,3645.817000155027,3769.276255225502,3891.7817705109273,4012.889491373102,4135.896421328513,4262.128354690433,4391.446731020951
2199.490751196093,2280.542826215336,2369.205229585994,2460.4752728127596,2547.4440441702386,2630.334915017467,2712.3857953935667,2793.8547366133394,2874.473833240575
9826.054823234794,10097.808791222387,10419.807588571948,10769.733626295354,11119.72677235516,11467.887521450495,11825.907665850586,12198.902454317471,12586.43734546131
13388.56333210719,14291.317455843058,15296.103382071744,16368.559263554609,17465.011177574394,18586.560371976113,19750.08467672418,20951.08047877288,22180.56527994081
43280.613983379604,43261.632131207974,43563.97378193421,44072.95631477241,44649.547949904896,45284.455261591946,46029.82103236015,46904.408421567074,47898.42752963603
4038.4139467141954,4384.346174015722,4766.763883731728,5175.434453476172,5596.30518402247,6024.216607233858,6459.9431068531,6903.242744293194,7353.063598727557
60594.276177743544,62054.50598843155,63782.13169487221,65589.77460326432,67236.92381688194,68712.15692896115,70118.21981048708,71496.12070497382,72833.79139580073
40064.95157741065,39920.955052143036,39930.646155154725,40020.21062909588,40097.70120089072,40160.68397612234,40248.83569858682,40378.448585824655,40545.23687656771
50804.12715915437,51099.6840928128,51636.58116878348,52320.18093216408,53033.83116723948,53755.080354342055,54509.60495509496,55301.05001064699,56113.06754084769
67818.836160149,67316.82094269127,67106.48536250844,67017.64302572029,66839.48799335063,66575.59004604458,66326.48550049924,66133.18921994226,65987.9949615313
23503.384723161213,23440.836716866448,23484.25474933954,23586.550430666397,23691.952634240934,23797.777609385794,23925.838544013717,24083.76992166943,24267.548102717672
13747.859757973156,14059.971322589141,14387.184241001569,14710.00774573091,15002.991545976516,15266.201962023084,15513.097624636217,15750.987320896245,15981.000636524614
14919.17006271703,15098.14587786347,15360.298158166228,15665.87775927016,15963.357333406073,16251.858623499802,16554.940187323456,16882.33747800711,17232.039976008855
55865.61789657566,56083.47849092882,56579.28863605912,57164.677666432945,57610.58160857236,57905.221554321186,58138.93295858598,58343.93578202494,58506.423785112376
63728.08334136951,62006.59155463019,60711.433166635914,59663.7970370872,58657.13682805705,57682.89105407886,56817.62774130314,56084.29997150202,55464.66889449388
15774.519550786363,16151.90187188932,16510.477229003292,16835.60270659631,17113.293925390695,17347.108449024312,17547.886020192247,17719.518585321905,17862.260539610863
3435.0547993220002,3651.1758433443038,3907.745336946671,4193.160338900687,4491.925491123854,4800.953021778915,5124.552402682843,5464.613297021209,5820.724547662243
11740.496454923037,11960.983780422834,12269.853186678756,12629.723810741376,12994.58934263063,13360.40542353837,13743.617615201221,14150.591209055503,14578.269081687418
77544.13079860757,78075.36523490051,78757.71694727722,79484.48003517019,80132.97089462903,80708.60113071524,81273.00061147453,81847.95518779542,82426.35262090954
35056.243332275684,35091.01745518073,35346.56709488493,35758.91672033841,36253.00295768981,36817.5144817722,37472.68649201783,38225.078207332896,39070.44213669235
9116.49253297789,9261.556743170408,9442.360570082623,9641.177195260198,9834.802778283529,10022.847413420743,10216.414112435155,10420.808642270507,10635.907075001862
1998.3108393911248,2117.6231617147164,2243.0067698510984,2368.7452716059515,2487.331253649659,2598.177120294901,2704.85747380074,2809.5029931772315,2912.671609086157
7104.714673245475,7181.544547036903,7278.453134089336,7382.233551579318,7476.603967670471,7561.33971053214,7644.246458809707,7729.3758671956875,7817.319758765631
4908.305691544851,5065.963364282173,5260.022431771161,5477.383498711625,5701.354608344235,5931.357896160005,6174.970992029645,6435.840672431995,6714.152090642001
4531.140294625081,4652.670992581666,4803.69277650734,4968.608702790067,5126.941162811119,5277.688120070553,5429.859351842327,5587.390599793904,5750.00872874249
19102.501508435154,19197.329497594164,19354.872099457487,19539.299287202724,19707.066197160377,19857.756536768957,20011.38149684599,20176.121832582074,20350.227297307174
28462.034281005555,28331.468475998765,28350.11166870855,28432.02821191563,28471.308712288206,28471.105687886287,28483.17604272123,28527.748447595688,28600.556983316834
54491.37958794632,53219.582226736406,52360.86050474878,51730.47300896189,51112.50741838183,50507.304572869674,50006.29464749411,49639.1807960859,49390.576226938356
6611.898197796185,6732.574329514003,6884.16798628548,7052.64290224805,7220.656899662377,7385.495467543288,7552.4808725892635,7723.824857132307,7898.642130298041
12950.208291167875,13141.517708441163,13390.087791763028,13669.612313240199,13947.512821081955,14220.678492858939,14500.966335912659,14793.001428057483,15095.005825495915
2830.3538154933262,2888.736374120595,2949.138978648891,3008.3123551313715,3065.2735961279554,3119.494851690467,3173.464322726889,3228.470204865917,3285.1319537921177
5073.322592880363,5240.414864892141,5423.681626446526,5612.096998340291,5791.781324487158,5962.128094462687,6129.486503007745,6297.450077164598,6466.730899497703
3189.074095448914,3319.3816795467756,3465.715538691417,3622.3871047105517,3781.5051844757695,3942.109573835333,4107.533389988488,4279.969735989921,4460.154773038218
3574.0311303707736,3705.9142115812747,3850.8653987168964,4001.4959427720514,4148.826728319593,4292.645177651839,4437.099572074655,4583.901597658874,4733.141660191243
9452.541239106511,9483.121163768006,9580.962796822983,9718.443983224402,9861.139293576944,10005.645411953828,10163.633621775596,10338.343727783255,10525.979021364969
8905.95518113575,8937.713358260737,9010.103726939436,9099.394771050567,9176.53743576857,9240.4787719261,9303.52180023269,9370.89724572189,9441.858404330189
15175.884557071544,14984.163904065115,14884.202142441389,14837.433906211358,14797.949047500188,14763.587286937685,14752.078620376353,14769.60887143186,14812.886734974796
10032.330945761987,10730.151423435133,11451.360676332639,12170.322676305472,12853.74569700772,13498.547871265975,14119.968885269072,14726.932541326134,15321.183977332901
3285.7571271640477,3426.0418684447477,3579.6775782801838,3738.6688897618706,3892.0191048573784,4038.654907648518,4183.290149283001,4328.4390659636665,4474.226414974518
1373.1710009941805,1431.092871658523,1483.2438969669465,1526.4679430020492,1557.2666724705082,1574.5380430190814,1578.7396787198645,1569.8488276508238,1547.424519257984
40543.816519505344,40391.30203375135,40545.671402331674,40890.22005956564,41281.04525693199,41714.676181633804,42252.10395129006,42915.76143454013,43696.59932307101
32543.05283119809,33026.38996737165,33666.43204507136,34368.65487721238,35012.52334297796,35597.583242272216,36181.65568758854,36790.218365705456,37421.067022550844
46645.76530727491,46271.522617593226,46128.78096523615,46084.15211951388,45973.86106089639,45802.85375391368,45650.35860315472,45547.17816342075,45486.16913467457
29097.3903678815,28781.17579678403,28624.523182801957,28553.491239035848,28478.72505750555,28398.050199800386,28350.018398769982,28349.670147922632,28392.53298251786
1015.8325643552548,1123.1164648954648,1233.7418984349843,1345.7232331377206,1455.1748659109205,1560.514577103556,1663.307869362424,1765.6926730164153,1869.2529656812358
65086.166218441314,64252.788137992895,63697.43061075139,63290.61335937096,62876.78852221943,62443.527051193356,62044.91160960284,61698.497711406795,61390.64705298181
3167.225711503064,3304.3158630732287,3443.0346334149876,3578.5306637692465,3703.7742767542786,3817.4946070837127,3921.932364970878,4017.901703195503,4104.695449843905
958.4123592010535,1072.0982150150337,1201.6168600515334,1342.4095633513004,1489.707187369205,1640.2783406117799,1792.2448720456305,1944.0844287810064,2094.8676884261095
17254.682549427183,17417.16233466041,17630.389820346943,17868.14039841486,18097.478018534985,18318.03123894083,18545.114471275556,18785.24559635257,19037.323218462483
2818.3907550968593,2944.0814347330415,3081.5595089193653,3223.1266063701523,3358.774764844404,3487.9979734122016,3615.4562255108635,3743.684867461124,3873.2940266654723
11014.571665906959,11259.767728738087,11547.539785659512,11854.937737620232,12153.505218107673,12442.328894131348,12734.232058581227,13035.259152153872,13345.569844680998
31872.33944144337,31516.031734411856,31305.55781413135,31168.159626036733,31015.594897879364,30845.507020043446,30694.41967325024,30576.345739753866,30486.34206770635
3743.9427077584746,3925.881931381067,4121.581040382232,4324.4244913771545,4525.784885776265,4724.6465039776685,4924.68464833817,5128.197865572886,5335.9026769452985
66502.24603746619,65626.38149081149,65122.97237881524,64780.73058280845,64346.77651516184,63826.136879367834,63336.0284803148,62919.224804845646,62561.813079257896
21315.203703354273,21812.223728205743,22470.05631978328,23212.576512611955,23941.885906598767,24652.691419391078,25385.84201337432,26157.338986524563,26962.94322213509
66262.90988300458,65236.535927777884,64534.38135501674,63978.26817022337,63359.05676500443,62667.77488261033,61985.44690332754,61340.1722385744,60718.33376712243
31785.352709814208,31945.751498702877,32244.047484695493,32613.443522105532,32969.89796648125,33310.891601081974,33672.99687995469,34071.44157056806,34502.55128201026
33558.85825401478,34878.682934523684,36267.069371805126,37659.026146856886,38970.49555427527,40193.72731296912,41362.470600649125,42493.6560919467,43586.59299266595
3298.883026607007,3385.9426556024773,3479.1119452564058,3571.6327058829756,3654.6124407071793,3727.080508433419,3792.213598366558,3851.2731236341733,3903.6394662732564
1916.5159960481444,1971.2557283942238,2023.648047005153,2071.953421280129,2113.531732965452,2147.465312088661,2174.740409751887,2195.9724033686525,2210.8497296660466
3380.4709065331,3500.884556277237,3645.5457948370436,3806.632919812097,3974.661048031294,4147.003591859064,4325.20340026086,4509.716258200589,4699.70510567654
3071.430863536181,3112.597410787268,3163.669149275824,3218.54506120894,3270.002492550434,3317.7095979084634,3364.662908922728,3411.8668232073555,3458.7586008384505
46141.3210804937,45540.889896477885,45186.9613506753,44968.80288100818,44752.52764731954,44535.53877641041,44374.64495046261,44291.33163099579,44277.803335679244
29427.946397336542,29617.769625346147,29899.236008260825,30213.72379184185,30487.180327361253,30720.165866941632,30949.22932591696,31191.392690280183,31446.224094598845
3565.9510164703183,3689.6966741184397,3826.8107594835064,3970.5644048866548,4112.732152861695,4251.937087787396,4390.933644961132,4531.206221726932,4672.902960603023
51965.0803947065,51657.13785811405,51532.33999729463,51498.07071561189,51440.621425526246,51357.4910010615,51298.21767072304,51283.600494751125,51309.06458528749
4303.406962938098,4410.678260689149,4532.0775328365635,4658.533257732489,4778.154480727249,4889.004475575688,4994.815449771485,5097.499998277204,5196.769062580851
62662.97039693472,62149.2807405198,61873.57459908083,61708.15501129951,61496.67040089011,61235.062094295645,60990.56220657502,60789.80541766151,60624.63779117958
18614.486005148097,18475.934053833473,18437.033974137717,18449.973772488698,18455.89732581854,18455.319216559947,18475.771840822534,18528.467095825923,18611.172704990473
8128.845886956043,8321.513159972399,8548.677592896438,8794.790250143604,9041.898260045344,9285.902353856154,9530.171849849929,9775.118700539222,10018.602811344737
7258.2372611306755,7397.181107255236,7593.545960440263,7830.959616178555,8089.4574182253755,8366.406716641008,8668.05997460343,8996.148629639136,9348.626549648374
8429.654751900403,8670.583837765647,8930.913369861839,9195.473400855559,9445.606908530885,9679.953040869717,9906.294154606918,10128.126391675147,10345.206964431542
43499.961517378986,42797.09646827848,42292.194862859564,41897.28437921045,41507.255112971994,41117.91746614726,40770.5934143206,40480.29498809007,40240.00121872736
14239.472106967747,14564.431332694166,14936.328129075277,15332.495582958916,15724.83539988303,16112.62178533472,16508.586300535935,16917.727619136876,17338.631635186815
14689.015422345003,14843.574525486696,15047.728034203266,15275.896442886286,15495.367679519586,15704.561485734363,15917.336238710941,16139.780083262844,16370.755652241949
57442.70853866737,56088.20323540763,55156.21860625386,54507.786906859976,53990.07996080141,53577.00822254043,53295.43984243819,53147.36793848845,53117.06107673201
5991.674214861687,6269.744162623636,6567.589995001515,6873.451881417755,7172.762779624426,7463.19834457109,7750.133970202331,8037.164725761824,8325.884224253457
32982.81573637746,33001.2919693628,33164.81614464498,33406.136659107884,33639.99630343937,33864.90188473887,34119.16630169312,34418.80975927781,34760.24318504643
8340.619665991804,8601.704986007577,8886.243911453948,9178.707845914461,9458.467235876602,9724.702694257812,9987.130398604882,10250.753202457701,10515.915133489527
15026.650793256744,15492.28873635178,15967.37412335728,16431.325412621973,16859.18908017989,17248.793743977643,17610.37274832572,17949.121240532462,18265.397355842157
8453.045362248575,8977.010112771313,9542.158097878253,10122.72667785892,10683.248126254291,11220.644350742437,11750.439940280705,12280.681192545171,12812.058236936808
13631.303600551508,13784.921767810638,14002.398564358724,14252.098159421028,14493.372108344627,14724.547863659685,14962.925131381866,15215.440345591673,15480.86507955622
15949.136058530752,15827.095777061293,15762.312715093834,15723.558107863626,15673.342522985398,15610.612418854915,15551.67181242224,15504.093418583396,15467.700147948402
8539.602406301581,8682.929222404879,8860.133315138308,9054.331134398733,9244.059440317254,9427.983568709747,9615.025295182548,9809.281496260512,10010.295859253869
51741.73538268331,52264.61575971972,52923.61869316518,53636.68782085331,54299.86747210412,54908.28303700108,55505.79555731747,56110.29416520402,56716.28632263528
39565.85519604522,40081.49184641931,40741.237950681585,41454.38854587072,42106.53642494296,42687.89128278972,43241.21029846676,43783.15172992942,44306.72041016353
751.1619683318869,805.5564106157159,862.7388988131728,921.258717889462,979.5402751235825,1036.7320087731136,1092.7431515446249,1147.6188891895101,1201.5210761562905
18695.490143072264,18896.67286220107,19184.137230360317,19514.830741538175,19834.040993369403,20139.623275129285,20455.39222822372,20791.64076933493,21146.506923939352
5472.154824327038,5503.010188960214,5568.883617890288,5651.584296579409,5727.959646422917,5797.888117245476,5871.752195335137,5955.166252427217,6048.398273530829
1904.1271636525798,1725.350512963567,1539.9751386975618,1340.8048463024277,1119.0198165610097,869.8117422908111,589.4669119643568,273.2400227827218,-83.93056846196592
78461.07703615718,77418.59537661154,76899.2769867944,76671.41433923006,76463.38573145872,76269.14235439902,76198.41890006262,76285.25789408378,76506.09602690194
78932.06983475904,76990.4124112033,75633.85559145648,74649.64935993322,73796.21583762516,73046.02213650555,72466.3952948892,72069.82908183582,71825.12332547137
12241.034453412101,12240.61074378696,12281.857998759993,12337.768106682399,12376.28159544147,12396.658962619651,12413.265489616044,12432.594688140509,12452.622748953203
9718.094408258818,9777.952703064524,9899.01227740981,10054.023427577296,10209.036456298514,10362.990054965387,10530.27807171173,10716.683669698174,10920.723401300376
12185.359045749186,12166.016052801491,12227.056343801358,12337.49664179691,12457.625926534707,12580.859269450504,12722.48941091066,12890.695545035938,13083.28173646799
20542.99483666071,20611.27766400529,20792.32357818058,21040.48123827385,21299.38720091945,21564.177533624745,21855.117339512286,22179.51151734651,22533.043271782848
32191.09050440276,31824.82308956205,31570.980368387653,31363.434450947138,31120.43990324548,30843.755392316478,30572.977945808423,30325.075327686514,30098.047249092462
44616.32055378738,44931.35080122886,45487.58870523969,46161.07126753729,46799.0217191057,47390.858998535594,47995.35456691932,48635.03516722667,49301.071078818975
19139.072784383792,20503.5318889648,21957.19213131283,23444.50614399266,24895.212626999473,26294.15039665573,27660.708889235026,29005.20885395188,30327.16470431853
69367.11067496796,67939.77157770234,66860.07231392081,65959.42160859088,65040.54766931991,64090.01315518732,63176.73707861354,62321.83989878396,61507.92745067426
4835.546275072349,4870.682961085555,4921.93740911536,4977.926245159802,5024.3946258795795,5061.272654055858,5095.005775828278,5128.27847796897,5160.677429715215
14162.063919695112,14514.304747156073,14945.26981516915,15420.009358841493,15893.993858846963,16363.830206266994,16847.79580646222,17354.617594024345,17884.046659388765
5936.121330382229,6129.967670595684,6352.835827388257,6589.353257661462,6819.496020739572,7041.877670070505,7265.224024199209,7493.631624176591,7726.856684137734
55554.836364315386,55463.31355016554,55574.09976008075,55749.38686250279,55820.927980427914,55788.870951872144,55732.36174376788,55686.61870786238,55646.819180660495
682.0729459176688,735.1450758072592,788.3212128777064,841.5545057599301,893.9844761226723,946.5618230873473,1001.4433161573849,1058.1682316462059,1115.8131477307313
6848.411690781653,7106.7004521558565,7420.365420036198,7768.924081050848,8125.609326936403,8487.832623635204,8864.625116561712,9259.579203326326,9671.438840679617
111359.04648626257,108824.15501737366,106980.1182237437,105583.60713339895,104359.40609612629,103270.52893661315,102387.63043629234,101723.7134301441,101243.19954224516
43712.332641485176,42933.142256610074,42354.449425685205,41887.5079582637,41428.26134214171,40973.55543999499,40564.70249963049,40215.74104271903,39918.976979222054
41705.44823048518,40963.00021956948,40416.52858923768,39974.673546009726,39528.74626825899,39075.93612849308,38660.86977638174,38300.37425360704,37988.04202308309
10284.330088994711,10261.059965515655,10298.013052421833,10370.65278145275,10449.67341994286,10533.095523338365,10631.695148040932,10748.88377927942,10882.124570605847
28803.374967194133,29798.614440810496,30870.845309349144,31962.17948575652,33014.51953520522,34022.82347955739,35006.87987649489,35967.239631655146,36893.303025459136
2290.036176757079,2372.5230025441374,2467.5266570867984,2570.2017954336206,2673.711731479976,2776.221390336827,2879.348045137303,2983.6871643882346,3088.55557911996
23083.50642826121,23291.189747843975,23572.643592310298,23890.71883698223,24197.462288963165,24491.07450785085,24792.348064831684,25109.895717440035,25441.31007957095
14109.24502373286,14252.26988445675,14445.288585536297,14664.233794979475,14879.18140923122,15087.89379158389,15302.142345968667,15526.97390071188,15761.194897941115
18887.118786206112,19295.997771085422,19753.296762819504,20224.38354089859,20664.102817805564,21071.876662129056,21469.669961877946,21867.735113269868,22265.641279729312
10263.195368726134,10522.329639600875,10775.634563158386,11000.9517320302,11172.93894677445,11290.530544709345,11366.078096451356,11407.587160172929,11419.719821542754
17199.386500494074,17456.422765603915,17803.194889546397,18199.89401570052,18594.59120473858,18986.21019738745,19398.947969472858,19843.005606397644,20315.908665547195
5123.799086318364,5304.331378939843,5484.328876851702,5656.05049264581,5811.728130400241,5951.159834421704,6077.818056565459,6192.176443670742,6293.0876449456955
2169.409957479212,2458.578343823715,2766.5421494259585,3089.89239090106,3423.529191792911,3767.761217206547,4127.588151522987,4508.0727624418005,4913.437779193563
67081.50305958746,68095.88220115511,69273.4791987858,70482.56622820423,71553.89754560361,72482.34688186392,73343.44332231121,74169.32740223127,74951.83903801453
41604.37419836893,40822.556813577416,40310.36357213969,39977.44387019733,39720.74411926173,39526.11243180688,39419.74632805158,39405.86457303668,39470.47359653546
7943.992403252204,8105.028457265765,8303.17409683418,8523.114270194377,8744.741384453384,8965.203736027717,9191.113851751707,9425.393561488412,9667.092177691644
41451.9341684178,40910.019248100594,40599.39875520282,40423.9638357978,40269.0680604546,40126.414274439085,40035.97400224929,40009.70673033968,40037.22325254464
11618.539426267565,11820.466262375689,12068.92083226306,12333.179309224148,12573.262492846883,12789.94131579702,13003.590979757699,13223.193317549094,13447.88388561218
1172.025235997501,1230.3303674860335,1293.3489188971157,1357.7723749282204,1419.230340572806,1476.5271391011272,1530.8806256404594,1583.0611552864038,1632.9445058668086
3107.6939679102593,3232.6326384075674,3385.315178252863,3555.502333942546,3729.9849131251826,3906.8537833161186,4090.4598954770668,4282.544243100982,4482.511722434635
32921.67737579711,32632.371128280476,32550.261908940633,32576.53756743213,32591.254320722484,32594.014179059555,32637.765295686895,32741.960433821445,32899.68304399578
19643.952890396606,19613.834368381402,19670.054879249372,19763.585415401205,19835.242889101257,19885.801436829268,19943.65747119906,20020.93020405761,20115.333064913262
30679.414320182364,29850.058471461194,29251.628488937902,28778.119077730487,28304.64222217401,27829.07475958208,27402.602876724886,27042.11029042423,26738.7136144335
24843.27852330038,24862.19248228459,25050.49930242994,25332.134245006797,25615.860962802868,25896.232769981016,26208.49131277702,26565.920349711432,26963.848754673185
125520.74082189391,123412.00470471068,122006.75368006532,121025.62372425968,120139.35825277776,119329.81251638655,118718.97312735558,118346.87808078402,118185.60243924563
39631.8788085067,39770.81128232943,40104.59421414007,40506.59967629073,40816.86028368102,41042.243763298546,41265.12337348708,41519.254619476706,41800.503639750845
2148.6034575952835,2600.175432813747,3008.566097087065,3378.7041570125702,3719.9928922042327,4031.6199266857484,4308.354449713543,4546.2966824236155,4744.054610393389
25048.491959654784,25315.407858930153,25663.990992745297,26053.102458618283,26430.976451796807,26795.214587935592,27167.763402607023,27558.01882750539,27963.914260639158
67384.70711769922,65814.33474221407,64742.844321148536,63978.48078759135,63298.652488672225,62694.69924734968,62251.50014417613,61997.054428192816,61914.6103280991
37813.85079600378,38071.86617677988,38504.358547080636,39028.74159370341,39541.84912335077,40038.6005778288,40561.62633637932,41128.26527595722,41733.453163016915
84546.48327443095,83393.6475840186,82716.75183708858,82297.3281682963,81878.94593050698,81434.52203037291,81041.22542008813,80717.01906412978,80434.4696911579
7744.751659334144,7914.857659884132,8107.677436892097,8311.977779696637,8514.188969919393,8712.379954071243,8910.795229721145,9111.335151328753,9313.939407765716
76393.67499217493,74550.07761554547,73261.63156342779,72318.34965845576,71477.48354808964,70721.74193518513,70133.0155098566,69733.87151750154,69499.66627508013
42236.290016953644,43130.74998312834,44218.727270304895,45417.53846772246,46620.05329961937,47818.45837899103,49055.75212940616,50349.62791985311,51693.84818546079
39726.0889271458,40039.73147350113,40695.9885095573,41565.19988191901,42486.31627521873,43445.6754091168,44499.81567989665,45665.21503586552,46925.667278440844
9250.230836413975,9446.224219268453,9679.767866439664,9929.676915516928,10168.618825894091,10395.048020534066,10620.737831170894,10851.118561318528,11085.686341524326
29560.77851773008,29584.985796536715,29723.60908087812,29918.901471729776,30098.157766809203,30260.096094902387,30437.66405692653,30645.373866187063,30880.81917731404
4042.457548434487,4059.429263925482,4109.351501468534,4178.783485149529,4251.609330852333,4326.559764140304,4409.407390565351,4501.952255685722,4602.897557228029
15813.92591428402,15775.98839117112,15795.091355178045,15836.43002850168,15856.139443042866,15854.638948698492,15852.93351471713,15860.110067543272,15875.09059364646
54247.23162215474,53329.07884247285,52712.802788072484,52239.41646997904,51718.05662447625,51153.63835274936,50634.71811275786,50193.737849796074,49821.017140825046
4521.801911460931,4590.1351908842935,4681.101764910175,4780.710238352669,4870.93379906606,4951.426763614821,5030.4298687073815,5111.344322960511,5193.472551688422
26511.49317421619,26716.01475239567,27036.72338635877,27417.945431772852,27789.369212210273,28147.957357111693,28524.13152379983,28931.72175245855,29368.198330301588
13543.138697492685,13735.647394837677,13991.74674644827,14286.663593183674,14589.216714809327,14896.406763934368,15219.70339015284,15564.049942224245,15928.183458630489
43519.01508890263,43596.27730779396,43874.08962040932,44267.98336590311,44673.11929693951,45084.44912921584,45545.07010417918,46072.54139677478,46661.51023542536
7341.417134978505,7513.066740939279,7711.704367756943,7921.225903252026,8121.264287310493,8310.593684976164,8497.902974081428,8687.001007450815,8877.388650723176
32491.109688130626,32577.454653761524,32827.17766436693,33171.17782464809,33523.26518225649,33879.520620709656,34275.85350226634,34727.141244139915,35229.467394212
35214.05676122473,34369.53834967449,33790.72364244016,33363.65918337233,32956.07829189655,32564.94571488118,32242.522777394668,32005.141472456435,31842.094705740852
48856.41094431064,47705.5419754392,46872.55381063778,46227.31029439244,45618.222814795925,45038.588954813065,44545.1002814439,44155.65799459767,43857.4091327116
10439.881749679531,10525.388323574109,10650.472388500148,10790.844778393883,10916.267708994967,11026.369550025998,11135.295908420807,11249.26197188223,11367.567960137376
5605.107987702353,5889.538744231771,6197.586925823457,6519.124260374464,6840.473293364417,7159.853279590518,7482.493547617964,7811.192004886223,8146.067593638002
12448.824951563089,12576.20026262188,12763.12528013485,12987.567554153295,13223.148110275033,13466.907533556112,13727.640010598408,14008.781176838018,14308.87720957088
27349.913146975512,27490.433604508085,27716.436663599507,27977.753618160634,28212.283595732195,28418.05865838391,28622.05173819633,28835.114041736866,29054.482211616927
47946.49314152528,47963.733685999825,48155.578335428865,48426.46914069756,48656.17441017363,48842.07876638208,49037.75910676363,49266.07020731583,49522.75480724623
18574.889310576236,19133.859000747452,19776.63451250579,20467.323925684017,21158.249537205116,21845.30070003232,22547.750459257535,23274.570149093146,24024.688880357735
9831.57388359405,9991.713956295727,10218.259212548162,10488.037439999845,10773.141697337862,11071.734384100075,11395.218827035056,11749.157077856424,12135.027467635338
30236.919985760032,30430.608696431504,30781.29752557996,31224.753211928954,31680.005626849284,32143.13283298337,32647.89992045473,33208.36105962674,33820.74575896941
5218.541298035285,5380.7641903624035,5569.637409431484,5773.9272800370045,5978.9978642259175,6182.7472318199225,6390.163719916413,6603.812799285888,6823.856704559839
28935.54271340495,28328.289081703606,27923.286795353928,27610.83254086033,27260.533404448128,26880.468822152045,26534.75023501725,26245.09673801399,26004.154286441502
3836.5872847243077,3923.6271544950646,4016.254668963682,4106.3668198491005,4184.359281825054,4249.324149260317,4305.50666105875,4356.173272606297,4403.780277311459
13430.525213329709,13490.437465040834,13579.552600374172,13674.55637439044,13746.89480867192,13798.03899625333,13843.213936177006,13889.050343887971,13935.205457825647
5867.509178489645,6002.74145109449,6165.898999471003,6344.656021428853,6523.831782296896,6701.342863382944,6882.081455878204,7068.015105404452,7258.365847042493
11477.17876038092,11946.30087944949,12431.410041192992,12913.428637009069,13366.33507769792,13789.520027920975,14196.65316002611,14596.118709348752,14989.668910578152
50470.32032426615,49795.65991423927,49439.5863287222,49246.889715169455,49032.313921443645,48794.12909634207,48611.10051666304,48510.52490774341,48480.140779866946
5857.314019378701,6070.377664549663,6319.401214474922,6591.702988639667,6870.643483913172,7153.8179044878425,7446.583753463719,7751.419626286219,8068.261106612298
1575.7638913516264,1751.14913943457,1925.5998168529457,2095.2682667615695,2255.5159686429974,2405.1948008514128,2546.230203679892,2680.7110751683927,2809.8922021619405
12615.955352269037,12603.045614284869,12646.571252944499,12723.2755768399,12805.77713829616,12891.036291512884,12987.559953169026,13098.20988613963,13220.941275245006
72711.92798700836,71804.34735966317,71184.75544400381,70717.9623262217,70240.56530528762,69747.23066381353,69304.48347407508,68936.8010380575,68632.81879621046
4308.560336117104,4435.781527730772,4591.087494697437,4760.948317638306,4927.062080831448,5088.470250962022,5253.164511839935,5424.448629919319,5601.52344184287
45754.194740795705,45292.35496284112,45098.565819077296,45059.44394111674,45037.20425481685,45028.407017087826,45091.18418117785,45247.250090174966,45488.30667558675
12115.415009690645,12176.761876341041,12332.086941562808,12548.440282532069,12785.276150223726,13039.709552907309,13327.118587344976,13653.21094304941,14015.409048992704
10123.554092726701,10043.258668173865,10034.331819475461,10069.528135367485,10117.567743531457,10176.15544674848,10256.41742548573,10362.201019169292,10491.40970833011
14329.716858853897,14377.271800220939,14500.227858541799,14665.17421061467,14832.022844106687,14998.872328624277,15181.783126747754,15386.468750212638,15610.172837384614
7087.10338695062,7407.88111905344,7779.241382431636,8180.782959111261,8585.669385234149,8990.45772559297,9405.275299857552,9835.221846478264,10280.348760543413
3740.844928032423,3804.509834028174,3882.373116053822,3965.982208934094,4044.8785378936664,4118.814029733873,4192.601728903389,4268.40946714352,4346.140114371233
8708.263796879939,8898.37810423351,9137.644512335415,9404.493563747248,9673.378811687171,9938.568093692013,10204.973420849914,10473.558341861815,10743.887677734123
5799.071667212139,5802.22177855954,5844.446394907779,5906.6280729911705,5965.092814195716,6018.498502502567,6076.599074371963,6144.061432793684,6220.115917037374
4960.816633515475,5191.503065141429,5443.023405370413,5704.966910335893,5963.988404029521,6217.398264196505,6468.958475073623,6720.726467350951,6972.774016620135
6481.4791715056535,6565.640494295114,6684.256982384958,6823.915695745987,6968.571138786902,7116.37396317252,7272.702139482159,7439.716355983454,7616.615652246881
12392.845800573283,12725.053743123919,13090.748232844755,13462.38287595723,13804.088449395149,14115.507338055577,14414.931249034962,14711.986958319027,15008.085528755519
-249.49169798150788,-226.28650225982892,-227.89942873266494,-252.21805125414198,-295.27026783571455,-357.56867861859814,-441.6962568626315,-549.4068488657209,-681.3224630446346
8964.682748492602,9109.108206456285,9270.315206707839,9431.411057436124,9570.455201490131,9687.800432983535,9794.646475831263,9896.278308696697,9992.776442023322
3564.7793960056874,3694.226952525926,3816.516206202585,3927.2849183475687,4021.3316629129495,4099.515791124807,4166.026247228336,4223.810623632676,4274.644169813463
14806.511051780288,14687.421263988506,14643.302340447693,14638.516078995342,14629.560886877838,14615.50070297648,14614.98457510014,14635.505979771591,14675.230495809172
24172.15229481295,24171.06513563042,24250.516230456178,24372.726468251578,24490.721103654792,24602.703970177867,24728.55794126783,24876.706911461097,25045.074784076933
3469.5965114243445,3737.4910626813635,4046.343647234454,4382.3592707959015,4727.043545321856,5075.574616081207,5432.207208380549,5798.460146977135,6173.377219497352
12440.669947903029,12468.490587332586,12560.688748271124,12679.284459066446,12777.990224173882,12855.300862407616,12931.199853519325,13014.20731709344,13102.919749819026
73100.93266099619,72128.02210355454,71536.14014200764,71150.37227366456,70759.2558027518,70352.93352187354,70020.40029636172,69799.45027676549,69675.77119537894
2990.4049098027513,3052.437121248875,3118.746282279361,3183.7474875089283,3240.6673263120674,3288.5599646173264,3329.588864373347,3364.2923094830867,3391.8539184100055
19412.84087200216,19205.778550427272,19097.492996358076,19032.075388197565,18943.108603168737,18831.98749523771,18729.65336602993,18647.491858029563,18582.21626771061
22775.833030532536,22436.8375332546,22231.227630191966,22106.574205765257,22000.43024003129,21908.82951969364,21854.33273929099,21844.51815660599,21874.411092386967
22833.83974262518,23116.93455045011,23499.379506271373,23931.87288007914,24351.48309831762,24755.72899172062,25172.182723770726,25613.09130674766,26076.637457771478
4052.026713610384,4242.033711407565,4449.4416533450585,4666.469174413534,4882.808421584487,5096.836853030186,5312.064125815869,5530.259727942546,5751.312221093851
4550.483011786475,4687.59719323757,4842.694951335172,5002.639618336001,5150.650103151965,5285.294157610198,5413.504658245948,5538.5368697605,5660.087896924628
31183.8515013588,31205.065017137043,31343.05077389052,31531.868509201075,31687.23660502049,31808.53364441484,31934.508153541854,32081.65876598086,32247.2515516287
21294.302181665822,21542.98594622349,21871.595304019458,22232.003384922744,22561.890035389093,22861.102620780453,23159.87317709714,23471.900737459277,23796.167305610426
7877.4949545347945,7932.040373277856,8036.992523938202,8171.665373143671,8311.259495891103,8452.58719840081,8603.198449308276,8765.649910482973,8938.611316930308
40621.30734787256,39880.5719288909,39390.758292415114,39022.20135502975,38620.71707130649,38189.8588011833,37800.6392219889,37478.852227972595,37216.229835789825
5934.457877819839,6056.635993654849,6244.165336205114,6479.483094847857,6740.65121598327,7024.180536590913,7336.370782050873,7678.039044459839,8045.899799208339
93255.96507649837,91382.06907270865,90072.57075952107,89063.63093915563,88045.46520973029,87011.95854693842,86090.47737745354,85326.40893292631,84701.12932986903
8243.444982788185,8590.263544108475,8956.456605813954,9326.310439862571,9679.85771629377,10014.870264445493,10339.308249184545,10657.261327560398,10969.083329645728
33656.10481811757,33547.01379509356,33573.228454582,33661.55769843025,33720.66183098118,33749.59367742728,33789.44936905975,33857.02760379801,33948.487081606196
82724.45095788935,81430.89707525555,80489.93023920087,79748.50444895665,79025.23939773139,78308.9382816309,77666.50692951109,77121.61412192453,76660.49065536594
3250.551986447011,3365.4485825747706,3502.124370736378,3650.703335737728,3797.8464040708154,3942.3639927965564,4089.7424413192743,4242.542438331913,4400.591900460479
45315.15512504777,46668.6982508469,48051.311755405244,49380.69482551343,50562.342416212756,51609.94427382841,52586.33711931161,53515.62389981805,54396.64067089195
21364.77161703221,21629.1962045775,21992.963576423455,22405.015952485235,22799.956372956673,23175.669911406356,23561.234699318997,23969.20043916514,24397.500880932526
33561.77047181184,33385.47349627113,33372.42457527376,33448.25630444248,33525.729312950985,33603.7243029932,33717.80455478826,33879.54137241835,34082.52978189706
42497.996133604196,42408.88910502272,42541.487838179746,42799.82054027598,43065.85561637059,43339.685939289564,43676.11339279172,44097.55426145195,44599.80198544598
3363.1548287684886,3494.406424315819,3632.3587894913885,3770.8872642556107,3901.8851490749157,4023.1505523952997,4136.650688781388,4243.5205459230665,4343.843240523942
38840.57382299329,38476.807884254486,38286.26311931898,38180.51904550883,38054.65724034915,37906.4229322402,37780.43814275141,37694.061042725065,37642.09485027652
2999.1262461485717,3073.652884964165,3159.7074415276106,3250.0025656418456,3336.2555658871033,3417.0456621817634,3494.4621009994084,3568.8530266609787,3639.2253264730834
10976.116834482053,11132.452758711444,11315.75279958356,11504.236423310038,11671.344430224417,11817.21698131664,11955.075253131963,12090.968567823085,12224.969257739353
11400.691136519998,11484.829921030998,11618.748954664989,11779.489367850947,11938.958104454816,12094.306203925382,12255.754894443751,12428.109189376557,12610.930566315374
1749.8276517326944,1822.2740580064292,1900.2927559460588,1980.5173275500429,2058.5771451120413,2134.023404069852,2208.6361227964144,2283.4976674524282,2358.974575922767
5843.013644286361,5810.364332598982,5813.9661607891285,5834.968260830535,5851.332832195755,5862.091453811586,5876.617424646116,5898.072005434609,5927.504625074419
97505.01567109903,97552.32499223338,97868.28327059861,98270.82395325798,98543.69094792569,98690.40060692935,98814.0792843792,98955.0818735305,99104.11767931549
15132.657249666145,15515.398259608015,15986.045677257292,16501.488731157802,17007.493372814122,17499.2908900432,17997.673097585128,18510.81654466218,19035.878016355575
9112.064368183437,9146.024040312748,9227.082543103292,9335.999059320695,9450.053756686339,9566.672805681827,9693.082659321746,9831.546993666661,9980.142778177447
74816.30664083853,74262.37554326827,73987.36540929576,73837.6483632726,73635.4255314898,73381.57243065916,73155.00688767883,72983.11175420778,72854.25010685532
10984.165953286898,10931.68124331602,10961.419462869448,11042.97868611883,11140.368641609486,11250.301686251192,11384.767041133022,11547.226806427396,11734.182092472278
12379.232151006492,12298.524514025376,12268.084590922816,12263.693336390977,12256.73737213702,12245.957326969225,12242.745784978475,12251.373082751234,12270.138569439936
6945.08749580592,6990.38308938535,7086.119362407934,7216.355968669335,7362.650772110851,7522.068227507258,7699.466381384609,7896.162665999804,8110.264090725224
-215.62896959108656,-184.28280520895882,-155.13195944785818,-127.25896367520143,-98.76719170031285,-71.51809251475039,-48.786004479331076,-32.95744179499909,-25.5597315048594
23717.80123184962,23736.740832987623,23866.736701043454,24049.6262525591,24215.54953443933,24365.021955192682,24530.333642131573,24723.445229696248,24940.669360270665
14743.642901325999,15687.393057143008,16706.404674120946,17772.326989291367,18847.045355520644,19924.53598578171,21018.201065691523,22135.17444311198,23275.519348977614
40309.54928851996,40212.62155361038,40347.82719125852,40605.778354097536,40851.27416919414,41083.11685734217,41362.057645898974,41712.061974204065,42126.80621560845
8982.379366786048,9032.825669648093,9137.802390715244,9276.204402586902,9423.301185091936,9577.040862404963,9746.042514253437,9932.666080239313,10134.443361176034
4938.971777369787,5143.500712774448,5378.479269222611,5627.964284239236,5871.647698303074,6106.773168854962,6340.638360466663,6576.56909607015,6814.27833228386
10822.880504258455,10801.212931778457,10831.512672565328,10887.722646374632,10937.30266884039,10980.393732537988,11032.280842000559,11099.360502658852,11180.52836407699
44213.0499646499,44557.078903675676,45213.59676384765,46047.68686491684,46889.425210268244,47732.48449736084,48647.82645779508,49660.273555304746,50757.49063136333
34845.89705018851,34650.94730487203,34603.71757623507,34643.656465180306,34696.33086918797,34758.411288444,34859.33440155655,35009.59307671862,35203.698853475384
20807.09215026058,20737.05341310302,20748.472468713564,20805.40755153702,20863.76454994205,20921.214274751594,20995.371001404423,21093.491224862246,21213.34913881014
2538.1072416381944,2676.2854000096863,2828.090856871502,2986.4112748348475,3142.2230404374086,3293.8013632834704,3443.824939854746,3593.2443873744464,3741.3756393391604
15272.429215352126,15456.333673781615,15702.49655363032,15976.455809390014,16234.035594298273,16472.903519746826,16711.071322792657,16955.844226780184,17205.279932351692
15039.535533742339,15606.713210041673,16230.619117642094,16875.90843370136,17496.263849006587,18087.733182866883,18670.058724025977,19253.270212288146,19837.186122793155
459.23268151188313,484.12514892094123,504.74234193361724,520.1978710899369,529.9408679757686,531.8737321118372,525.0955329233035,512.8949555221419,497.7789078342818
17572.126124868137,17827.714568677944,18221.576962894407,18692.63093014584,19163.850437298985,19632.09398311641,20129.855876225527,20669.20660171344,21245.732717309722
14925.8081526183,15101.262976001346,15328.607994934644,15575.76173463371,15801.776576521841,16005.656594268323,16205.983707944077,16411.260864945994,16620.820283080247
9008.214890233075,9154.683430131434,9370.734705176606,9632.77917486209,9911.573696393345,10203.808200339483,10519.475234408004,10862.163582252215,11229.752509877597
38759.93179320569,38282.9281847325,38021.564394186615,37857.03269169801,37645.827104298514,37390.19770390036,37156.30215412054,36969.38648298355,36823.0249051094
2358.008091267364,2381.005894118292,2406.2200844056615,2425.612790353291,2429.5967926013955,2416.8534598435763,2390.5585214923585,2351.8122022385473,2299.7727104500636
57587.01263625402,56834.19790902541,56346.61905144609,55989.69480857121,55598.851474557145,55173.453112068666,54786.506100589264,54466.307691662885,54204.36601429124
2601.027896198951,2685.000345734896,2786.5340579113713,2899.0599599592556,3014.5256033055875,3130.77590999276,3249.263112937414,3370.6213699455407,3494.5216304809373
2998.618881021766,3220.061834701909,3446.753411153605,3674.019658284288,3895.1257426266043,4108.866534001591,4317.96841569564,4524.203474432602,4727.7957041941745
23379.97216124001,23893.66977298592,24514.03774373894,25189.714588796334,25853.23826087116,26501.323323738434,27163.362044775593,27852.220211925105,28565.45031546921
13610.545093433302,13679.020125694893,13823.373771984281,14008.230977922703,14189.632727285121,14365.778074926824,14555.257841248327,14765.69575794249,14995.268775332946
62065.43764980956,61282.85991158058,60781.04482787828,60387.13032909941,59892.465221345396,59300.59292588647,58709.192122624394,58157.19474714629,57636.79515641458
14734.526167447011,14883.295796115446,15099.177673989076,15351.715784120019,15603.376718234565,15851.676254142254,16111.537291717563,16389.161051721985,16683.16198723744
-4625.815107457635,-4420.315870175596,-4284.95858804372,-4201.556316631581,-4144.358546700431,-4112.7714156493485,-4119.408709066678,-4172.550279353758,-4274.3490672594735
23793.4579674363,23775.551130372354,23863.717717939435,24013.389633090246,24170.840284933023,24332.29308965634,24517.88122310424,24735.131032490805,24980.4726286098
15262.40228498299,15556.04098142918,15960.150556831877,16434.765012197935,16929.019545670126,17436.78127473918,17975.34197119602,18551.237679876132,19161.14726395105
5979.136619242703,6190.86206081788,6402.4473890726185,6605.2174082280035,6788.4201907917,6951.252190486739,7098.445092958008,7231.936346195947,7351.303681356064
9622.47494101547,9801.55247175742,10052.101592528126,10353.10350229372,10678.018195553388,11022.406634653365,11393.738626126104,11794.670118565393,12223.477863187523
7788.773275867844,8237.551671230913,8715.32825270324,9210.171204668983,9704.658142045471,10197.240356966124,10697.582243336587,11210.936350836782,11738.398335644864
10712.607336540541,10827.984305750824,10994.514783410443,11190.89201786344,11391.535281788092,11593.184327003459,11803.638465471318,12025.537600861046,12258.970718800745
8975.953473755102,8982.388503068256,9065.146465388556,9198.98495701829,9353.541554637834,9527.506096711466,9733.586748737684,9977.24589508944,10258.03247988457
23162.412769980136,23407.539388514222,23762.66732945746,24175.435360808082,24579.022227919286,24971.50885816036,25382.092103496776,25822.735019674976,26290.4945007741
49032.47082332633,48273.73469567483,47797.76658194111,47502.381501490745,47267.6457743077,47080.70288937307,46978.03366744422,46969.27618750778,47041.18326602558
4546.134223047437,4679.783497371375,4851.479838744545,5049.9995263824785,5261.602083049275,5482.947131745341,5716.871997465732,5964.382290282486,6224.528641235669
7876.539586509575,7981.971753444851,8112.800172170254,8259.149902638166,8405.268833071748,8549.045231840999,8696.720458022523,8850.94454250867,9011.044740979687
48448.05301551495,47275.72406041048,46417.632168319105,45746.65807795455,45116.85895186683,44520.69960076564,44009.646156749346,43597.68432763192,43271.216383644656
4266.587526182906,4518.410754529544,4801.07194416304,5103.36661774587,5410.554353794145,5719.37276214067,6033.553380212978,6355.050359782097,6683.966646929947
21509.62637310789,21507.53726952789,21610.78239079029,21762.802836074003,21897.781502888774,22012.334086621082,22131.499674708855,22263.22359097163,22402.400283519415
13166.503046387375,13193.536816561898,13296.157389311678,13432.782322704667,13551.810289690091,13652.952684476772,13759.378730421002,13880.045601506356,14012.98847024327
10889.72743363361,10973.793359232488,11128.25127181961,11317.597774387457,11496.881384614177,11666.865249657041,11849.387094481766,12053.452577507807,12277.830094070803
3597.9639898798446,3668.790687837304,3744.0776033148168,3817.0571672528868,3878.774615852517,3929.784649811397,3975.362178855212,4018.470961291132,4059.6380209435556
23124.947240876172,23266.91894240447,23470.359136967676,23716.099093423174,23952.88965704899,24167.506808625243,24383.23358593421,24610.3324535973,24847.152616509346
29464.056234767515,29818.633355391165,30288.120188708377,30788.955608134624,31216.571545585866,31569.551688311625,31896.79197991373,32220.015207373744,32537.451660424234
24053.090235097025,24785.89109495814,25678.672969924555,26656.045842570995,27618.39980465281,28559.73821532938,29522.424649523924,30524.374378141423,31561.155607520734
39242.50909767598,38552.15557120259,38106.0036183338,37794.239726926644,37490.04241126208,37190.75066872296,36947.01066095232,36775.95566826563,36668.90081661243
52270.50559230851,51647.36076419572,51329.91037535993,51181.62402752242,51037.63136156647,50896.70646744275,50830.351251358734,50864.346898672426,50988.38042695185
25418.277051089724,25488.951816742625,25674.105745926307,25921.617385591486,26166.41933325619,26406.15584924299,26668.34736783112,26963.842415069696,27289.123563804347
58445.40649970491,57753.900898202635,57344.2854085718,57085.09551500929,56818.91051555982,56541.74840384524,56319.014719063176,56174.866209452215,56099.43443895705
5464.65638367905,5511.1552406527835,5577.095493648452,5649.506817898146,5713.12394873035,5767.196535629462,5818.307749720582,5869.6229993533925,5921.320816956065
81845.64824889602,80937.73551436514,80430.12344067614,80142.8870950494,79855.76264747413,79562.60202708385,79355.01744268568,79266.95796500103,79283.75347748127
3202.4603205938693,3368.690563858408,3552.447369126403,3745.9528868897314,3939.8907117427366,4132.195156778534,4325.008913273254,4519.265190705442,4715.10303839298
2689.6644321034796,2743.7711792346668,2794.795650024012,2838.2817105521385,2869.122773075792,2887.317111588663,2895.6823732254093,2895.530994435678,2886.9659147839975
11581.509135710456,11657.880766199898,11781.321761360472,11925.128464519596,12056.431308216483,12175.317292632171,12297.335137281176,12428.87966125136,12568.86522960101
7612.103988776337,7823.150256379088,8079.79904606222,8366.864438626038,8664.626860303493,8970.46051938171,9291.345491622833,9631.102422194954,9990.57329755109
29124.057039055333,28756.643631553645,28568.896018064675,28491.636805931415,28442.44831373633,28416.032461933974,28442.214333479784,28530.22816905616,28671.769306515922
976.1885018254106,1020.2878725169392,1067.458851456453,1115.4335190000015,1161.855354607434,1205.7826618304507,1247.6041800219048,1287.5356135289082,1325.5736424563568
34914.24033493874,35255.49425543768,35777.238359873125,36408.31647198396,37061.38193474206,37727.97552898964,38438.477631807626,39200.62375865569,40005.77489753733
4181.9031495028885,4229.035727157808,4281.643443040694,4333.401792342995,4378.2020912472935,4415.053857339525,4445.689556705089,4470.696960121125,4489.96310659687
14853.44952692608,15077.490027779442,15406.75875302721,15794.810687823541,16182.818434350424,16567.054845625746,16970.9328055267,17403.789704726405,17863.15521924664
17629.696478830967,17999.930500009672,18446.64847758865,18927.71837170223,19387.56876136909,19826.001919073544,20270.47746076598,20733.645679003726,21214.73782845819
16467.928842588302,16841.316656226292,17284.111119275396,17764.842066550562,18243.26501668094,18715.566432971707,19197.066776084,19694.885934183676,20207.884041068613
26598.788732467357,26528.998313159504,26576.506191749184,26683.9088030619,26781.000179999894,26865.62930838474,26967.28504155617,27097.284205602413,27252.367647733798
8254.872575328576,8481.181272365444,8737.951684088588,9008.716985011857,9272.170332513346,9526.971113231819,9782.29380307862,10042.393598556819,10306.890133983428
7875.377980602856,8141.945053155926,8459.429482061369,8802.473525926267,9137.116979457598,9462.7924394041,9796.46965488123,10147.192008280737,10515.306313148445
1769.5320508789746,1829.8963050782036,1889.8582438206984,1944.985250383506,1990.9358536132363,2029.6513936071538,2065.2929473539793,2099.0417818063497,2131.5021193783014
13298.41431913664,13290.498279783005,13377.507289119983,13523.672947276102,13685.452061767057,13859.062781338194,14059.742784916158,14292.741025325091,14554.920498477859
6615.337875899918,6695.331523356751,6813.584902563862,6951.86817444008,7087.605448100364,7219.868343931355,7358.011840386578,7505.34133607161,7660.259489622425
12551.110487376607,12869.002555543879,13233.60355285838,13609.842061585976,13951.599600248901,14259.371037243092,14556.650566698803,14854.269067266141,15152.114674032491
3853.463228271347,4031.0638724985174,4217.506959085211,4405.6834215517565,4585.282010697769,4755.588060649929,4921.545196393863,5086.318370891124,5250.889532488709
25127.371568394537,25160.08402353435,25330.285849901953,25577.890621089835,25830.08837216623,26081.925435573416,26361.135927017185,26678.517528374534,27030.033656282318
7996.97049461045,8313.610776611096,8656.107922973537,9011.5626666118,9363.323287862473,9710.112786583859,10059.29818947121,10415.079867264609,10778.38102982952
9681.097320379877,9905.13316661345,10161.642863873809,10435.027827961228,10706.28765317734,10973.292890627523,11242.767700242688,11517.81251293412,11798.277578714398
42460.628318458075,42210.494351311376,42185.798038310786,42256.819909804486,42264.065498120915,42211.5158650681,42175.45940568999,42185.44463663624,42234.62252551701
2827.873249214758,2951.3945346852997,3078.463670153487,3204.314155338977,3322.423713987384,3432.578349676737,3538.61560517892,3643.1893857499417,3747.4774935217993
4754.714723458397,4902.973534874202,5082.108781669782,5276.5991818713155,5465.777346965734,5648.4180260036155,5833.3595215317455,6024.280648744198,6220.1842090405235
2137.8342607783034,2189.388139766149,2249.1536700732295,2312.151397084673,2371.181523864229,2425.845512252924,2479.836254686069,2535.4073213951797,2593.071678570962
9763.488148749419,9825.106671371681,9931.92254721548,10055.47367658039,10160.274897952835,10247.338140062691,10333.772731875655,10426.220913426585,10523.660296291604
26110.23132069782,26243.16904325344,26454.159175449353,26699.34098713246,26923.54504318442,27125.656531787332,27330.800435311903,27550.199892490633,27782.556725594586
16818.625727693772,16976.200744521302,17208.382946407204,17474.56327079323,17723.181742852215,17954.334469376587,18192.985995614268,18450.345032613695,18725.693500270598
15361.084933162658,15407.392223646908,15522.39457579907,15675.380166001252,15828.018621720652,15978.447548931856,16142.503244624058,16326.74778530504,16529.45224179768
45209.82591092679,44017.479918407225,43207.61867102653,42621.472187670246,42076.87759370381,41568.09255778514,41163.62938671871,40882.47851506143,40707.45047647208
2723.532292359263,2867.320913490403,3034.908616103701,3219.4095002969298,3412.2236647669306,3610.790372156492,3816.0883130319207,4027.765203833636,4244.584929749867
3675.648675281588,3916.56194787951,4170.844497588976,4427.675089946484,4673.327231240189,4905.4966053015505,5129.214218381302,5347.872280128931,5563.116045294072
21181.96509133124,21411.931642328964,21715.693591089443,22046.51563249161,22346.1047906257,22613.109119226705,22873.701945721794,23139.52986147918,23409.334405364745
3418.2234447283336,3511.8146652782075,3621.2251989382817,3738.260702052502,3854.830270302551,3968.9500884827576,4081.758826021032,4192.61089530016,4299.935904552426
29162.096875200543,28769.752002330395,28576.544855399316,28504.93164555336,28466.726719538594,28453.387675402926,28493.01923735533,28594.112847639044,28749.49895216636
1319.8857734160035,1372.8981477783898,1431.7101615610393,1492.8174348451976,1551.6948270727669,1606.7782970016094,1658.5647591239253,1707.2011757067655,1752.3652602350865
37472.45649717243,37172.61319344314,37058.013031756476,37049.27675855144,36986.0647502858,36800.85598104673,36666.696504910025,36599.16268890117,36590.98826660352
25802.163702506215,25639.845930323827,25599.778451889808,25623.90722620816,25640.816655254825,25649.434192008368,25680.845614342525,25746.808479775016,25843.246826229104
11252.998693707204,11252.100541119575,11310.94241799343,11400.676203408717,11485.633201098588,11565.154445908047,11655.041793472135,11761.721685359355,11883.703962484276
61778.93000678444,61992.15194762336,62415.31576803913,62945.63421509825,63453.219166447605,63930.03493447265,64427.464303078006,64965.91459318013,65537.30187028888
3135.6676537729268,3167.0244870053302,3216.5020736795354,3275.57672146673,3333.331592786092,3388.961901979329,3446.7116440059253,3508.3321533828585,3573.3577543368806
25194.4471835517,25827.155101481916,26544.269084911837,27293.079776263326,28007.73614142856,28682.614829414557,29344.034209932866,30004.428700030112,30662.479516720505
9244.301838338688,9602.480042082,10011.780974963585,10456.30547294121,10915.786545233215,11385.993708772161,11872.162593980154,12376.584051187398,12898.652857273035
7821.587419017663,7884.315066597031,7981.960001870825,8096.715790737185,8206.295284168831,8309.671713447604,8416.306592162016,8530.224839331384,8650.606655431793
48017.49316403716,47497.01041946712,47231.6215536429,47092.50635562907,46921.835555449004,46721.22773362995,46563.61532418521,46477.36135013178,46454.97738786941
24035.612736147403,24171.008955916284,24423.891348867994,24749.397455336253,25092.273641402804,25447.155093906895,25833.430453974146,26258.42460872277,26718.328684212647
10501.270514600408,10773.833245975256,11086.773434201932,11421.37908320236,11753.764550901116,12081.217576916293,12412.427435177484,12751.330039505192,13097.209594493703
12021.227031768625,12132.550839188316,12337.945134898255,12598.904277837539,12866.42468935377,13139.406116273933,13439.593378437547,13775.769212609728,14146.19884006579
11178.372948047598,11284.07917784978,11442.585336832326,11629.166393950889,11813.098749254541,11992.823264113773,12181.064373957703,12382.951880713641,12597.106688285261
28733.648972007595,28962.67558517288,29313.6579656957,29718.480344629646,30089.985707743013,30428.455390025967,30775.99985757862,31151.122741133353,31551.903828107545
29276.531707468257,29063.85290270697,29075.787150915537,29237.696829771434,29464.01605604598,29739.857853337755,30084.1092293564,30499.018715550246,30972.545511243385
4183.042464158747,4302.328567145452,4441.551217491108,4589.41994392478,4730.587671444176,4864.848381748286,4999.596131826711,5138.589718900326,5282.433741800022
10910.86193087378,11019.220553772242,11175.710724779434,11358.579394167411,11540.8094988174,11720.990006902708,11910.696998818787,12115.134364896556,12333.49380828762
6579.8224347642135,6780.754930493041,7029.000144465461,7306.766786869995,7591.118758591144,7881.121314548617,8186.499137933776,8510.497652695096,8851.889888840082
17435.153610446097,17416.390198201083,17470.34680611015,17550.97646438897,17599.997866891383,17619.827872912403,17640.67232137233,17675.71022549422,17724.12141468744
30643.999013483823,31361.50259502807,32213.908552245663,33125.98727188518,34001.31406212937,34835.022576522824,35669.055148922795,36522.3312006886,37392.66834830094
3587.720702935673,3800.6164776636497,4027.0970733726385,4258.651447586625,4483.251829542229,4700.546119094196,4917.072008540033,5136.648418896389,5360.219738632457
11272.01926394104,11566.905959489502,11946.062278847901,12378.682658828615,12824.761105049922,13280.491579981535,13761.174749188343,14273.309566133312,14815.447719418673
21007.948667642624,20846.222491085347,20811.21615263158,20828.518117911302,20807.201499418254,20752.34165268691,20709.98821332532,20697.26634667711,20710.462593433625
10892.211133374327,11089.139553344628,11349.511130681805,11645.308718898006,11940.55775307802,12233.283803043112,12538.75925224626,12863.91191943972,13208.239626079116
7999.322913026284,8086.777227244363,8205.19828685857,8335.801656341118,8454.673032924276,8561.310623413823,8666.75298402151,8775.792913615838,8887.803540616453
63596.327049225896,62892.068261958935,62469.759343485974,62188.087106198145,61876.06911890816,61532.02017490306,61231.15698345068,61002.98121242212,60838.55001363929
21930.91001833369,22133.418269328165,22395.65235985834,22681.980470152765,22950.627607169037,23201.38743849499,23453.18202721407,23712.756455926894,23977.68897633873
52662.771780648975,51310.05435950126,50258.24894764047,49393.619447519224,48584.28247608343,47818.959429887494,47139.76009249124,46558.56552443054,46062.42092620056
13289.519233603278,13551.045411645364,13868.045648239782,14212.05644935184,14545.934996605443,14869.324042860526,15200.224055933511,15546.836560413076,15908.659348817677
4090.1654848717626,4332.717528457661,4611.85148755796,4914.9941966114,5224.7488247135625,5533.237482480596,5835.738731728841,6118.5975422354195,6376.740913193728
5342.749289808114,5375.6207328051105,5436.049322938522,5510.058698495964,5580.2019668228895,5646.266785112609,5716.285211653052,5793.692760968325,5878.0002884485375
22309.356742697528,22406.480240911525,22654.4667624746,22984.653046562325,23306.373079508543,23613.255790941552,23932.37941118609,24284.04318312922,24687.173507896554
5646.105009670104,5775.09525732106,5928.814208723325,6094.620600094353,6255.988041145675,6412.099259262261,6570.279438104011,6733.900583674641,6902.655399610204
30800.68624473835,30928.983810957703,31301.262547928363,31828.8561729263,32401.813076782757,33014.75179401773,33711.74685025355,34508.527576600594,35397.19210355947
12558.914792505177,13064.981455396564,13633.497443779304,14238.886395809532,14848.009342647963,15458.510883673398,16084.179405284993,16730.644140620443,17397.561134150514
6418.60987565474,6421.779581009607,6470.986811589538,6550.021847170678,6640.435607062202,6738.904692083181,6849.693199667954,6973.770068609005,7109.223123449576
14319.994969023837,14640.197892703847,15003.007783685265,15384.15191847949,15751.75111999586,16104.1519548465,16455.513325251213,16812.655341374393,17175.168918454336
21560.27752211891,21904.475146876575,22352.935138616314,22864.94307063337,23388.828599564255,23919.04212846089,24473.738761481996,25060.09831105189,25674.921046067666
40469.2616786184,39968.7677506692,39649.669459934514,39425.517152158296,39190.92693771381,38944.7301576047,38732.9354551583,38573.39142076368,38460.413045141315
20932.15378112853,21449.113169582823,22086.695596337635,22792.615314080784,23502.030901641072,24207.457591585313,24930.689581405437,25678.962692767283,26446.856501715145
23360.56732739222,23370.168564019652,23487.69233889354,23639.79023672601,23736.010243915305,23781.509055125425,23823.59535612049,23881.081912429934,23951.46721426353
52654.35662782322,50993.50832868349,49687.44714543619,48566.614411437855,47435.49803766446,46297.52266158495,45237.726962802386,44284.38771034865,43424.46195232869
14476.70564334978,15089.228879617061,15773.87688091756,16495.239592514376,17206.59933123873,17903.121595702534,18603.400200212487,19316.583425691184,20041.802850558524
28719.75521183843,28572.751808213856,28563.24893254593,28626.540583833837,28682.96850945271,28730.03693098421,28801.294835293113,28910.067311948544,29052.980167519407
9262.926305903353,9608.499946846283,10007.42807491645,10432.9065586032,10847.8861596056,11250.630710140122,11659.199428393327,12083.335309291622,12524.09429070717
12288.596460045774,12363.254554373392,12497.70332004,12670.49209299542,12855.484340454834,13049.357660530335,13260.347133016909,13491.684378157903,13741.96695202764
6748.037079360374,6932.5114287013375,7155.311805445872,7399.01984692499,7642.437894155842,7883.064930400679,8128.500405505388,8382.42044012068,8644.768851975743
12210.368503673537,12427.96738506238,12701.051629979522,13005.176175192428,13309.291946549734,13611.65149114797,13925.39441774149,14256.313850843177,14603.483714800992
9954.616570871996,10183.570203086196,10446.723906287427,10721.398796802174,10977.798348359296,11215.891788307457,11450.860409201518,11690.369841131636,11935.137858237067
8885.803223221072,9063.183385516657,9282.421316460155,9520.46720205568,9747.479560953256,9962.531728042037,10179.068877645446,10403.030097205856,10633.857740134912
14334.05759466064,14342.871530510522,14444.545640676659,14600.440002236423,14763.873635721802,14932.069863006871,15122.911961419652,15342.700453707614,15588.411289187201
33372.68132019064,33626.33637323782,34104.870576675254,34720.639154887744,35364.629391893744,36030.906469721966,36763.45119407725,37578.96650003257,38470.60785376862
37379.39202986572,36644.60225718536,36130.222765277234,35745.579962974196,35383.906434365534,35041.25071825083,34759.350062438614,34552.56992468893,34413.126421194786
71801.16126644112,70188.15575158165,69006.04147952366,68066.35913859634,67147.76489209532,66244.04982030344,65443.24633232716,64775.39673964886,64224.4899225633
15222.57447531701,15480.446336529301,15850.242066010727,16277.544825475476,16692.68131889629,17094.45815051936,17514.43946391484,17965.021580318662,18443.56819105489
27160.78320310887,28222.022520728075,29388.429915168905,30594.991724328425,31755.09472933256,32864.31475867523,33962.245661841065,35067.78754652292,36179.83690180761
16233.148613583115,16641.428371334023,17168.19474180642,17756.848659573276,18336.72826960629,18905.860061370524,19494.31236175234,20114.033581928532,20762.966434240836
-5662.188820882753,-5155.576144445716,-4698.621595439007,-4268.220268915832,-3838.612777418377,-3410.853115037945,-2995.7288808411336,-2596.2550741886816,-2209.885740422039
38946.54246936388,38531.359313265035,38422.17303829089,38511.536508214136,38673.02428703159,38892.4375815809,39207.88354985913,39628.94854504472,40141.29788085706
12420.433459350003,12678.381371576132,12998.914361186607,13339.461847829194,13644.652547786769,13917.115514192235,14185.975321693808,14462.746290995821,14746.089104282466
9739.593566083955,10009.785038762328,10316.59208058183,10637.063303474313,10941.26058930268,11228.368194854269,11512.725527836816,11801.62260555938,12095.779482308208
9581.188148758385,9729.77060969021,9910.711143479904,10101.223475171524,10272.454016533671,10423.778275477152,10567.984258603716,10710.084593757547,10848.872774652564
42337.78355535396,42473.30128484804,42815.01265233561,43231.21840528134,43555.54223129906,43795.3420262915,44036.82776117986,44315.19722421666,44625.97920911736
2305.5568128663012,2458.514284359703,2625.533210812169,2802.3069465248223,2983.701065055536,3171.6880382754703,3367.8851940235027,3569.966944779847,3777.8202845125775
8758.45418788642,8977.181187987855,9221.604936200734,9471.885947675972,9702.484740898997,9910.228504595256,10104.512759303549,10290.520100670396,10468.93301410352
56733.71395164406,55991.37070611246,55628.27064914513,55472.06629930956,55315.416509192546,55161.67692892512,55105.68578284191,55181.361442961075,55377.03354915006
17056.114504301728,17432.399996200078,17824.23734442911,18204.58468117947,18537.08847327958,18822.957244421115,19082.598930412594,19327.025958177415,19557.988027058716
85109.37688705345,83665.30036745797,82709.90401359003,82044.51489679705,81433.83619064839,80865.59139043537,80428.23843166052,80151.9874759574,80018.62784536919
97946.72183634971,97357.02932569842,97274.91581188104,97411.6274153774,97434.18134941715,97340.42863242187,97273.03011080978,97278.38036146996,97331.99528098958
7270.825321235889,7313.9211681817,7394.658441674873,7493.076112610692,7584.027126727763,7667.541444434881,7755.495857487379,7852.808316367921,7958.691794701432
5853.983825883937,6002.66166405941,6197.62051015689,6424.602179155611,6666.862745590449,6920.1514272200175,7186.873400563425,7466.962004746772,7758.822258163206
15025.994172762497,15752.507674716406,16507.56356841681,17266.26535007066,17994.292244445405,18689.151309127716,19366.804956744203,20036.693514782954,20700.578221616026
13419.90341136311,13239.142685196368,13143.334630121048,13093.011185160161,13040.707703098178,12984.926137517916,12944.901273766312,12927.571112625412,12930.110844274777
377.4869815120873,494.292790385365,597.0816580032729,686.852426903048,765.6496582089728,833.0276397475167,887.5054598506073,928.0547658389087,954.5002099339332
70729.5819565309,69743.70714717326,69143.69105179283,68762.43166871693,68402.60912104948,68058.35804618624,67809.24937600835,67682.80320886253,67664.73399947281
4699.208234992943,4839.922155527031,4990.026322246185,5140.153165093661,5278.199768576797,5405.518066470334,5529.812316951827,5654.583776135144,5780.51994155369
1570.1432750073898,1652.7375564935576,1698.0287711761016,1719.6595871423829,1737.8030053365505,1753.2751809259541,1757.7633527328214,1745.9343845999408,1716.4390533492026
22251.331098625247,22849.720949497016,23582.248628645477,24405.973394591463,25263.664236973324,26151.437255789864,27093.24249153664,28099.90002944657,29170.005730008612
5308.385812815531,5479.136370336898,5675.064372879698,5883.871282710661,6089.211126581425,6289.189557705814,6490.010523760868,6694.737372904132,6903.252283555211
31578.77926435338,31751.32918673996,32091.94307725192,32509.16215443721,32887.698027976934,33228.52109162759,33586.99269565153,33986.113470821605,34422.34886866072
9837.175955811683,10079.331458624321,10361.352305097664,10656.86401737963,10930.840342967469,11183.166628458148,11431.307057002228,11683.443216573032,11939.677508596349
2161.9691116764234,2170.9001999270727,2184.3363684593974,2198.0467701941016,2206.2924728186667,2208.2321248363455,2205.6530065252036,2199.153238260074,2188.077125186468
46216.89429044878,46025.36778208713,45965.962820094945,45959.02913633245,45904.82078630942,45803.56668333958,45702.288959090896,45621.36141049046,45557.840215255
4386.9410176259635,4555.020455812939,4748.026278881013,4953.7397703348,5157.294077623695,5356.651156394839,5556.80215115013,5760.092487530672,5966.613069251502
64723.8933284818,63498.92159763295,62708.61860946581,62140.52130916079,61541.8513984376,60917.02672929996,60380.19574135899,59971.56329944412,59676.10208499587
18031.61987366062,17748.81198133592,17578.48891561632,17473.762024111773,17379.499143126835,17292.37654471892,17232.499768601985,17206.7252992216,17211.09454130582
18322.49111141049,18143.46915997463,18061.841215680266,18033.596807102993,18006.051352111233,17977.294616182946,17968.890431695276,17989.236162739282,18035.56907113106
18014.452707877994,18232.431167018192,18511.77593058202,18818.572449685133,19108.367246076494,19381.03505514096,19658.267680467503,19950.06399876857,20255.73442128858
29913.993143718948,30146.354129213592,30568.07625213666,31099.176791887163,31637.811074021647,32181.085482932587,32773.5333201917,33433.024129659534,34154.66271300781
5434.009295148887,5580.0571507229215,5744.097284350074,5910.566412780113,6059.9323714141765,6190.228255691553,6308.718891441964,6418.427109091429,6518.565147134202
11710.697321592446,12000.598473236663,12290.473024404619,12562.94064432812,12797.799835512362,12996.54000078013,13170.93872795201,13325.932071918058,13461.60815691389
40288.48936000993,39561.430506170385,39123.47929932331,38845.734500101295,38574.9765806159,38306.77998033597,38099.62386318715,37970.067981599976,37905.362525957644
14363.544675676108,14517.57117199733,14705.921221732404,14907.352700949847,15095.129414765954,15268.547384291802,15439.747212424429,15614.232642680288,15791.379503806887
29372.69766479359,29094.49379542408,28967.506625912625,28932.30563693775,28918.609198208513,28919.831411547646,28959.48982882589,29045.72701980382,29173.23476724057
23216.276459929337,23154.391839028056,23204.491616624644,23324.12740464671,23461.23854891365,23612.6515624142,23798.50058524359,24026.46557493915,24293.145189427043
10236.214570088374,10188.48726799896,10191.033125675962,10221.726973682013,10253.923465011256,10286.624650256068,10330.938794171183,10391.250833866974,10465.45107386947
59516.43646529512,58811.89191586692,58371.6245102059,58070.60080503317,57758.992369182175,57429.13862765858,57138.5767908358,56907.543281355334,56725.14453866506
46022.99499425121,45227.73841206043,44728.844310865636,44414.077270780006,44154.13313281928,43938.29013221924,43809.36291555173,43779.37051354104,43835.25178247365
75855.56708521221,75974.09914826129,76355.43906282588,76873.30702550415,77369.03101435305,77831.51272968452,78321.2538042924,78861.19939983713,79440.0609067771
29084.404444209562,29167.98306096621,29409.80775933379,29727.925206805594,30019.246121062886,30283.132998491445,30566.964876970454,30889.967559504246,31247.95953587246
9138.05977811541,9244.325670508973,9406.090566111096,9597.102156169663,9784.997246421142,9967.7519068892,10159.113873748933,10365.666836778217,10586.89333329942
18049.458642552763,18243.5886549793,18512.431305680882,18801.18087722352,19040.53263075107,19234.012475618016,19418.432624429934,19609.11460657013,19804.74334149326
28184.272155138275,28432.633525155412,28772.959421915955,29158.54270213937,29530.239058470394,29885.31740955322,30249.041706903285,30632.62337066578,31034.037920035425
14584.534195475846,14157.346890165434,13822.848064480262,13549.520516975199,13301.877557979105,13073.681894825939,12872.225373968267,12698.056362357336,12545.969216960728
39777.98777134389,39741.70385932457,39910.38050576451,40176.55913442258,40406.47513671752,40599.80177882545,40817.97823169451,41085.71950571079,41397.42342775899
2329.1201628667227,2398.1771058807967,2473.5547582768263,2549.868797117423,2620.840903840239,2686.3991922693936,2749.536998461398,2811.9197250879465,2874.037596418084
5014.832103214474,5212.195329542342,5443.090224677136,5696.333347196844,5957.179376260786,6222.958129443688,6498.191457218045,6785.022538895269,7083.026964970072
17347.531952960424,17659.327753241312,18030.50336528336,18428.24863377544,18812.481337914167,19182.216235609474,19555.512189424622,19939.405593385316,20332.007801017015
24549.89070133209,25395.594812594467,26389.84444389273,27452.641335044045,28479.16424845726,29464.175619071004,30453.66934689099,31467.288120031983,32501.640995447
4057.8594781779843,4174.828038211055,4304.851756358481,4439.010486888818,4565.7095495802805,4684.569732215803,4801.100258914853,4917.931282066237,5035.078848927964
2298.7483910972965,2365.424511690248,2451.0710433411464,2547.8586394735344,2645.200303755595,2741.588946749808,2840.532537347221,2943.1294607422105,3048.2568704530186
6384.349396921056,6414.12841925997,6472.987674609003,6540.129629989284,6589.418151297936,6621.873931862438,6650.625732828378,6680.573821454345,6710.482350826809
10272.702822335174,10479.898599582772,10714.759859416083,10954.928407301191,11171.468541837785,11364.337692639143,11547.964686531195,11729.372987697607,11908.799829811995
24059.18889428929,24824.02996506902,25669.779522959892,26538.64943951959,27353.778947054234,28113.76093753434,28856.369455666623,29599.628581698995,30343.00962587876
22859.221009719382,22965.07254069243,23231.039434995644,23572.68921807222,23884.80068345265,24169.63948824117,24477.512795447823,24827.090710601027,25213.631586725383
11455.734169189833,11528.320858872918,11683.996225448387,11888.195266383831,12097.598407665046,12311.155651740088,12547.797022901388,12814.834681091035,13110.032278193492
1563.8466269471735,1616.7735402148508,1668.821265715522,1717.8758302798385,1762.4359343276788,1801.758115233445,1836.5740582645885,1867.676658824659,1895.5563558466501
2242.5869954669215,2343.939865163412,2456.6742053940816,2575.2279462356737,2692.6228008645076,2806.9550003229306,2919.4762449501204,3030.26061047162,3138.2175448925295
2695.4258148299655,2918.9820052811256,3149.8402207484555,3378.008446550322,3590.6505688441594,3785.7368392912413,3968.4207185053706,4142.36033898113,4309.195920955414
44536.16860435822,44466.630623820936,44614.60576341111,44887.220993964605,45169.418145252974,45455.487243658536,45791.501249559005,46195.397240016624,46660.31887972176
18729.22759879066,19246.058491627344,19844.896653655083,20493.410729926054,21149.303305253496,21808.871870209256,22488.87910179388,23196.946103732036,23931.593460151467
26597.330532522734,26429.765024145086,26400.70722419707,26443.724636711282,26477.282855992973,26499.813817977803,26546.531143050786,26631.009837040605,26748.79720060687
-424.80656305518175,-381.98238547942435,-337.02158476831926,-289.82224320626636,-239.88731295573493,-189.34823778090677,-140.51309625503183,-94.47698325417223,-51.77663584929688
67093.54454357058,66783.01553548382,66738.42775152814,66827.50004998263,66888.66943323635,66905.95810882236,66933.19613846076,66987.98875228,67055.9582912431
12607.457584436288,12899.95491972724,13249.889844148902,13628.737608083731,14000.470531358988,14362.13312816202,14727.739240553426,15103.116260237433,15486.91518128632
6668.091714610624,6945.473680092506,7240.87271295936,7538.3163667460285,7817.763763103563,8077.90947920322,8327.932962558129,8573.033760003365,8814.326535294125
2397.104310797304,2499.50118143345,2618.618378243617,2748.233787843747,2880.6639094976563,3013.4534330892097,3147.3171829210573,3282.263393609921,3417.3987896369963
26880.414217004727,26630.25544193696,26512.835453031945,26472.76269786787,26442.534227548775,26419.40583925871,26430.598525557736,26486.44615325855,26582.732302915905
40510.828042829286,41019.834684264315,41754.570724926525,42608.38981124738,43445.249425785696,44258.460306800436,45104.85756578792,46007.19623073593,46958.402008793186
29072.195893303917,28579.309514830264,28272.588702240082,28063.971818209735,27850.2617609736,27631.55878974422,27452.29070426727,27327.051737382957,27248.576753748366
2032.563577046607,2099.032792398659,2168.861939714985,2239.2777341865494,2306.0659595272123,2369.5080006502485,2431.9223557369323,2494.047734408347,2555.9384659315256
53951.503807029585,53084.5269865589,52496.69690664275,52044.008034452316,51553.14377018748,51026.53949818132,50543.77412280937,50135.29627512115,49792.79870237224
29623.906716229714,29537.981693853046,29549.793545122033,29607.62751268189,29648.903400130308,29671.99495177144,29703.808339690477,29755.329447915643,29823.89214722091
22674.116852410618,22516.72246692425,22467.36478745853,22473.458516710485,22470.435594129453,22456.373541956335,22458.04351698493,22485.428948233766,22534.44301794283
1601.6939436856533,1799.9349223240968,2014.665327494836,2242.436623442156,2478.0373435403894,2717.9478588007714,2959.3592235837255,3196.701884877688,3419.97710151652
20537.86303151816,20851.205519773368,21247.351826171765,21685.72871532425,22115.888270722284,22533.913864198883,22959.52696696466,23401.169820047802,23856.745494854935
18234.190746380984,18352.213778060617,18530.797432696436,18729.664950734634,18899.01651301419,19038.569579056315,19171.330350049342,19307.362669624006,19445.388931960762
23920.700888692936,24016.437021135713,24244.223534821533,24550.6702743944,24870.866027082953,25201.24591912759,25567.223629623513,25977.920911140718,26428.76743728715
3239.5946359604513,3558.5140989229244,3892.446631331087,4233.970703114538,4573.627597086456,4908.080472713135,5239.214813729423,5568.8866575330585,5898.345166923605
8277.77758904668,8592.177672023163,8945.254357593127,9316.972879057996,9681.61622948654,10036.57339135954,10391.863782248654,10751.895818626597,11116.015078415829
35698.165732641384,36040.83694179824,36555.66121322928,37155.62008394215,37733.209859599374,38283.16823042305,38850.28815587218,39453.27554320348,40087.6124689263
89447.04919628047,88408.91609245774,87759.22983103336,87280.93362204968,86714.30553115977,86055.30545221947,85415.9719988747,84840.12672840232,84315.20780321848
1086.0502808179913,1165.0285272067772,1246.4451345314872,1329.5806750895847,1413.257229625494,1495.8224076764232,1576.489101230429,1654.7377744110029,1730.2362146613227
15584.577715815065,15709.859344338993,15928.019611800597,16200.969180587568,16481.823460809064,16767.0719972812,17074.43410654332,17411.04542845496,17775.010357648665
19631.289966789365,19834.842139865083,20104.148726815936,20397.838524104813,20662.81040169795,20899.425765648375,21133.78442064427,21377.412777999532,21629.17193544195
-4601.482483581207,-4135.941580659809,-3728.1339230901335,-3353.178814536134,-2986.040293949608,-2630.153343411018,-2299.276203345129,-2000.2331360743394,-1734.2764514721807
17245.797782709145,16914.229923184103,16678.84366631613,16496.548782502956,16316.097104095097,16138.918913420848,15989.475675514204,15877.49980957193,15800.730175471728
100657.27519331012,98832.82666840864,97446.01247517529,96306.40148105947,95188.13099555073,94079.15059230471,93064.13937766486,92172.64512952256,91386.64554760639
14777.64865860148,14906.636279285309,15109.80028779444,15340.510850785076,15540.204530416062,15711.69456781117,15887.127142689842,16083.157202441571,16300.07150408782
5965.897603647824,6182.394419200949,6419.4372408867275,6661.973943187711,6890.652448361613,7104.642814905884,7312.92622744158,7520.187840353355,7726.966776680256
27108.0310408167,27095.493325399595,27253.65025956073,27518.474325199546,27812.391779264435,28131.923821275002,28508.783299262657,28955.518445234324,29468.576298894797
8249.261583196305,8679.609704024366,9183.426063819192,9735.757614216694,10301.087102861404,10877.003242484085,11479.727543144945,12117.27926702098,12789.833753226161
11715.083322473867,11687.905163679277,11734.99682391049,11824.558712132752,11918.256438285513,12015.500226518063,12132.00619242322,12272.664821584045,12435.276423137066
9586.461828803953,9725.601194403784,9924.812533763754,10156.451449003258,10386.976886954171,10615.828589514718,10858.560374756633,11120.440635111288,11399.123301208476
43197.457328655626,44305.27694338175,45502.92931681855,46694.868373062476,47763.43134851854,48697.530120355164,49543.323525276355,50323.948638812086,51039.08518722311
33934.75401062624,33998.060013058945,34221.01837125865,34512.7329504259,34764.496023223124,34970.05752661411,35171.824827422424,35386.55042982355,35609.13680233528
11493.91903994862,11719.196130812412,11990.513273909934,12282.288126704236,12562.053157494907,12828.547437596093,13096.35507166856,13372.347892215132,13656.426374313914
13657.960824162788,13741.519190759758,13890.942456861825,14082.032827989346,14284.454227435466,14496.061440620895,14728.61592227335,14986.943879417007,15269.439505548666
47169.136699599454,47592.787671159786,48192.795380014635,48867.30283003743,49486.070580180894,50044.165436801166,50597.75657184149,51169.937295807686,51754.11922708922
6084.646128579207,6255.596111483156,6446.254549059142,6642.320612967353,6825.851160746693,6996.223516197647,7161.966155921993,7327.5339683120155,7493.766034039189
2469.419763052717,2626.4630705000754,2810.4743351692364,3017.6693758731726,3242.5282374917338,3482.194172768653,3735.9713091611443,4003.3557247243257,4284.115325065106
6335.114428650747,6451.382786050434,6592.384660508693,6744.725920231623,6890.78220584009,7029.856324384077,7169.850995083112,7314.312606410037,7462.743942077845
45779.17213046776,45464.2917500798,45413.85228326045,45515.1164381007,45629.881898111584,45754.6155801303,45947.88807969553,46232.05451665973,46598.904269990904
13956.412299430533,14336.082048340599,14776.354414431555,15243.541420697164,15693.880934593533,16125.766182790769,16559.562148463818,17005.34899807735,17463.56690887188
23454.74897502992,23412.70959911327,23484.811482691104,23615.94240322765,23737.76672695407,23849.66782758517,23982.395351041952,24148.12110574569,24343.572607776758
35643.91588554938,35814.25061024514,36094.09686841082,36422.71637716392,36723.71236554831,36994.52740281774,37268.36705716136,37559.77360282275,37865.90811070075
4033.985837432675,4338.395697701366,4647.006520944637,4949.4147314066095,5232.605023925435,5492.035465458125,5730.879275802636,5952.358059293862,6158.376127144739
45695.91167231251,46324.68556794683,47182.11236064096,48153.17156628481,49093.22520002896,49990.24241895242,50898.33010567452,51838.649786571594,52802.5933442475
19381.289226953806,20038.926163139076,20776.31405057155,21557.451762174445,22334.400647111852,23101.908785425047,23878.079105696062,24671.185789419225,25479.640528765034
13627.032774990143,13708.812636358105,13877.318607507705,14086.493463167142,14278.211897041634,14453.375943264818,14640.120267033533,14849.74266033561,15080.387398883486
18249.083700772066,18920.61381913969,19627.35269249629,20328.279115326306,20970.36610819821,21550.694571645476,22093.289052871904,22610.794787213687,23104.604745260473
5916.202241937263,6053.708975027551,6229.745425207428,6427.837474988773,6627.046223099376,6826.216555534036,7034.320420315597,7255.4643224703605,7489.429032328102
14993.2762956561,15021.554321489855,15098.573290211487,15195.752756101596,15281.062842753021,15353.995213230986,15428.116311267631,15507.940816220986,15591.369977792165
8520.391507425362,8365.669307930804,8281.02377261511,8245.111056154621,8234.851564743336,8245.8983135464,8282.719568745166,8345.998373276814,8433.197745162804
19945.288091642942,20242.06998932185,20595.23493263168,20972.79456499379,21332.796485670555,21673.932328474293,22015.513859204068,22366.51688605303,22726.03161303363
11465.557960685877,12048.176038520693,12654.704638176585,13266.942810271645,13860.467169121664,14433.688910520892,14998.7109106348,15563.306960876796,16130.104854229607
28353.0505647895,29148.008095023113,30196.81972679704,31409.98373723454,32671.64054144363,33972.9210060401,35359.62449583262,36849.37817767218,38434.6162048071
31554.603922737897,31230.51584860846,31090.394637951165,31037.704013682636,30954.144961536273,30842.65663973701,30759.339302742388,30725.76086178905,30736.756970351365
7954.999257413589,8281.322549294757,8642.229779826836,9020.825412964406,9394.61363786345,9761.896102021765,10132.045043963855,10509.69764653673,10895.039847919968
11666.34217963843,12036.241280566568,12466.410890180554,12923.443442396418,13364.81839666061,13786.146183615505,14203.619762777977,14624.758281330702,15049.349662353854
1511.0823639791083,1605.221839777143,1709.8857943466148,1820.3703065761938,1931.0056433856537,2040.015201223313,2148.3262008658126,2256.503384279601,2364.5801169646984
5692.528774635358,5828.086839085736,5994.826489222454,6178.304556767106,6359.067598946843,6534.519237966106,6711.223996614332,6891.583913593681,7074.1011681503
23396.468173929974,23934.166678103036,24545.741979394374,25188.54311416255,25806.515349607525,26399.53667992368,26995.24714228995,27606.113056624483,28231.65135481343
7646.861207388917,7935.939104370278,8270.82424305351,8635.266676040666,9008.742747253475,9387.956315907571,9779.43316487359,10186.39765809135,10608.852401224593
23544.950547434444,23380.177776828757,23325.748158592945,23328.508183223068,23322.88092380823,23307.75203506509,23311.80122190887,23346.492341483023,23408.659491173774
3184.095938630996,3356.927712365492,3541.6650320286285,3730.7422196675943,3914.836484074474,4096.430773721979,4281.557262453965,4469.795518897936,4659.6463197626845
56845.13568107231,56344.79759159048,56201.45945950733,56259.691869825285,56333.152601212714,56413.61941946612,56573.85716895685,56838.41393309935,57192.79442001699
42436.40909510442,42563.51451659328,42895.58265968153,43332.55476059426,43749.4593849524,44140.57420578177,44557.46204939079,45020.56297002703,45523.1017949891
1851.3278860042703,1955.6001003108042,2061.089075134154,2165.4395699647316,2265.7622344979086,2361.1943370705776,2452.76041444642,2541.277670045645,2627.1738610417815
2640.6673836370787,3208.1088980988607,3795.8202496611902,4400.359122754115,5014.935809202562,5638.539556340795,6275.7176027210335,6931.13547319475,7608.085443639473
14139.969567753067,14397.112014505046,14700.108570520626,15014.23622104945,15295.886043236422,15545.569333204805,15785.43080510017,16025.61356019644,16266.085344346384
45709.17562302487,45305.74422465659,45103.88176880975,44994.55409856162,44843.338884670826,44650.07250969204,44474.87313151018,44340.82038833853,44240.359301292185
63221.7342354106,61686.45233508356,60445.0366502624,59378.53757066844,58347.00015202806,57343.74913151699,56421.165680921076,55596.95750733507,54859.93345137917
8361.66959323215,8774.063821356453,9210.744261339376,9648.860535062882,10059.99914376223,10439.862625547763,10798.605245950637,11143.130746571323,11476.51095472313
44938.709905161704,44460.57382177155,44191.670930625325,44043.13993061487,43906.23131758277,43776.67570559253,43698.422613087794,43688.33813663228,43738.86617833491
27278.320111344106,27365.258233723445,27639.483281844125,28024.38255520255,28424.8216878676,28837.014177604124,29300.35293117113,29829.460731420462,30418.0817879399
15822.473502801335,16093.601241757957,16437.324113289764,16824.6550133932,17217.77722398484,17613.211489522007,18025.98553847049,18462.688823360022,18921.975237429022
18457.346499869862,18557.41131537004,18742.764167946516,18968.589212101026,19178.095587794895,19370.02418339569,19569.616968405244,19787.159014388457,20019.99206366217
42673.218604431655,42742.39118087006,42991.669055106526,43339.901861668695,43685.4895004208,44023.64568011178,44396.181470610005,44819.90867363784,45289.16568900993
1993.9839055171278,2112.6371608710347,2244.9299270746533,2384.6802049038824,2523.442382958494,2660.3866868122964,2799.071891555275,2941.300127374174,3087.3006552139686
15587.176776836373,15665.066055654297,15830.726735492208,16043.688652115094,16253.261518238342,16458.328471206827,16681.28193963091,16931.251437037266,17206.22481312036
1248.680949216911,1398.0411297054488,1555.8906930069252,1718.504127846869,1880.5730867811185,2038.8181182359638,2193.249425326849,2344.4349227892303,2492.4373573221424
8278.711111491679,8390.123592837122,8528.129967158804,8675.852944518607,8812.302782106075,8937.154853163569,9060.308579473749,9186.22468805168,9314.600653687467
25648.939387065973,25668.583191143767,25822.538009706146,26049.08687453679,26271.56411789701,26487.060968051468,26727.409185917,27004.846832362386,27314.60403333044
1322.85594280891,1439.5985659531807,1562.2434789162032,1688.0595986310555,1813.072688150785,1936.6292615625966,2060.4422096971916,2185.605140485353,2312.444769334086
58256.92341167195,57577.498170309016,57253.58012312131,57116.4110792984,56961.232542461126,56788.41719861623,56689.264044091455,56697.24792156512,56800.42413068437
10636.68272961558,11308.625643032005,12055.316833976383,12853.282792964334,13669.92921221599,14500.472776606312,15356.92768858589,16245.557089827858,17166.351870076815
10194.458005143792,10708.764870254954,11304.268929727938,11955.550945076491,12628.458910623815,13318.857448529061,14039.687391636096,14797.197015946893,15591.028748121704
7140.73323408578,7259.795053207807,7427.433254798769,7620.528289793355,7809.405392808893,7993.079968110133,8184.846597655548,8390.357571245017,8608.706751451158
15626.08164408721,15715.267356817407,15860.88605496031,16028.27627697321,16172.88577844304,16295.132980967746,16417.024382990738,16548.765002520362,16690.04709948708
23920.996516689545,23883.72435265611,23999.432585172595,24200.944139320964,24404.46746130119,24611.102896327084,24860.98546304132,25170.444026812576,25536.447329900242
4130.523174631474,4301.243258664542,4503.570423014555,4725.032010217058,4950.069585414429,5173.57124717568,5396.981221161295,5620.390087343659,5842.835446014777
6439.727858834194,6593.451758182312,6771.926456975076,6963.430167897288,7152.746172744147,7337.099751265717,7520.734409765319,7705.712666480044,7891.61253900855
71014.0377636,70840.57977259842,70899.84715687283,71081.3665471472,71259.60042158263,71429.96348679237,71641.10607137551,71906.98413986342,72215.51525460534
11545.438697797003,11498.559519044898,11523.535819392842,11589.816445181741,11660.397841420581,11734.252048428743,11826.831559597385,11943.684337764125,12082.43235636371
30440.85453437795,30669.10239798651,31066.44240778993,31567.96532387696,32088.407855262023,32619.167149733163,33182.858063946536,33767.57182974779,34337.78620979652
2132.3379846870116,2317.069172296626,2519.058540091235,2732.732304636803,2951.038787081752,3171.8171292609422,3396.5772827417527,3626.4029715278593,3861.703807360155
8603.94544814528,8931.12046871264,9325.040333094837,9764.512874653685,10221.029664973941,10689.690194378518,11179.121734691827,11693.43885745691,12232.322534305145
58507.8434735915,57884.838085550204,57548.47294816994,57382.75933534449,57246.742923480655,57133.649531844974,57098.69163490407,57162.07330541128,57313.88477917848
7919.902957344909,8004.951102971679,8120.920228585835,8250.964366052742,8373.271772543365,8487.384531680034,8603.353537406245,8725.725762975942,8854.03348901939
45695.44086925393,45684.269967459026,45800.42957998158,45970.42862950646,46111.733398936136,46225.04186239444,46347.153167409415,46489.877881411856,46646.93559060836
4099.698477415309,4222.665941654073,4327.551624200493,4405.431332358868,4447.11139818415,4453.034169163365,4428.784537905947,4377.34005675956,4299.902594787145
22082.795526900405,22005.0758299126,22056.122233146223,22176.778469176505,22295.897935075744,22410.04303320629,22547.145816959935,22717.406784281586,22916.637567512596
12806.233265430072,13198.421649296237,13575.188304933676,13919.011601212194,14210.771871078256,14455.616063600608,14670.90113406456,14863.686818182136,15033.71188450238
10844.018595121925,11002.675897681784,11213.082372724079,11448.603567996233,11675.245046270853,11891.85908929275,12113.416482136596,12346.217613683088,12589.08347537347
34934.73115067589,34654.21576812868,34528.81051778993,34493.68180310356,34469.8328420252,34452.41468034208,34471.25068824249,34537.47108414824,34646.43144778655
104739.64890266638,103511.26744968735,102714.52770734596,102145.97146749528,101558.82633871344,100939.84315767368,100383.76288240669,99925.09258477838,99547.05447585335
5433.075652273961,5633.459645363572,5869.263185452288,6127.575946571834,6391.706501382651,6657.79729127661,6929.576287805046,7208.022286998833,7491.235225250993
5593.060383270893,5724.974081903158,5903.135023307798,6117.176844776525,6353.849148832306,6611.242499418199,6893.392140047712,7201.54342850907,7534.600505995047
12130.303083789287,12294.268046095629,12530.206596038033,12805.632331827172,13079.35392606642,13350.487314561693,13637.800619460433,13949.504502569376,14284.650134575619
3971.112321723892,4069.196796037161,4181.695413905683,4301.286710355246,4418.189933540626,4531.57652748154,4645.354545841996,4761.35411867471,4879.363489488474
48915.54785103465,49026.43335679388,49399.76018113218,49895.627921562445,50338.8068141756,50729.76021819569,51150.47702972978,51633.72264145156,52171.95041749374
13509.765480108452,13587.720092419051,13731.076320161776,13911.146032854933,14092.25207709057,14271.796001218325,14463.521654011176,14673.16464131596,14899.30385428859
37096.44240057625,37269.128112569,37650.43578659619,38142.941932641326,38628.095507106475,39100.62825388428,39608.75796531883,40169.730811338064,40775.44198333264
50750.18092784122,50940.0162899482,51466.04981005438,52206.56428656444,53011.46336357053,53869.16632342915,54835.09284273504,55928.98157655551,57138.90575091768
16874.76631815722,16887.001158434225,16978.242651793753,17109.163381692524,17231.38188962667,17344.375270418004,17469.956430295453,17616.84476077843,17782.85665539446
42256.53509059895,42071.586497873024,42104.367104742574,42245.40321420175,42359.113502086664,42444.998465392986,42564.62042207976,42742.58250458195,42972.81661403224
17274.46583368509,17368.575197452585,17513.841512115905,17679.277320416324,17826.498710092405,17953.763325905486,18077.28858309101,18204.43350584949,18334.43394379498
1329.8801283801156,1391.2350684183552,1453.5205104940696,1514.3870971914355,1570.6286436919804,1622.063714856131,1671.0358595276537,1720.1139445855695,1770.3217250950975
40944.81541789462,41170.18259018083,41536.863544452535,41963.390836685656,42349.410161619635,42690.4176948512,43028.90680815859,43383.539567301006,43751.28770336215
79232.14608358586,79016.37372451382,79129.02917165808,79403.26906891793,79635.61378202128,79816.48035669999,80027.39057745224,80298.45753206444,80613.47711497407
11949.394598558994,12177.673263594528,12469.076456161776,12796.850661032653,13127.136875413618,13457.451023925818,13801.53790285776,14165.77271914471,14549.835918506866
59724.590128053394,59347.64971794822,59176.13802211993,59094.71734104755,58959.456449602294,58771.24569607924,58598.361930584535,58470.47702375321,58383.84395315883
15588.100717298426,15420.502665582553,15352.32726198044,15344.230152069807,15350.151794913012,15366.830128391473,15410.437264781824,15485.960533711586,15589.305277937336
5301.7537208571475,5425.19026914595,5549.97119562175,5668.192985248707,5770.038010708221,5855.344389749209,5928.898037135519,5992.625679232422,6046.161657700853
13726.89806323359,13670.639820151098,13706.46892733709,13804.9555476204,13932.251006138678,14082.444023856122,14263.596223629691,14477.64030107961,14720.747806873755
7037.228961765853,7308.729139971084,7622.634356162489,7960.638272727183,8299.385652511952,8635.507075503268,8977.387814287455,9329.378402338161,9691.628001500712
5358.334793432786,5681.801002046218,6032.8582953966115,6399.748248307538,6766.485898279927,7130.898677957327,7499.225192743352,7875.1337780346985,8259.371619191928
6582.851348390236,6799.941146557091,7042.180862196503,7295.990851834497,7544.024424924516,7785.196838752025,8027.534997861436,8275.274076909202,8528.880336945944
1053.502594058067,1137.7062160390708,1229.7059064788355,1325.884305530826,1421.9174650201896,1516.872415868496,1611.9196320670806,1707.4532082418882,1803.2336046167204
2828.5873466621742,2953.3253650089414,3089.3630455454922,3231.532928473552,3372.9093751044825,3512.1045185698895,3651.327762955062,3791.765919909271,3933.419572912085
18973.10502681026,18745.853323766245,18642.35685306025,18602.208692846518,18552.92261757718,18495.022327537485,18460.990122637697,18462.347449030567,18494.703180827826
15992.976895592834,16220.498701081,16512.189651814042,16839.881201897922,17167.57087121153,17493.124485463377,17831.661410574634,18189.990774379916,18567.193195856897
7842.532622646994,7969.111341226999,8138.497152931987,8331.448580301929,8523.299733689111,8712.951358776249,8911.220442265043,9122.978350594201,9347.605148445913
9173.501016052232,9302.482445946476,9447.635858801375,9590.204185343193,9709.588240931758,9803.406102880555,9878.051948676006,9934.768025034547,9971.215105640349
19755.648680185368,19730.934195417023,19817.86487649762,19958.654656254857,20081.18552840764,20186.287390640166,20308.28398993957,20461.239394413937,20642.774950423758
3511.544832126918,3603.9248026485675,3719.4858293179163,3850.2374825238303,3986.7718095762634,4127.376745509543,4274.378804189142,4428.437063727909,4588.93850909941
39346.91847541119,38802.26859258272,38497.08043456027,38312.2402627674,38104.01317865443,37874.28060246878,37688.47927680519,37570.65332925714,37513.0572489129
47482.669306601194,47488.470245004704,47716.052783552135,48064.84571485902,48409.90453691641,48746.62795037071,49127.35153992856,49572.859417700754,50076.71792028282
69037.38179956288,68618.52332980662,68447.06705296152,68399.10289960541,68322.50998405671,68209.68505960092,68121.0682820358,68080.26897965228,68078.1495123069
100740.45445189973,99337.48197665213,98285.63519957715,97395.11144513854,96436.60995185535,95404.45289851943,94391.44104958537,93433.24857272515,92518.4204387631
7254.744799930833,7341.127385660046,7434.156587712727,7522.6864517401045,7593.398613561585,7645.30103173995,7683.848323923002,7711.731555974918,7729.209671956416
9985.109255203284,10189.775323573756,10468.522928294407,10795.491547684107,11137.310336127348,11492.431695838977,11875.446754205192,12292.907808456583,12744.193210100306
21185.618567186364,21977.39716460685,22925.702191531556,23963.45463462317,25005.215939939597,26038.881443963663,27092.24441563554,28176.77919562145,29288.79410522609
14769.704629387275,15187.572874263944,15652.454286128455,16132.383679509714,16585.557508643076,17009.72758925037,17423.65395001365,17836.632834637487,18248.627449801807
1692.7082797542687,1747.8695657644332,1806.2806729221948,1864.9179037444894,1920.358420472767,1972.094490329408,2021.4670484216492,2069.0803322376205,2114.896786657095
19936.392640901307,20443.720723995346,21019.096961986914,21620.981331338004,22194.44252788755,22738.820635132033,23281.654747147855,23836.957361677072,24405.377940087834
4655.8398339154055,4824.3838762808455,5018.587806757458,5224.086640677975,5421.543131441387,5609.088821150637,5794.519647742074,5981.574543090004,6170.032004519927
4234.729211338059,4184.080826646102,4164.214823931419,4160.350389034519,4155.135911476191,4147.738867599918,4144.81741625063,4148.897402186752,4159.268002125188
9840.425230858422,10066.98870106171,10317.747987377687,10574.602108192668,10815.279008147882,11038.994328078816,11255.937960633384,11470.716303398856,11683.225396662534
13138.719126720214,13372.40631422096,13693.503760814767,14068.207542574502,14453.173100448208,14845.998598978791,15264.806855428002,15717.241766950974,16201.57483401258
59554.66251927902,57628.832657601815,56054.84587630339,54699.06250572372,53407.88238364714,52171.28781086481,51040.87274783732,50031.107717173705,49126.50662946656
9589.974100921,9635.521336190634,9723.564883637424,9828.813932908251,9920.069168852366,9997.357683034383,10075.275475992812,10159.71312088692,10249.643184598186
12510.35908098644,12501.458608063847,12564.732851630313,12675.559977360677,12804.84853394735,12949.370626752681,13118.198260213374,13313.871810370156,13533.397905979184
6749.668712701963,6798.70739283019,6880.135502366918,6979.679271892013,7078.498293941246,7175.70215695987,7278.583853665018,7388.914277420985,7504.91701413568
7925.759151175903,8237.388047387809,8606.700610737918,9017.66911930822,9450.52452407078,9903.67052029518,10384.366719472559,10894.802828989941,11433.918479862277
7336.775700828191,7519.665813568082,7733.888094920665,7958.770115502707,8168.666711862065,8362.048327121936,8549.782622340847,8737.035979960197,8923.987713198147
27049.11810355187,27445.069956179537,28017.51744997709,28687.016168330574,29352.62843671923,30012.65582593909,30713.00425300104,31472.442275090885,32287.15187282709
29584.25391858446,29077.764631983202,28709.12753594122,28416.035792116156,28124.037915921315,27830.850945718157,27566.61271404096,27342.63423664556,27154.6290005939
1576.3958165013412,1621.5109783361595,1667.6769446456196,1711.3753912795994,1747.9852171810207,1777.1008347862526,1800.7267079045955,1819.9793597611126,1835.005710543177
6203.072456710361,6294.247156271819,6413.963536326912,6545.648541194297,6668.651372106259,6782.259423215996,6895.996247367492,7014.655852683776,7138.716104824091
50641.90668455979,50438.53286089486,50482.573255447256,50655.25469259408,50814.13093603732,50950.537124015624,51118.414573192465,51337.308700631205,51597.90085631822
35259.083972183296,34796.98853408145,34511.61429315759,34301.06006395073,34040.75377409718,33735.72790875468,33447.31481408336,33199.541585274834,32987.76136770192
65629.1499400622,66703.94301949286,68055.0570838545,69492.73957155846,70776.27989203027,71903.20541559909,72987.81515480316,74079.95385981031,75174.19565954246
8704.103483088134,9001.759119916695,9337.89180426341,9697.05434010498,10058.9631959078,10421.498509410323,10792.65988816318,11176.761172488174,11573.63224233462
58786.6419693225,58857.09637922345,59193.942294735054,59675.9185864708,60151.69487519888,60613.77083714978,61123.599607991375,61705.44877423628,62350.7670075829
26434.37148937551,27119.786692826336,27944.759730241956,28840.919405830235,29718.68052058812,30570.130500189825,31429.274844180592,32308.81854676435,33202.59694299166
70803.54036972049,71035.02693435625,71532.93752700704,72126.50316864383,72604.98018282896,72960.52287329981,73282.1445191686,73605.61443564414,73919.81075026796
3175.090603525281,3262.8817275135752,3365.5949820507303,3474.8751010687124,3579.870524985751,3680.2559484607114,3781.0511441624335,3884.583774322425,3990.8701215443393
10122.477154620692,10170.205555974195,10274.502733821075,10415.58025441236,10569.29256031888,10732.829882998169,10913.981889244309,11115.438926534413,11335.208265907684
4629.354380785122,4731.1161386670055,4868.02647676969,5029.2171512262785,5201.790276466562,5382.644325835081,5574.259722162219,5777.411553739376,5991.228548034815
80626.87004803694,79243.22774915239,78256.44022459036,77481.84283712425,76702.43823425051,75898.5129801027,75140.66021433973,74449.62559285293,73804.97329581906
30765.42374179024,30370.773099238166,30145.12543348928,30015.77321222593,29895.61552342608,29781.565460346923,29708.287870076943,29687.8532624141,29714.119212015183
1641.390351308161,1690.1885407983677,1747.9487726334016,1808.7485161365257,1864.9241656393333,1915.5185427196147,1964.192241806122,2010.868992561784,2055.171693185726
2517.530621092923,2533.982098319832,2577.036087780649,2637.0606133415395,2702.1611936596187,2767.895489904776,2833.4901079029046,2896.75681583185,2954.524851252824
8614.094665918352,8769.973000804675,8953.664505152197,9151.584247128878,9348.416269079917,9542.630110446398,9739.724677101296,9942.007178068901,10148.908577647984
1670.0715763761643,1755.9458244498244,1852.1468348472608,1952.2981756127556,2047.7111154066179,2137.3504692327374,2224.4175340618035,2310.403065623108,2395.294115914819
2066.7773701855403,2142.913728354887,2218.1945730357265,2290.8070098186013,2359.3956985165205,2422.757779364262,2480.4141313455157,2531.934680688061,2577.074249065844
23773.322414030838,24146.57142974675,24609.11842746787,25110.78815231089,25586.921175121992,26035.805449448184,26486.24865897579,26950.206600270216,27425.794855068005
1962.572053017601,2039.6732564921624,2126.919265372256,2221.05172690833,2317.6849356563885,2416.2112077847555,2518.0382821836,2623.521778158145,2732.1302618103514
4968.389006779445,5248.132902216457,5551.753166950276,5866.2343430510555,6174.925687699908,6475.569296249343,6774.335492739322,7074.647463717103,7377.120463072652
7048.925530318314,7293.573484213977,7594.278533763636,7929.394721655021,8270.389438141578,8615.306508709373,8976.217953772144,9358.579253443238,9762.021913215689
27266.564835098514,27185.142091670466,27258.26734416334,27423.040263595904,27602.999648722773,27792.855983155958,28021.18079154549,28298.931928811817,28622.100509155764
47567.42706241733,46528.915823229705,45753.93000601213,45132.97986286435,44537.366740407495,43962.18507148701,43456.983684078725,43038.325800244274,42696.141408818745
10132.738140532758,10377.550783890989,10667.151434281663,10970.981052574753,11249.24855704799,11501.873241959363,11748.230649831728,11997.043496725897,12248.071376630423
12421.751284750933,12716.7148688872,13064.216217223922,13427.631240006525,13759.539105490865,14059.834776102492,14351.81368753994,14646.541895442042,14944.760126015713
14590.602250009644,14696.348982139743,14859.04241475441,15053.365498635547,15246.744978653183,15437.418672276894,15638.868511909086,15856.778245449419,16089.545144895714
38235.39721450133,37876.258004267205,37739.70626770813,37699.4742077739,37602.13204685847,37452.977770261954,37325.90094587975,37248.132115734974,37212.11429225182
45394.672717342015,45332.06149745142,45425.89379227139,45603.67344502614,45779.36303489565,45946.94300738864,46138.444667251824,46365.720488022795,46623.06408963306
15323.44122610604,15978.75944813844,16695.00662225642,17437.4428400046,18164.289838569242,18890.37979056036,19634.243311451042,20383.63942449235,21134.39004975867
1342.7493685355369,1398.3707617671873,1458.8530923979806,1520.9361216008188,1580.334085947821,1635.9658931859374,1688.9008428261411,1739.5564027679054,1787.5808741267174
53250.56902715168,54340.98506247204,55745.5385945961,57341.31403861688,58967.82251240696,60612.19579799349,62335.80632560518,64160.340896769434,66071.42786489076
19775.99965464328,20112.890122049335,20497.439581580293,20894.212396515766,21257.571398399843,21586.974546406298,21904.705482717272,22221.922830102925,22539.105258922038
22143.423857274538,22836.957949744563,23604.037167067283,24405.164921514388,25188.47185406137,25950.928143709065,26715.66041241635,27494.11953668147,28285.33843041569
6740.330570681122,6901.644020307067,7089.456175869122,7293.321216121459,7499.981463243955,7707.708036774867,7921.4380140535795,8143.776646163732,8374.67869996987
2352.808205277765,2579.756654146169,2775.4109642231388,2941.961877028476,3084.6634141829554,3203.458014750531,3295.6970645994033,3359.003495270318,3392.455923056898
3576.5067529913044,3775.476606509977,3986.795990661028,4204.3438524476915,4420.424052113476,4632.548432245555,4842.407799498522,5051.323357111248,5260.029355002901
11309.58132628409,11441.500467574027,11616.934298649916,11811.196153806588,11993.889270083577,12163.95947740254,12335.359733031682,12515.776778628027,12706.343165772883
40075.52890031731,40595.543091338994,41382.81909550612,42341.23485075117,43351.16282846103,44400.89502498185,45532.64298032245,46761.92090226671,48080.28246438632
18420.225775189065,18345.409262911875,18334.998135842627,18354.704974235596,18361.613065131485,18354.45954573837,18351.81186401357,18361.65158065169,18382.457621409005
6324.420711099667,6318.457930297621,6350.320912399864,6402.977921028655,6455.973325553895,6508.047906207418,6567.06038967076,6636.16662614971,6714.541476841767
35895.56257160945,35746.34715223484,35842.91588995773,36071.80375215658,36294.67404609969,36505.97515660644,36760.76530281124,37077.200212807744,37444.24471716936
16468.184604881742,16976.37593231591,17549.386784965092,18160.719086001744,18777.775653471563,19396.255807875372,20027.478187270728,20677.007808611135,21344.739086545356
2887.7671824108706,2973.3302788555916,3068.73966580817,3168.3257489308444,3264.9006616738525,3357.919319400961,3450.522664725126,3544.3462359945565,3639.582123849224
5079.888305273049,5092.146877360813,5115.392318039101,5135.509435095507,5136.01270728211,5114.473604270844,5075.757049888135,5021.618418398004,4951.071748354311
24876.252095954518,25078.25827933106,25354.93843519617,25665.731479331993,25958.332683583714,26231.40353585556,26508.556624939,26800.214447641545,27104.59960822704
50416.96489401855,51772.338476341814,53395.60635075742,55188.55891094836,57025.022923497265,58888.67234247915,60820.98004743082,62836.548400308515,64923.53938948159
5760.887292069863,5933.390425945499,6110.921634010871,6281.687029688795,6431.718935526515,6559.202035942294,6668.577811695095,6760.923622448673,6834.635924887116
10501.04280296828,10648.174129022187,10843.327759185047,11053.574892566523,11236.521573052289,11393.985081908284,11548.473617171709,11709.768588157542,11877.492663203386
11728.219001188467,12070.660657334796,12463.122605576233,12875.228213312053,13266.954883979943,13637.685886983354,14006.436641690781,14381.555951020871,14762.618247777227
8367.884889452627,8739.871386018604,9131.23854906814,9531.843283718026,9930.55977465416,10337.624622210133,10759.961146171087,11185.778562395795,11613.397949029037
26636.311077981554,27297.090610724717,28084.873851822955,28940.161944858206,29784.282090493678,30612.44565408994,31457.901230975775,32334.71915718837,33239.06567749981
6096.774253467263,6401.563639315909,6761.802478377099,7162.487799636985,7584.044601727187,8021.5712230698255,8479.201228916198,8957.85416507562,9456.4147625991
20590.37573341128,21095.077352683114,21639.800317107878,22185.482857593088,22681.19270799994,23125.728168575406,23543.445003901354,23945.370630439294,24331.452894281123
10410.349238358362,10364.665755350066,10362.300839118947,10377.971990160904,10381.092398143765,10372.065568564616,10365.100189916095,10366.439600882068,10375.252720723502
12600.568104294209,12785.356238741013,13009.539046631848,13247.608267758505,13466.838474003598,13667.625300766955,13866.88583100229,14073.164606354072,14287.441271771202
23040.20779548493,23330.902742981292,23765.364552492072,24288.84153211092,24830.498852223736,25387.678534088885,25991.12391294875,26653.208900164354,27370.16051085588
6016.473006531846,6432.132316262378,6889.0275760585,7372.291588640441,7861.006273453972,8352.26533323199,8854.251513242998,9371.275485329697,9903.665859734214
48509.09908153387,49044.173402950895,49696.43486697098,50356.20683072587,50886.3779898836,51280.50706063066,51596.25108640071,51857.79880145828,52061.243008556434
13000.130057625462,13180.89157344145,13423.988232556267,13706.235958913898,13997.742474652247,14295.173603008378,14609.271586363067,14945.044397892534,15301.942162068375
2942.2395118343356,3041.852205495412,3154.754684829588,3273.1957955312864,3386.9642982655487,3494.812400892318,3600.596719792411,3706.080678180179,3810.9191013556515
34843.80882826485,35269.27773171671,35815.73547112348,36417.287259198725,36989.917062670815,37529.14948362591,38070.44874565774,38629.47047518486,39203.41483181245
5145.368498590451,5248.948954557529,5378.60364997877,5522.7866098182,5666.902822399585,5809.8207689932815,5957.253589321825,6111.400117647636,6271.446068998434
12762.2177136206,12945.132371125366,13171.72803226654,13414.49982672831,13638.600026857453,13844.071175177129,14047.879924314271,14257.787807522163,14473.749702690106
18643.84610584312,18742.951371698415,18914.4726227028,19125.91207073265,19338.474686171707,19549.78058516338,19774.77062758175,20018.85868663281,20279.558472158526
82578.30877051523,81459.46792361786,80741.43225587855,80237.49598651538,79721.65407733007,79187.858398842,78729.98462626187,78383.22899468862,78133.69699054724
5073.359167266533,5191.614137634749,5339.65890888163,5499.419256932672,5648.81428131199,5787.713815800151,5926.513443029144,6068.491836493066,6212.761253997568
16187.504497058879,16265.764525088149,16407.04095997706,16576.650950995972,16730.770965651576,16868.353300394807,17009.42765766306,17163.152565838944,17328.976020407757
4821.238112472464,4952.503924618514,5103.509734939444,5262.636245812951,5414.892569494727,5559.558966083764,5703.349256502702,5849.623267290313,5998.581711299087
4366.6498097012145,4472.48623181377,4598.14112950077,4731.857894791707,4858.509440378452,4976.718248785159,5092.19311325187,5207.652768717433,5323.175203844352
46891.83900808412,47881.76095281038,49078.318972388144,50355.372718355306,51551.77804626896,52653.39271374619,53720.695352364084,54776.53821500278,55810.106545897754
23959.765894493114,24303.70101482832,24761.085898941084,25268.23687094806,25743.310926829065,26185.546752252347,26633.95498497977,27105.981161668366,27600.292687612215
8810.30493913166,8808.490683696838,8846.271374234342,8904.2849667741,8959.19627510854,9009.793037178937,9065.417181992338,9129.662049186143,9201.207694614539
8455.489453483935,8584.958714003913,8752.371392994071,8937.03714969658,9113.611791769974,9280.803975849003,9449.238252129253,9623.294684668897,9802.125879233772
8993.140837952427,9125.30414746746,9307.541376517436,9509.385296914796,9691.81570943938,9855.105923668832,10017.910981496188,10187.506426359421,10362.316799477518
45659.742708743164,46306.12905386036,47103.48942883983,47964.70022423818,48778.63666101389,49539.8130858226,50295.65287626149,51066.51837510948,51848.18734591294
3534.263574490225,3661.5363403043634,3820.8581949421323,4002.0339737122927,4191.5500497754865,4387.749730895048,4595.496307906287,4816.873269391661,5051.472279307681
12733.73405524379,12937.176478641468,13172.745193018949,13412.675911366705,13622.199772607142,13800.992207301584,13965.864537088748,14125.381996533653,14280.002175154304
23113.905463126,23493.01903749452,23951.2158807985,24444.312614579543,24915.52269541319,25362.317821538494,25809.552282399174,26268.10526709849,26736.08422151671
10686.781697710321,10510.482498919167,10400.384011127953,10321.466664988126,10240.027492878455,10155.923279187193,10083.792106591822,10029.029454400215,9989.693879643035
10987.139846551401,11166.604435618638,11405.526806090034,11673.428518344812,11931.468428494161,12178.914594917505,12433.70799055773,12703.802849557305,12988.501241892003
17622.73093611721,17742.922797504223,17980.150536980826,18282.829240080875,18588.61583670188,18893.021915021087,19218.877136470397,19572.798052460133,19950.04718267103
12595.187892119893,12789.922651881585,13031.253180714744,13298.854919858864,13567.527860778555,13835.133240069848,14111.245070866455,14399.982800310972,14700.341134993147
413667.6811193873,405309.60406206537,399427.20864965284,394675.3434200964,389572.9799258633,384023.5840052095,378458.2383718774,372745.0758506674,366178.06061231537
3197.1602339560636,3294.977018738037,3404.906738956999,3518.8548770964276,3626.7187132489876,3727.7426370644926,3826.102558266222,3923.4875361066315,4019.530642389425
59061.94036515293,58276.956140932976,57753.73697911888,57367.19234553633,56969.32441991712,56560.6437864781,56204.886969403,55926.48493926025,55717.65360708081
23892.222160531397,23887.44527902254,23961.401486540086,24055.657044230444,24098.572095931057,24094.952697139594,24083.70381048462,24081.146632051375,24086.234098373872
58325.90373016003,57626.24911833259,57197.70533324433,56906.32091485406,56588.121420051975,56242.54428772121,55943.00600230945,55718.40796268225,55560.733348390626
51031.98648550409,51119.64562722219,51335.23335169476,51596.13797796555,51797.16659069631,51936.30351788177,52061.08142748949,52192.165448438784,52325.699799721064
38261.22027326633,37966.01308861779,37839.35609132988,37808.80253163268,37785.48660618936,37765.300819296426,37783.68765283436,37854.0278908694,37970.48158190366
2410.339092170472,2588.558465103671,2774.5559276915683,2963.3628514452653,3147.7740901870575,3325.7501269207573,3499.024305864978,3668.7269445469533,3835.0433560995257
-1001.0268837237431,-991.8146559350338,-987.5449376265242,-983.4804730045003,-973.1851035455159,-956.9999228894726,-938.2275583684706,-918.6343265774823,-898.4977473842881
34378.85546283709,35110.951194636466,35915.29327456754,36728.53902011269,37469.056419625726,38134.63428155975,38764.15008712004,39377.136253088844,39974.20902527551
5767.552776184904,5825.11250908364,5903.001423789321,5995.204706682077,6087.789034190233,6178.7094260924405,6271.947114132655,6368.331599299707,6466.157968540554
25804.33252739135,25654.432951012965,25621.60064236223,25643.916358865798,25645.086849015668,25625.077054227688,25618.683639267005,25639.93059519273,25685.51780623358
68729.1045195411,68369.08439258714,68243.99058946969,68226.72573077332,68162.3234122444,68043.53339732312,67933.27649093422,67857.00538427792,67806.8505111073
36240.508082298045,35701.03900186931,35363.60484549087,35153.94729553711,34984.036188249665,34847.38708170232,34774.837729898056,34776.390410180844,34844.41534856557
3408.1678682989973,3589.227464834398,3764.01119522199,3928.1923111767637,4077.1602249268285,4211.285719527664,4334.321557190505,4449.426227675769,4559.093481986719
10302.30466460342,10442.591021789156,10653.276807906084,10909.606856167558,11181.718982054388,11465.241438960744,11768.848831086567,12095.480152816275,12442.811889539158
19265.5990104504,19140.169587966186,19139.02208558632,19198.50641007275,19241.395087192115,19267.993264102875,19313.217389300724,19390.465851586192,19496.674942483685
4807.477761921622,4891.2426292022365,4995.735191663533,5111.109760924624,5224.9348582511475,5336.659407618674,5451.715286111839,5572.554723416063,5698.9249110479
37396.16330610909,37186.49020430144,37110.9003729933,37099.14197294784,37063.936541411924,37004.47469713555,36959.965263302416,36946.27980499569,36959.34008473851
13387.03030995271,13739.979159297243,14151.261040014548,14603.195866535812,15070.82686979805,15552.683878896762,16059.875798140687,16598.220011015164,17168.248197083456
2437.689656060253,2568.1529817049686,2708.3602332497917,2853.190588145541,2995.9048472223185,3135.5221423444937,3274.5652999359604,3414.343634078842,3554.9346356436026
44765.55316446188,43847.07001153363,43270.63344597185,42877.516783012004,42480.942854285175,42081.970826748824,41761.12766848652,41544.89003200373,41420.20147875226
64979.71300183123,63839.456085650054,63127.11115355286,62661.593897155224,62225.88302801665,61818.741288213925,61533.70364277321,61404.46563902624,61417.46323828598
1825.1949690039755,1919.3793853578125,2026.2415374490827,2138.941391576816,2249.4789669007214,2355.6947299358803,2459.318550479504,2562.344333678303,2665.647745665919
63320.216548194054,63288.61235638495,63526.320097934135,63878.39524640215,64149.599525212165,64341.70716585706,64548.11816341821,64808.12277898185,65115.3302401045
55454.44583539989,54797.641302331576,54429.04827854017,54228.44321797674,54051.72086849013,53892.3626754408,53805.696027486054,53810.03026293288,53894.39388388271
9272.85698035618,9445.1233865166,9660.54838595114,9895.386375237591,10119.800816343284,10332.308578971424,10546.219531221974,10768.020283667975,10997.82955766002
5516.50962183251,5875.772899844509,6242.425782929632,6604.5170706852605,6947.73357611381,7270.162593763726,7577.15056007706,7872.668655914581,8159.105488326692
20471.677690760647,20564.756808208156,20755.528336930838,20990.19113546882,21201.55776946061,21388.628742121287,21581.95713135614,21794.81851171763,22025.680893487282
8104.435488942453,8316.691301414703,8560.970547509687,8819.807623184593,9071.238215574682,9314.266174087048,9558.83035072245,9809.270066579309,10065.150406975285
2110.1567805770137,2185.3916280826234,2278.508490294455,2382.3212885316852,2488.057985637323,2593.3516834384286,2699.590239559318,2806.6175210271836,2912.9364944852077
10169.328900280012,10348.756378265602,10568.09554898259,10808.471096244106,11045.730337920793,11279.249368079516,11520.332185088488,11774.55757394241,12042.07047556628
23570.582981729396,23403.564615497828,23327.06633013796,23291.951221460822,23237.734914331846,23164.31861007243,23099.780770282377,23055.379588015974,23028.56212997761
4144.512567834242,4296.255202060205,4466.744664607579,4646.489508295341,4822.9577494121695,4995.289556711087,5168.963129802564,5346.620536298698,5528.175325244018
20063.092672531715,20865.827794951892,21771.652724087606,22736.69859725749,23701.628899330004,24662.720311672114,25646.4075473132,26665.534017094167,27719.522136145682
40323.23393262424,40738.21899667149,41256.93234163793,41787.35765511221,42217.01066390963,42540.03532554271,42803.780576909245,43029.64742481844,43215.53693847137
21565.805933994092,21336.491272134623,21200.008731439295,21115.857345750886,21034.6505698051,20954.340151117434,20894.729388287717,20863.315353478287,20857.021122779577
11516.935082799575,11784.626360845843,12088.349448656225,12408.154102816936,12721.116889128964,13024.535657673878,13325.721207647723,13626.058862386513,13922.654009027976
10503.226263837472,10630.150612794778,10824.584546783692,11056.901499154394,11288.91303954538,11519.417810482304,11765.293310635683,12033.452102633986,12322.35232379696
4125.1560130429825,4235.526510851296,4349.594903923459,4461.583865002893,4564.273974982769,4657.124647724898,4743.383518758583,4824.965940528194,4902.21652496856
15850.631524393802,15864.645258219003,15943.82622779862,16055.021223116224,16158.344168817513,16253.347966119914,16357.5323879137,16477.236270166373,16610.03980463662
14671.68793540652,15022.341991611656,15443.873465033459,15897.785496342243,16334.10339760005,16751.88464916757,17174.746547662937,17613.14276306641,18066.126808368666
27697.254843286344,27840.072855642236,28086.466119842677,28385.391047957175,28671.610995449882,28943.686230935764,29231.119036415414,29546.891706198712,29889.05242073549
41000.976616760934,41125.400169277615,41442.71670674452,41864.7509896649,42281.88789055606,42692.00821293235,43144.691834186444,43661.6986564962,44239.48081614311
3886.9693735644937,3977.7709368082715,4077.380900541449,4179.024612614501,4274.524692855733,4363.287190392778,4448.833663154953,4533.122901268697,4616.512722128828
40070.41608273822,40074.46126799893,40227.22279585474,40433.99274860891,40575.88747207795,40650.60458946814,40710.59422885622,40776.92199087962,40844.11097633653
50536.07848547567,50560.097080509855,50765.8356595253,51066.212475446155,51353.377122445345,51620.900416900855,51911.14282198255,52240.796090374606,52603.321643187635
9349.635103525088,9869.969267026248,10473.342743726998,11136.59583196984,11829.52893405747,12544.272164471151,13286.859438595327,14059.570379721903,14860.693025858489
9536.824229709087,9878.172817414055,10272.047440293503,10701.69854259532,11145.32938047239,11599.947688748149,12073.080708564394,12568.325446185527,13085.441051530917
2511.3973721588336,2536.9610774913203,2576.9925049311473,2623.3078967604356,2665.56442035762,2703.1734788382914,2740.5095394340747,2779.455961619785,2819.7218533603523
58089.42204025551,56763.569246007275,55743.78100378218,54894.43413767787,54075.16214876371,53290.56954845985,52597.10367547551,52012.835225238254,51525.53939857882
5982.877882993665,6219.5393975423585,6476.647967334593,6735.819161035827,6973.367115115843,7187.289976668476,7387.879340799521,7581.174953131273,7770.1282245971415
19429.65369065501,19805.02764837746,20290.67452383255,20827.120804820497,21337.295691498464,21819.25966674821,22307.882811180225,22817.507933636978,23345.179869670406
2202.084200303923,2276.535554135984,2366.1831245288113,2464.154634369863,2561.418427183054,2656.348449265539,2751.575191955075,2847.5347053336504,2944.854877192632
10867.019827325521,11408.706673182294,11992.74989837682,12596.009531923095,13188.069836740868,13762.931106735114,14329.630903531144,14892.228732599127,15449.33849438068
12312.622374549606,12503.323875453209,12727.473753622247,12961.524458370906,13175.94498900364,13370.153382179204,13557.93811547003,13745.44649654104,13932.06351408596
8561.536330513816,8620.32639848218,8739.674678872678,8893.398653630338,9047.753865467319,9202.542480407352,9373.147142338186,9565.739592635608,9779.175296158028
-51113.36101191893,-47862.08563334077,-44920.1403487835,-42138.606608119924,-39357.18022705774,-36575.307114051546,-33852.160157469945,-31201.66371873435,-28606.141836200153
9662.608190968145,9851.40693787105,10076.101496341684,10319.902490330098,10560.835734161778,10796.72358060135,11036.67134482436,11284.91749395621,11541.06733037512
50410.13168265271,49973.656758385594,49857.26661089713,49920.77196862474,49995.13556069141,50075.00881358644,50229.07593682913,50481.12504329865,50819.12221103025
14756.389178939351,14762.460736444598,14831.18458757937,14930.95383921177,15021.51503026171,15102.031516094503,15190.512527228944,15294.624140785125,15412.914501793492
22771.95289506267,22739.98203346616,22880.899952483753,23148.833325412055,23490.82443804007,23898.128816329878,24383.389545268474,24948.9899352834,25588.611747608014
17075.606052796247,17345.279197669708,17692.145256629876,18076.450023396126,18447.566082873564,18804.654278096812,19171.83013027927,19560.527870745747,19970.593993932696
7500.728478702094,7415.922236493714,7370.909821738772,7348.553744835695,7328.286395393232,7309.310825803551,7299.831113705113,7302.761919962261,7316.658514397553
51151.33034234642,50359.075145083545,49889.93456197186,49583.572520030015,49250.71090140274,48886.924619860714,48571.45326782446,48327.9706037363,48136.991502083794
3131.1131872293736,3301.3262260027072,3486.06904081769,3680.302034634016,3877.7855177715205,4076.4599929368933,4276.811208139046,4478.607639099378,4681.360455576514
11766.193695991155,11997.961485183847,12259.416676037628,12534.548082771676,12801.933795527513,13060.794874070392,13321.087879993749,13587.730932769153,13860.623634852016
7361.326849370344,7442.777825723186,7540.804554226237,7638.819063082654,7717.889686474032,7778.497985093532,7830.340307738949,7877.269242180354,7918.763379139756
87425.26026394097,85928.5842442456,84943.64255754017,84200.98218898058,83381.95238752867,82482.29962914136,81635.44201218738,80888.01294179291,80219.67072253411
999.9591897787502,1488.3164076044363,1858.0061342921815,2127.2345322836936,2326.1666830969707,2460.6768384662287,2522.538835097461,2506.288134574899,2413.224474950463
21261.772339574785,21052.567841467433,20970.366753270653,20969.87405799947,20996.710766974295,21047.438509178235,21142.44944450786,21289.520335758683,21484.02072037775
15696.49661188701,15739.123450090257,15832.518547831036,15945.621942504069,16040.314281359126,16115.905237571222,16189.690683859295,16269.30180254588,16354.094434209226
16430.206571101884,16547.131805674908,16720.586140092906,16920.26095133445,17108.156002700085,17282.689550673455,17460.03021968576,17647.29193252889,17843.532128807987
1857.8725701141832,1976.6721804506142,2101.2432250397105,2229.0879133638427,2357.6399009829206,2485.372160666887,2611.9640237835324,2736.8382141962156,2859.323693642633
1251.950830469958,1328.8715858753333,1415.977630209737,1513.2265160727907,1618.0526743548799,1726.7405547279025,1837.943963769607,1951.31152446409,2066.3130974207884
25033.820217364977,25327.400712953364,25715.99860628012,26154.270292272093,26587.952654456247,27011.49212570072,27443.85954917985,27892.67259322279,28355.223544080156
36320.612888717755,36518.64904814919,36902.906768839915,37371.12237654426,37799.409732803404,38166.2756803068,38501.15272680058,38808.792570342324,39073.43783952956
4356.377288729481,4366.486530185148,4401.844041908779,4450.324811643598,4497.101091201016,4540.724229812592,4586.222240420398,4635.166465086123,4686.217356269211
16997.750621652176,16797.77895650622,16675.68284442763,16599.838783657517,16532.706885365773,16472.048529045656,16431.848395430057,16417.037312078486,16424.848421635354
47690.45981585704,47293.98778055315,47121.53214210105,47079.65849752652,47056.02015505037,47041.710655707146,47076.27030322912,47172.82478400699,47321.47217984303
37184.15849963569,37836.599667486385,38611.731719682495,39447.08176613244,40262.61007886324,41053.37345555405,41853.882528344446,42681.91608231718,43537.08992916201
8898.14121536707,9112.80028175555,9376.965024878042,9669.482641791601,9964.5239575808,10259.874199663667,10565.263695640724,10884.179993762069,11215.054224105053
4397.6531529297035,4510.443723692596,4645.431135520106,4792.889252901814,4940.3718440541825,5085.999029242655,5233.855578854299,5386.015623998854,5542.029612934683
69325.97179345692,68739.22400191968,68419.61274321073,68185.36076146594,67814.35646104133,67319.97445771663,66817.8403862899,66354.30350961283,65922.14071572984
6181.402085972442,6363.178486497184,6591.395975393945,6846.194038400667,7101.5017227443,7355.714373527354,7619.859451343186,7898.536791096482,8190.813785362422
68563.80565056535,68411.27818023438,68559.69868400792,68811.79975803006,68923.68319106026,68903.93696760038,68871.81694407988,68873.46802529473,68900.50430984727
47500.66544813404,48014.2728622163,48654.25477936725,49329.82326570192,49922.92406923708,50434.343214743894,50922.949864390735,51415.991822420605,51911.98976898848
23253.68379467718,23362.27564890455,23593.14891337682,23889.41099973922,24180.51877995892,24465.618448649122,24776.38812523201,25124.926883077504,25507.275102889624
1172.954826834508,1225.4842296041486,1287.6428964857062,1355.5103188951541,1423.777184809065,1491.0913853627019,1558.7007629153663,1627.1162444312092,1695.926927244599
24855.332417612648,25113.766097789183,25515.187932102992,25994.844686519125,26471.46428764028,26942.187346278886,27442.09204801619,27985.332557802874,28568.353946939165
2843.9991024119104,2922.515117332669,3023.2495848274107,3137.639426310872,3254.4194422371584,3372.5703990144516,3496.2984803937215,3627.345498053311,3765.309243149565
5806.868304702327,5870.575972383017,5956.890741003612,6051.897659883502,6138.227575623282,6214.900855917327,6289.120610299629,6363.668160813877,6437.752016393984
36115.21015722947,36479.63896952739,37118.365335748065,37938.82252363314,38824.126030063126,39762.298751200615,40793.446560772,41930.479208913865,43162.32258096702
14248.15945230492,14397.836575559222,14603.8880709337,14837.886728178382,15064.345676452936,15280.759337378833,15501.839676870492,15733.824897835932,15975.427036160405
40138.796461717386,40423.62816506646,40880.41280753772,41438.6053125162,42010.70860151257,42589.79328457706,43208.900908970594,43881.774317478405,44604.0366738226
4638.687913007622,4794.787314592239,4964.929055194332,5139.8653178948225,5308.076073907554,5468.879276807508,5628.434035326101,5790.94264508015,5956.780464213385
32603.088978976408,31852.906566219342,31310.49778626975,30891.286081800536,30496.845041493874,30122.821990992423,29806.01707915826,29558.25737406791,29371.44529226324
29635.722945246376,30111.043502386397,30737.526810498228,31447.303341805284,32155.484381224218,32851.18946983061,33561.14998239003,34294.801406224055,35046.29745053012
16685.795009686786,17362.24461773323,18120.60801070494,18922.612601730445,19719.489840158927,20504.462423768182,21294.906420045598,22099.60830423445,22918.158992034507
19645.03634873827,19997.19238859665,20445.705287367637,20922.97731042541,21342.289374097905,21705.64502186805,22056.75421616309,22413.8923845487,22775.2097961197
2729.9733373077356,2851.6770871378135,2979.5914242486656,3107.0672155537636,3225.4276729901844,3334.7870382434057,3439.8658923328285,3543.1404787023916,3645.085994063071
4829.075043807481,4907.826210617704,5001.585843407795,5098.665256051654,5184.217201506828,5257.84069459771,5326.3534942974575,5392.622521264761,5456.184821508159
47596.14747244296,48267.87228615519,49095.95786421707,49988.469307065985,50835.44325603328,51625.40110492366,52396.349092297256,53162.32554925004,53915.03310976924
17923.88533929374,17991.59634065469,18187.014753891257,18457.681943364132,18738.80126678684,19026.772664532084,19346.694389430115,19707.05489693217,20102.967976455657
7036.615920759459,7070.146439447701,7131.9210101171775,7204.8129544369385,7266.871065886431,7318.40439578656,7370.25334968041,7427.252078785451,7489.083534165649
89246.86983405962,86757.59039086418,85014.09449447687,83739.80736462056,82629.03945896667,81644.73665305905,80865.97914488267,80302.27897934696,79910.69563164377
896.1002086181581,987.1501195738235,1051.1584851654313,1089.5079972354242,1105.8214206195337,1099.9684182275425,1069.8298943544614,1013.8098440225326,931.5306087509002
9257.543299564944,9372.451472658728,9552.294159425288,9770.100044669847,9992.32421479259,10216.587361835022,10456.118639940249,10716.497492598683,10996.602842105507
6305.324052771051,6581.061748127024,6900.690138579486,7246.350784058075,7595.758631309207,7944.229096904139,8298.074043881224,8662.038523732817,9037.14263579036
13292.482505231648,13996.76046687799,14801.26961011539,15671.09815756441,16559.483980074943,17460.21016177252,18390.441533337485,19358.50120866314,20363.863689176746
11195.39035692448,11288.874736006486,11455.702751609331,11667.752760366493,11889.764616460363,12118.516330464861,12366.237998960682,12636.410041732357,12926.89168856375
14242.716069947552,14182.7161129899,14181.959648367896,14204.414608700275,14205.607025403828,14186.136416364503,14168.266437267512,14161.916641049162,14165.785283933312
3924.947472005843,3974.6058881119075,4056.6130438834507,4161.092287562803,4275.927010466638,4398.320476782345,4530.492273379367,4672.750725425609,4823.712319406436
52608.46148965332,53005.57692791916,53537.89019378843,54092.83628588487,54526.46029432058,54840.702398678826,55107.50442731099,55359.81754641173,55595.83852304241
85145.81334186296,83118.33221753573,81634.11674725924,80493.42323742462,79465.3508541938,78533.38237351016,77775.89238681088,77215.59017532483,76830.30353015759
9475.821027335105,9835.38186336866,10246.903780254695,10685.924167432615,11120.900017578831,11548.09303573101,11979.4968678655,12421.447436080447,12874.446007863544
9183.174590282182,9338.885806624236,9514.685765485261,9696.241455172421,9865.869488532233,10021.681844376822,10169.721749909608,10312.070894698765,10447.41018653578
9964.393590275387,10283.229907538567,10681.675559937094,11132.618908225784,11600.280955565177,12080.637725419672,12586.883815645104,13124.666110227068,13692.810141221356
12888.837168622029,13145.413653532134,13478.12634115446,13861.197377880397,14263.310820215589,14679.36810285617,15118.072022730043,15582.480866404314,16070.568725137857
16344.836993151615,16289.747899191469,16317.172161311444,16383.883704355792,16439.219021158005,16480.53639679406,16528.681340335905,16591.77398549883,16666.84949916016
60826.73608593428,60381.185340724565,60244.785027693346,60257.0874473568,60219.92177274065,60129.62174617864,60076.96097384453,60099.1233255774,60188.37995047221
12728.96222437288,13081.559417121764,13484.11950955887,13904.521589540309,14301.842060762745,14674.906724591916,15042.825098531426,15413.925760970375,15787.27251620612
15909.290525494906,16327.494567890326,16778.990087260045,17235.66726220414,17662.640751765797,18058.35145133951,18439.205177246164,18814.56085962801,19186.527786077808
18350.184169974582,18240.527936835526,18253.18431197413,18326.298612375398,18384.648921439864,18428.760289597907,18492.595953386615,18588.681898185416,18713.248139087544
8365.910553480511,8464.640393107953,8604.979991530532,8768.118359276988,8932.02852914548,9094.18821375954,9261.91235092442,9438.19431474309,9622.117202563171
33923.67566985168,33789.04958915516,33879.54721549911,34103.29875380621,34348.54967650476,34609.356883375156,34929.30705352064,35324.10720994842,35786.10266772731
2935.9558848544757,3053.8540077338453,3189.7089545285344,3334.0533206255823,3474.80819245157,3609.5619440651876,3741.606546265306,3871.9814601830094,3999.513461552161
13133.235039069443,13048.600277861711,13027.640807918764,13033.00097674823,13018.77466706884,12984.450893974124,12949.88470965305,12922.494281795742,12899.614022587071
12269.366814901154,12687.7053446986,13157.145187238433,13649.76680672511,14131.376731497123,14596.801979851156,15057.172362524288,15517.537563762551,15976.88875599943
34581.85233311978,34902.03646169615,35357.2130819198,35864.98107494658,36321.605126482216,36724.89629732242,37121.58732750196,37531.27902607433,37950.1934037484
6730.9696736200085,6924.221589613093,7154.3379022256195,7404.115929193731,7652.091163064088,7895.841566799257,8142.55765952076,8394.567039544107,8650.423287703537
3821.2430042289952,3984.139399471096,4183.738393194448,4407.889721477969,4640.234966951866,4878.6423347274695,5128.928481789371,5393.537761920959,5671.607600221097
12347.771377659683,12421.790294057906,12530.965959950421,12650.723649895526,12749.64796758075,12828.555798127805,12903.821915322364,12983.255772367358,13067.04640440314
8556.847536047995,8780.72005782787,9042.760197433521,9319.96660293382,9582.416068548793,9828.89573384134,10072.7937105522,10320.3797975969,10571.584721812347
58313.10214714474,57793.62987571172,57606.8627496228,57603.90895654017,57616.85349278377,57638.73381650927,57732.11678701044,57912.93779198016,58163.46364029517
13781.648799737453,13904.97577231079,14121.234281169442,14382.042444525121,14625.540847938188,14852.54577316878,15092.489883412654,15357.226257664133,15644.986306302017
5782.591932320328,5915.338485394604,6077.403051296625,6253.171470989124,6423.411130243129,6587.144090231911,6752.546442951693,6923.196624550615,7098.892408725605
13128.511176250637,12921.040216592804,12802.456104553303,12733.428510695916,12667.549794176977,12603.337613715126,12559.356831263105,12542.04081851346,12548.295622862703
1390.826529889887,1584.9630642431034,1771.699908883728,1952.4534422309896,2128.2347824162484,2296.5432939025336,2456.057679705816,2607.08869455926,2750.5453617402363
12923.055445245513,13015.628640757383,13184.459604604002,13397.649834605394,13614.714182852418,13833.117186605237,14069.023571308186,14328.691244928577,14609.475980173158
3226.8472426999833,3340.107595975458,3476.868994818886,3625.2053046475917,3769.1077217994757,3907.749117566436,4048.269734628599,4193.779163878131,4344.034906071418
2739.29610406575,2815.229836514141,2898.4463075155218,2981.537307625657,3054.80213650345,3118.1925589513953,3176.851567259312,3233.578147735896,3288.848452636905
12092.900246932231,12259.849058714854,12467.955895332863,12693.00858179485,12903.919502517007,13099.072230729931,13291.955993034997,13488.82077460443,13689.120796474746
20216.11725550853,19812.837082448725,19531.237683574927,19319.664882512672,19117.70172168733,18922.806933828502,18757.802437600585,18630.04431828646,18534.676088160515
18100.860095116397,18130.681973350533,18244.44659570406,18407.693344966105,18577.445098719283,18751.138614842686,18945.693861315016,19167.65737485082,19414.49133299205
4750.646472886557,5156.491117766246,5598.693060783122,6069.063626341668,6555.763847479471,7056.064177486636,7573.723107563192,8111.307861286799,8669.93750722829
5283.9154691886115,5286.073346836646,5338.426291907126,5422.488251494117,5516.25403624892,5617.21956386092,5732.064178947879,5862.478146526658,6006.189813710103
6656.496816636508,6871.870970444253,7124.812700546125,7393.716842551326,7650.348841139495,7894.135411899953,8138.362099078668,8388.99652600351,8645.988325108516
4203.759761703219,4341.424396714597,4492.330740223579,4647.982457719113,4798.2838588628465,4941.992398419992,5082.517306315549,5221.690540127649,5360.240526463668
19021.945039030226,18910.049384620695,18890.16958688556,18915.521831169714,18931.58310417087,18936.145745605412,18950.53436764813,18981.690965022786,19025.29760700584
4191.192621313388,4289.417892838946,4417.643905408792,4564.9296278100655,4716.912048283872,4870.646684764664,5030.166176662395,5196.987649675951,5370.0755496692545
58380.17682346152,57147.83370729864,56263.81645513375,55571.81225396055,54886.99501259732,54207.33694107233,53610.235397128185,53122.67744487198,52732.15786961273
25346.909651423175,25871.587003511064,26490.979333457024,27153.251334559594,27793.367498131465,28407.447142594843,29022.590172497235,29650.086158960963,30287.370620299298
28514.04099134048,29044.759037453037,29775.431873134374,30641.744440028324,31567.64869153111,32540.64687350021,33580.118913009566,34689.02436476739,35856.87490634853
14812.590999682636,15025.075727941523,15328.069956775245,15692.351741830274,16081.086094550286,16490.441774864736,16933.448410860892,17415.31136017357,17933.931622596283
106287.50052531245,103672.14495330164,101796.76946144347,100372.20545063922,99067.31301172984,97840.99370796395,96780.80481378427,95900.2301641515,95153.79202841323
13410.970176475317,13391.19235197371,13460.595051488643,13581.847503654015,13709.750941909715,13841.033220329451,13992.305569943614,14169.396002982196,14369.21723231674
69515.95723407084,67594.71472350025,66115.91065561405,64921.7176228945,63832.19260517911,62828.40916163663,61962.563137846955,61246.242175029656,60657.8967803991
47465.23330969521,47176.66784739082,47072.4401590014,47066.2845474176,47050.42135027167,47022.182658896025,47028.00852637681,47086.50001469973,47191.9466266882
1903.8647549314915,1945.8413958670976,1991.5717248672197,2037.6880570913468,2079.9955137170477,2118.452006929321,2155.1061961852834,2190.929829068572,2225.956833009474
1893.6653427329509,2032.7050536155837,2190.021574994511,2361.5524683698295,2540.5631645661115,2720.981851821313,2897.638598969065,3057.1330455572574,3185.848081695493
14579.5525744982,14930.605947329363,15351.175069166067,15808.950439032773,16265.492210331946,16715.691385875172,17171.909204364765,17638.911224717285,18114.729636586275
35378.45861639136,35346.797935302275,35461.63231688564,35646.5256229639,35807.48134082536,35943.344585740946,36095.93004766648,36281.245773346585,36494.07750750939
1343.1558260138577,1423.28084991328,1505.314685609337,1586.7366238321138,1664.2296310083354,1736.9225119219993,1805.6724541548347,1870.7142416899242,1931.5656360479077
13682.217647891208,13610.215398236862,13612.991369952628,13657.633839310296,13707.055741984888,13757.804564063721,13821.409858074547,13900.050527286994,13988.953231762367
4703.035903863498,4946.2187011914475,5209.823900592349,5483.038136454929,5751.385793696178,6013.413042467217,6275.54992898691,6541.656157925621,6812.771102344626
49198.026826539586,49465.116695027595,49932.8664945953,50492.409347572924,51005.97416122196,51472.03560580273,51954.385967996815,52480.706791784774,53046.71822803008
85106.5576050035,84123.12978724675,83444.67891831716,82902.77325486667,82294.67607471447,81612.19939442423,80937.33291755627,80302.40725346305,79696.86839694506
4050.264283017425,4116.7004033566745,4198.187232892095,4285.313335762938,4366.185132389546,4439.223265714961,4508.7006377284615,4577.143192460487,4644.427792245893
13066.127982694503,13280.895819609363,13547.695030956505,13845.27040976179,14146.780511911773,14450.231122202604,14766.374064209263,15100.286785026065,15451.40442236873
17360.463114827813,17210.62992490467,17133.527043254337,17087.14091877996,17020.319530190824,16934.409989327145,16854.377926906203,16790.515332177696,16741.349670939086
2909.4174121060432,3033.2114227604934,3171.027934230639,3314.9300936961185,3454.8338383505657,3589.7673511544303,3723.7389814900607,3858.811662912409,3995.211122389783
67632.97048170188,66160.1987952757,65089.62824355631,64241.173430406816,63403.19247208277,62566.121459404254,61809.43723734919,61158.48572711815,60595.599344174945
19057.815540703035,19016.177887057627,19059.874698391,19148.043345985458,19230.4164178627,19305.808577069336,19396.090230128022,19510.10112114328,19645.70297359516
55241.270185825626,54197.82271186256,53454.382259340564,52876.97296073255,52306.61084243499,51740.03082377498,51242.86535496135,50838.75464653116,50517.51343888252
20253.986304961418,20305.844799710638,20501.813757004304,20772.97516895031,21035.206778308293,21287.183461202774,21565.95095250642,21885.78979380557,22242.912112637256
22961.619509186316,23381.607316350197,23884.478439000148,24417.863818904898,24915.898210881867,25376.73986917043,25830.65290160902,26291.430066740064,26758.302495757613
10008.407204635605,10186.771264469591,10395.653275301285,10618.20292485064,10834.718653458725,11043.097051867424,11250.044947223618,11457.925215300966,11666.182453701022
26713.248657061275,26897.28757060581,27227.978808209064,27633.64663354446,28023.36396021836,28395.46586015386,28790.759697855206,29226.154581873805,29698.197611123236
12306.75239075883,12150.10718519249,12089.709639002864,12093.11995277818,12121.697279106911,12172.104344805492,12257.031929688965,12379.730325182238,12535.796055601206
12466.175690717657,12507.649179727801,12609.910949668609,12742.802359578658,12868.734438800373,12983.934166378405,13101.295498363934,13225.808084691855,13356.880182191502
12537.811809754254,12860.284754431557,13271.000596224978,13739.510106815147,14227.063479002058,14729.47547015567,15260.941605369564,15827.85927694912,16429.16206891959
23039.2171606698,23123.17797176951,23347.544265218985,23648.135870255024,23944.97921956995,24237.01607987644,24559.979183045416,24927.65147572456,25335.811455772706
1782.1834128267333,1862.4892535097572,1948.9374455797129,2038.393971440745,2126.0662714508417,2211.249277362509,2296.124462063101,2381.8956116441636,2468.8091542933307
27323.734437823918,27094.905778030145,27031.687946517486,27057.70591558675,27079.781756095585,27097.361276629654,27151.790376385987,27258.968779481984,27414.353111688062
63316.28141130184,64597.49916912164,66117.67276815347,67660.05629641644,68949.4000994983,69976.23703181426,70861.90084447939,71656.66756672885,72351.1634847261
5855.907860094615,5982.819817676253,6138.095243447097,6307.663425250967,6473.097815401004,6633.089531575698,6795.547866314727,6964.202413853354,7138.529840451635
51117.69153993327,51566.148902192355,52218.155175284635,52967.97807892544,53681.40403531313,54352.48207955758,55038.41451307076,55763.480298685376,56522.17002783619
15485.062129601658,15420.699265940048,15449.252880697399,15526.698059366936,15599.28127570636,15666.337701307535,15751.405360271347,15863.342091608038,15999.28649079523
29951.915889777694,30313.569371755446,30729.42749958084,31152.933518796322,31532.145902957607,31869.855019323382,32192.84565539317,32510.377900798972,32819.78581469231
21898.450814674292,21893.1693704257,22034.83154712157,22250.99460364984,22452.684411872364,22639.600082906607,22851.94279568677,23105.23109213888,23395.562006979802
8912.314831270756,9164.87756482239,9477.527373247969,9820.28630202561,10154.04823497108,10477.236001590552,10807.451262436716,11152.345100818746,11511.195560943252
4987.558114825425,5126.367100110932,5289.128993240705,5462.853950959727,5630.519932813392,5791.675528907489,5954.367870368239,6122.430340233948,6295.902288477178
24223.03387896932,24343.58131539627,24561.580761327117,24826.107460767536,25073.485941601364,25301.366056090374,25537.350497004732,25793.569118369775,26068.223194455157
36196.74169381428,35378.45869386268,34757.39551580432,34247.33711103099,33747.75663946677,33254.769738544375,32806.95117351703,32417.304398069016,32079.007199168704
9170.246744934271,9412.22194565505,9684.405811786568,9966.354607266268,10231.896855881865,10480.513174515692,10724.656617043176,10969.359257509075,11213.671925821158
75422.55826757556,74307.39375175095,73654.12948599417,73225.68046402988,72749.48416171683,72232.63453744851,71798.10248194617,71484.31582309405,71270.93071618922
71605.23987723223,70960.90813158,70776.06917403084,70893.6440839073,71122.99370235782,71446.46912169132,71926.77799736198,72581.27483112171,73388.35245099363
18921.05067737631,18945.35265874637,19059.67292505897,19210.841164273745,19334.6763003917,19428.632079050796,19518.689880654652,19614.114471752706,19711.128003515496
3837.910605346491,3867.6321397564548,3922.283022780669,3989.73911641206,4055.3673231908533,4117.811618226211,4182.169217451057,4250.341973249476,4321.672906937917
34104.98261416715,34141.69978869262,34392.88287681996,34772.94269191221,35177.69753027831,35595.69050198106,36060.901757120635,36584.21044434392,37155.97880168414
20686.75199446135,21331.612322331588,22001.361996313535,22658.936031008427,23257.784583012148,23794.931099206835,24291.03828346009,24757.57833500617,25196.045924996226
19968.45205567844,20096.02340150936,20280.677099285265,20494.139883348827,20700.002863350786,20898.16288178901,21106.498399353834,21333.63891969647,21579.884027244007
37869.32105636622,38840.98971065051,40018.06965285424,41306.17045461408,42582.74847614563,43832.25798291476,45095.15875368832,46385.29096528597,47691.6877619311
7860.1188235615655,8244.067971103552,8600.386526926619,8921.345691012246,9199.539035013631,9435.457167410692,9633.695134671736,9795.478521795809,9920.193069826008
4868.297744679816,5039.336237513277,5246.206266776148,5474.527995489806,5705.4759410849765,5937.0553481773,6176.821768415965,6428.735304575602,6693.343032175284
8.89040318590074,103.32152183638829,202.15264743101187,304.25247948571484,408.3376195396503,512.6340902023139,615.8445376852321,717.2157089890688,816.4484427488085
30887.329582544975,31203.80666694519,31680.50402853212,32241.351546826296,32789.74380756999,33321.83598088725,33879.10754073256,34478.721643931065,35116.49754308799
7420.716526934077,7442.288067219473,7513.694152719436,7608.83312637262,7695.4261397822975,7773.900511818743,7859.424732911712,7957.703195713472,8067.294078153425
5635.993982846069,5837.896154687887,6056.192232516354,6276.424945864,6479.606799363861,6664.49623151023,6839.634735350606,7009.527418375457,7174.768799379579
13676.242528873978,13645.304056588295,13683.270998490265,13758.854292242057,13833.435365071024,13905.609096363318,13991.564620456327,14097.743924823686,14222.166896525667
53469.94312538262,52357.38158759857,51565.225097840506,50944.765256747785,50319.57293740162,49689.785830893285,49132.02508783508,48673.69168914051,48303.913012782614
5416.58088628522,5557.039931833835,5720.886408401688,5895.431939192121,6064.408922676679,6227.155195479338,6391.004463667167,6559.342618463332,6732.035836380437
1751.1205689488638,1810.5252869182782,1878.787328419689,1950.9988620438544,2020.3282710715503,2086.1225535307367,2151.4292609856793,2217.9688017320746,2285.8943048981955
22362.830778338906,22588.40282185959,22876.078090787156,23177.427116874405,23430.104867123904,23635.978387406853,23827.29336168057,24018.72324111768,24209.52392545708
7743.58540898933,7907.222017083814,8102.591728966824,8312.903145117853,8516.48170651073,8711.476169175417,8906.40176921671,9104.891689539289,9308.657376852147
5030.2577788593335,5317.369406730309,5635.779474418731,5968.819767277334,6294.268959586246,6609.586937355676,6923.662920704448,7240.971810291987,7561.884282366811
20885.11471901476,21094.846094147808,21468.9390876635,21939.801010067335,22421.694590854968,22913.754994238767,23455.366125108358,24062.421511770994,24731.67812483204
15638.629089617696,15915.05335835044,16225.137530710324,16543.889087553984,16842.194729555722,17120.326532941122,17392.390314287422,17663.62479292515,17932.64489635655
13585.669626991179,13613.242751595817,13692.166579377037,13794.795184699067,13888.238628325651,13970.412709665196,14054.020029840585,14144.786813588758,14242.134995907656
5535.833480721548,5614.821302086623,5723.922777730749,5847.26632591825,5964.583735562021,6075.705540639428,6190.087624244846,6311.600726153577,6439.598516824237
1428.2821218580793,1551.891577865629,1670.6745044615354,1783.5516492068691,1889.7584340694602,1987.662888552404,2075.577119250179,2151.7218190133535,2214.575206746574
4469.143790610836,4628.76440326652,4802.488285470734,4979.865530822529,5147.474906445399,5304.646894170444,5457.476880054036,5609.070387019894,5759.60950816762
7830.498275839778,8180.041092391317,8541.199116824953,8897.902191032412,9229.144214461367,9532.26507523093,9816.078265479164,10086.148640458454,10343.797876895154
21846.010173074683,22419.101340800513,23051.155153155498,23695.189106000005,24291.409757124315,24835.336033829662,25351.616298771856,25852.14492866656,26336.345671246796
5685.628580080942,5711.990676803158,5774.9067634870335,5858.978196905217,5944.394740416636,6029.862625639809,6122.506449269248,6223.02433094442,6324.965155492161
5123.721268869824,5250.49069009888,5405.691462813348,5576.203548049833,5745.145208067469,5911.2060530927465,6081.48957215624,6259.354086809261,6444.4574082793015
9709.46431573447,9844.465397651113,10030.876782358175,10248.594534729604,10471.980201289105,10698.75613559819,10938.380759901022,11194.618525076843,11466.094085197063
42066.3108552969,41593.99616212262,41364.872437061305,41273.16173774621,41191.20688100369,41113.67037243046,41090.91131272453,41140.59750724238,41253.37722553372
30386.31914484236,30862.008474051556,31652.83525795612,32663.09143800526,33771.965952348284,34970.15289457767,36303.787228810615,37790.247957152,39422.46908561
5099.80724745895,5194.442518232589,5306.759620807566,5423.46100445015,5528.3458215634055,5620.314605475215,5706.128959598287,5789.13626644453,5869.605760661978
9460.887062848044,9509.119871957664,9599.931610755788,9712.512954736869,9821.381824116414,9925.49965924596,10035.84909356669,10157.531469396718,10290.40350971874
12974.70707872855,12928.545882224194,12932.640199848453,12961.32201693341,12983.595948017992,12998.124198495361,13017.634477560994,13047.446412689484,13086.368510427863
17417.197717238854,17545.272217680344,17749.000040328952,17990.93417354233,18223.7952896623,18446.386498644544,18679.94893728859,18933.76036330187,19206.53322790969
58674.31961728551,58714.89029689788,59095.959388234594,59640.06996257941,60125.9279684824,60559.66694611926,61050.38923940273,61641.16171140868,62323.351427503905
5319.632405119228,5426.525309005983,5566.358404405999,5721.657017587133,5870.053206352669,6010.433442685847,6152.28986615959,6299.742225871811,6452.362177513394
3718.7306976756663,3813.3418046025076,3937.6765201975586,4079.766814195401,4224.667086247787,4370.593249179599,4522.724242793534,4683.0272679724585,4850.574053796376
44874.73745543999,44821.265756317596,44978.33085860901,45215.258769003085,45368.76920908192,45442.65250754857,45516.98072486424,45624.81862012826,45761.47889805171
33454.67724782384,33266.75766414051,33212.09520031271,33223.198329093524,33219.40483835229,33196.9605471037,33188.44772106635,33207.31074385147,33250.09890194249
12074.875754142478,12216.323378235296,12405.478277951906,12620.607404278904,12834.154538292603,13044.117166809448,13261.391149067254,13490.734969259329,13731.162409562654
7408.22444573546,7487.950637543864,7607.7684105117105,7754.32968958145,7912.2271847149095,8079.253235595551,8259.956862439858,8455.902184742657,8666.144437043653
89415.00722814308,88237.14360190163,87499.60464702811,87004.17806079406,86515.12094779461,86027.88391455935,85641.53371023848,85392.43218690033,85266.14694120914
2047.2263587464656,2140.6797981101076,2251.0150440885313,2373.0473536492727,2500.949335070194,2632.8195485248934,2768.984670203271,2909.2836348718133,3053.244196745498
46735.65004822961,45667.33332972054,44904.66719208294,44322.69473697886,43777.63430570999,43260.045269890186,42819.353066654316,42469.840209927956,42197.67724841375
40986.05701095983,40597.986250340844,40491.919345968076,40551.28415556297,40636.33775633439,40738.46143635128,40908.93478134572,41163.875984109334,41490.609494888115
56378.268096492335,55707.31503642952,55325.76059581916,55107.0871364034,54898.08903425477,54695.92390715637,54565.457243974735,54530.3625922504,54580.774985891694
77715.81598976161,77611.6222912273,77887.2365798514,78335.86829235013,78695.43476776316,78962.7058885381,79248.75279994067,79581.80578156108,79951.95067314107
20329.65388033065,20682.250557383173,21140.413985402934,21658.890887168836,22180.933639257313,22700.86334190733,23239.177466268684,23803.86345650072,24391.81407128934
20369.115616355095,20263.08845789382,20266.502089156038,20327.556010911052,20382.21794788201,20430.00320938699,20499.621442245516,20602.459382136763,20735.559969720704
803.3905984985972,833.9330664991891,857.1353188999497,871.7353480436502,876.6278767566832,869.9505783883911,849.9697272863025,815.352657105665,764.860759513123
31789.99652764779,31233.495790851128,30874.52680147068,30628.913941517378,30399.20442464377,30180.575839902926,30009.385640243006,29897.40366524824,29837.089782541916
11147.634282963712,11597.407952615958,12093.58179322907,12609.71609777694,13110.948783706173,13593.773263936448,14072.031841974727,14552.744644375609,15036.010793727362
33436.35096337907,32997.92229032472,32723.896390080732,32542.01318081156,32365.294899055414,32190.769455661804,32053.65339311046,31967.043458760138,31925.33166299679
3451.10226732401,3713.718073987177,3989.126917888651,4272.479792670428,4555.260807224618,4835.631200186965,5116.517893862395,5400.350619229314,5689.158563263008
13192.341409153776,13784.68805123154,14339.879524211896,14850.324945884082,15312.831186580217,15730.99842508772,16110.631660930261,16452.801066785854,16757.59683210932
101268.7524910396,101453.5767961022,101692.6565251223,101962.65335347482,102234.71402285298,102507.28948176051,102791.19545933818,103090.23575518132,103402.78272342386
5925.398089250137,6192.498299447423,6499.156724805523,6824.847283498341,7142.536090137443,7448.0400093051285,7749.590075664339,8049.752055518438,8346.484347847401
57517.82616524423,55910.30702935131,54744.69680001569,53843.71437178087,53005.88845367804,52222.05743066474,51561.95690253641,51039.62280466055,50631.51226005593
37982.51315284744,38003.00108042689,38276.62579995408,38721.74703465925,39239.645490933,39822.61828182896,40506.28780603472,41303.526628241656,42206.86538313398
7569.5234135178425,8084.761845565652,8616.544551176135,9144.000578544264,9640.382939948462,10102.57050997247,10541.994584355918,10965.933046851453,11376.73364033899
17765.42561769717,17731.612068953356,17763.549832892517,17825.68387692039,17877.015100162298,17917.746556415208,17968.310862981743,18036.25226937909,18117.39153338553
4658.122860827224,4881.792376103179,5122.48969398245,5370.182420929436,5612.03806509236,5846.289707843587,6077.960374007351,6309.680917594014,6541.419207851649
5377.718248084319,5560.935511175765,5774.750537452836,6003.795045326665,6228.3811608310025,6446.1975021284525,6664.525879929363,6886.419515963506,7111.004131001523
46106.89076634951,45934.10838185354,46048.162581720135,46294.89169751963,46484.82980061197,46624.3818618271,46805.292954154735,47061.446937593806,47383.38580768392
23595.572018510575,23380.83971852407,23275.8952028027,23222.348345118186,23148.473336656465,23054.495449902835,22973.267123333237,22917.94982295277,22885.625788913752
5326.8152486791705,5428.32643938847,5577.24271155504,5757.441164234736,5948.580424438871,6148.078085271352,6362.791007310502,6595.382876828411,6844.553946714832
19769.009846873247,20264.62516973616,20861.020759246476,21504.478452284522,22126.5707702706,22723.077567313743,23322.54438912564,23937.105904221855,24564.410633693504
23606.50468134321,23217.50042446063,23000.17505045759,22880.104479682795,22768.315744348853,22664.62784225006,22607.398763433994,22609.888549069452,22666.486084840275
6617.667354253901,6652.621456764464,6729.993590605562,6833.2509952594355,6941.19016791367,7052.148364043211,7174.491779864491,7311.796325190916,7463.1274502905535
4630.582847045163,4803.320935145512,4985.297897077483,5168.708121665995,5343.796683539099,5509.9370252546,5671.8126556467805,5832.228566762512,5992.062233517828
15876.248636919458,16160.674350626728,16484.855313681615,16814.490312675964,17104.565362137273,17356.229780663496,17593.332936527484,17827.34104936663,18058.574657152152
15270.182502529642,15217.131979583126,15256.066980660053,15345.322949153791,15434.440681534616,15521.43562751757,15626.904676963357,15758.782675259115,15914.46345245403
25127.893493104628,24871.67072826808,24767.421022627812,24744.12761751249,24716.7986111004,24684.343074552304,24683.082070522098,24725.66411024016,24806.29092296404
41195.68095753764,41049.628270198,41074.72670649616,41182.705166580534,41262.61641825455,41314.11517640261,41388.36654412661,41506.76774246744,41665.104213279235
6430.922139210026,6473.382218291173,6532.2976247879105,6598.452433815357,6661.034325793602,6718.938435969025,6775.561922580155,6831.50389186635,6885.34773364412
6493.0509574418575,6725.03263876359,6994.41537639579,7287.501868638905,7587.535488666601,7890.903882877974,8201.785041271305,8521.954350266542,8850.641058018913
20781.38715051233,21804.39606503022,23034.617642897465,24404.08169518699,25817.977732604373,27267.91264672342,28791.875067928555,30404.35110583104,32098.44834914664
21494.855466920195,21690.811758887794,21970.02769474906,22294.747458322112,22618.564594246123,22937.74549010779,23269.77858669836,23621.828522953558,23991.45721441068
8737.149231432124,8819.725886545084,8927.829746493018,9046.31024973787,9155.896701870743,9256.44188492887,9357.317484504962,9463.067090055736,9573.819019442482
27795.23113935035,27565.408059322013,27533.332653199457,27618.941510594035,27727.049070733992,27853.63363026659,28035.76283539354,28285.597786961556,28595.770491708154
36445.39715306909,36132.15423529847,35977.64414514945,35902.726667773364,35811.50445380145,35702.85117911539,35618.875873624704,35575.76093056105,35568.48468685093
12735.764401809149,12759.597445059937,12854.427785936385,12983.036963629196,13099.434809225579,13203.832429925029,13317.81295915953,13450.410011616419,13600.391560447359
5584.112133863865,5528.052494658153,5510.334467946719,5514.3769616053705,5521.628998444642,5530.311262590841,5546.1537470227795,5570.290956683524,5600.453263583194
22059.98825696361,22570.221774127727,23202.91829210904,23898.69944144077,24580.53400174433,25243.41374731086,25919.195468845457,26621.3080034276,27346.57469044475
14498.297801629213,14666.942099448384,14878.273771255503,15102.176451539446,15300.533861932377,15474.288104077761,15643.239132377512,15816.52797469364,15994.126123974942
26884.340155623497,26986.407005614594,27227.34455453303,27540.966384419746,27842.75736491873,28132.044470912526,28447.96012617341,28806.930005578215,29205.94527237727
4423.634558526962,4611.881102434838,4799.077892060457,4978.576935124314,5142.095275007627,5288.371935864957,5420.146110133671,5538.024873150235,5640.891917752461
11987.058463447169,12221.291875864601,12518.39404073003,12837.898202308299,13127.89123440983,13388.442895405244,13644.588640141947,13906.916141797761,14174.520753132289
8992.533024809818,9264.496430689385,9566.190323729494,9882.63776764253,10194.185523607972,10499.419996857569,10806.513835199092,11118.976958343259,11438.126669168521
52898.14086971706,52511.37322532141,52368.66222605708,52356.74561307661,52340.8624802046,52314.23843551931,52330.78240573433,52414.0034139151,52562.39079206779
12836.123238343625,12868.399423717727,12966.672362807698,13093.653167618917,13202.725319802708,13294.297191910031,13390.517426861252,13500.636665398462,13623.408662072396
16133.260424453414,16342.287726098259,16603.814688965143,16887.23915321814,17153.940904154213,17401.854351808626,17647.454450844063,17898.232178867514,18153.248984728394
33040.4746789743,32798.27872074527,32677.451638559243,32617.90941443141,32545.5466677467,32458.420286994402,32387.511524681984,32344.286489709903,32323.380392244107
4097.896366573138,4153.689412479515,4226.0128890931255,4303.630007276551,4372.479087522126,4432.15025438363,4488.91883475534,4545.445549062802,4601.303827400544
10321.265534041137,10914.41854317778,11536.547120911842,12160.662958440578,12753.168625303695,13309.345827140189,13841.88195758097,14358.494430742852,14861.013716659096
2825.9253318114215,2958.950545589218,3105.5013177496526,3258.227346690366,3407.0407035836483,3550.3939777188994,3691.5738282126476,3832.4969548424256,3973.7387725131643
5415.0230977196825,5516.069251373866,5630.970691975139,5747.255057014162,5849.961670643593,5938.325183533888,6019.104859737154,6095.997702482136,6169.705216535317
33702.40745624175,33059.0825395403,32583.262714887926,32197.998617134253,31813.209740963193,31427.325760415843,31077.579608376036,30777.164806883924,30520.18115738937
2165.90422534152,2277.743620923951,2401.2916437537137,2530.044650684095,2655.7450114220082,2777.1652623374716,2897.3292156330185,3017.810445672805,3138.778456533477
5766.3284814129465,5871.905432551871,6017.440555859054,6188.8350503830425,6368.100125455661,6553.1219693514,6750.061981688374,6961.51926345288,7186.802748637874
21105.04413116005,21495.307857278087,21995.29330793017,22570.741724547173,23177.960402410186,23812.863599307835,24492.033324922984,25222.725088342606,26003.021143958762
22021.395228428653,22264.73238028655,22567.166117457353,22887.5642252388,23175.05183900157,23426.648652280408,23663.603814827697,23895.97842534076,24123.635864477306
2101.5337142479775,2227.5139505096295,2355.8503660996407,2483.97370513943,2608.539475890385,2728.7748160954357,2846.0611921078494,2961.550258914675,3075.8272706666958
12334.681928155705,12430.69596869265,12592.175521164078,12785.591076560559,12970.628319960362,13147.931424176468,13335.286301040243,13539.858880275066,13759.92246496886
5625.875990143745,5814.002476335885,6017.097739975034,6223.269811926364,6417.519276719795,6598.5651270729695,6772.525089455968,6941.707292301873,7105.218409529265
5913.459538911504,6109.41721513957,6304.845093920797,6490.096023701002,6654.252903661589,6796.961657980136,6924.136603670508,7039.597789642047,7144.018791664466
1881.8707408158025,2032.2473448191267,2198.726596914091,2376.190115119422,2557.998392431488,2742.107275072454,2929.995179257141,3122.8462158056527,3321.3414084073484
12546.543904815786,12663.289923488084,12837.179235369016,13038.773218727554,13230.510743956609,13411.50157516133,13598.68581244215,13799.302575031426,14012.156505671011
35143.00454454959,35372.47821571413,35806.614759408214,36342.61296049779,36850.40390850536,37327.50205634246,37831.85365149073,38386.285424301524,38984.40285623165
29193.65640813046,28852.07284539191,28703.749163708217,28667.417869933233,28645.60343150061,28638.079234448916,28687.779581673978,28810.43988501742,28998.933290945344
4364.628256324232,4479.170315331219,4599.795269927874,4718.578460405581,4825.719138452084,4920.584625097036,5007.820436198856,5089.87448064716,5167.090545096675
16312.442502548525,16821.127251028687,17394.981191478135,17999.293830730658,18589.301901439572,19161.59483415283,19734.81746204552,20317.713703070425,20909.400818288457
4555.600026233246,4710.052742379795,4892.545383929471,5088.779755157163,5280.606104815452,5466.027205066902,5651.869893448597,5840.832583226845,6032.383930472534
44214.642177838046,42960.965869736334,42022.60625621579,41270.3519937869,40555.94607416525,39872.7939557293,39274.68648285167,38777.1572590289,38366.487140708225
19582.861546748893,20031.219990122856,20558.516840488424,21123.372226555246,21672.95838463897,22205.123522836268,22743.409039963943,23298.055845030533,23867.10297049199
44185.13176916731,44592.91547219325,45204.55598304036,45903.117761713576,46545.30710682401,47121.09702167421,47686.40727267977,48263.948154576305,48846.899275615
5195.042138398135,5233.38931783812,5289.009125219425,5351.153105187847,5406.271816115459,5453.591504899811,5498.781696480358,5544.453203498088,5590.385091600635
6450.959961421176,6627.812695259777,6830.466318457621,7044.870623848899,7254.2056567110485,7456.109454073992,7656.040238198056,7855.779609679205,8054.0260777159665
3645.5038058606174,3792.8208837346097,3991.9492585512066,4229.788296289648,4490.438592548358,4767.656770873906,5061.285239872126,5370.010307211448,5692.211403545695
41162.58279303996,41439.669126060675,41933.9589883055,42544.72578816518,43144.1409957349,43729.58337787633,44357.96301005421,45051.574872734884,45803.29302850729
2223.1113902445063,2311.92494379518,2414.679029934126,2525.2894059786067,2635.947609668465,2745.347844563122,2856.1765070256843,2969.857288990086,3086.3731345168057
47905.65063296749,47230.56833992721,46921.83360776413,46827.15269191503,46765.542816305846,46731.1043419455,46795.52426573992,46982.2884024074,47277.19619301515
7653.749073831249,8006.0841093368035,8386.615418070227,8780.069625901382,9168.320169196391,9549.859740877098,9931.615735694199,10317.82727053462,10709.074170476408
27126.288077955796,27860.989656786805,28695.664321788645,29554.334439354418,30339.032735080633,31046.07877992721,31719.783871608273,32380.13545732679,33025.41139308173
1397.9002634066917,1479.3789576450067,1571.2373533413856,1671.1423981326243,1775.4817022434293,1881.3390820535387,1987.3474091375424,2092.4350178073705,2195.753786561843
8360.74141086955,8697.110207138197,9083.880041401046,9496.334318633088,9900.524246568451,10296.338442887727,10701.140209310817,11123.04713247912,11561.986394968857
20736.099744345174,20806.447951741044,20970.720280316575,21178.904503652524,21368.68855898044,21539.65242662782,21720.8713063866,21924.966126973286,22150.449649588267
23299.06212775266,23250.974697219717,23322.37678728207,23452.826708209865,23567.694160541243,23666.97136412714,23785.24936919786,23936.922292335727,24119.631800674124
44783.72473878942,44357.032445082215,44125.12169830905,43976.29481432073,43775.85975906784,43528.22579197725,43299.34860828855,43114.915879826265,42969.49086754233
5185.721038357153,5368.531458478058,5563.77361138506,5761.6611586062945,5949.418311990036,6126.18495339197,6298.318098822811,6469.904304136567,6642.343231421225
33579.92886376832,33577.44701421037,33729.34137154904,33955.5585967139,34156.334723839536,34332.809411984395,34533.327535502496,34779.02091568195,35067.76605026131
58578.893678337205,57262.31965164575,56347.074744510624,55653.470819472685,54972.48412434283,54298.48774582086,53713.734050018276,53245.51926864607,52881.785818815566
5105.821222827235,5100.4850222532605,5131.63484706233,5184.818070156812,5242.760493413905,5303.8901521451135,5374.110638623307,5455.321522724861,5546.074729728738
55851.774725725474,55343.57534249721,55135.831477144304,55049.94291583927,54866.268174191806,54591.20534671195,54330.312634848895,54123.69387892132,53961.501774285
6477.637728183039,6592.477386268665,6760.437179447588,6958.820620584325,7158.758619648525,7359.3563886363045,7573.214394555044,7805.02590452499,8053.319928227558
20021.71962526276,20310.508540474915,20693.31223600757,21131.04694182651,21574.737479624073,22020.70243018002,22488.201831823124,22985.309736350588,23509.896138897453
3539.737139183764,3755.0319533022657,3981.0661460794,4213.311081122818,4446.744090257458,4679.597316800132,4912.767480958708,5146.963461215234,5382.79454361388
5071.702787932472,5169.86263949421,5288.655307124699,5415.648976956168,5535.791109691523,5647.460107043435,5756.652632518485,5867.836981642463,5983.763834959874
31240.772554259835,31338.601921659985,31531.598633245132,31752.50241438397,31916.6758776514,32025.69012218442,32121.990843530624,32225.238534690034,32334.990213122514
19478.22410467144,19935.972107679794,20486.673218434888,21094.675372801023,21714.833081955352,22343.51421368383,22998.393758338436,23686.400085080233,24405.14739996553
119679.61112261793,118568.05419018834,117972.51816721546,117591.42424917746,117052.8608336422,116357.90161075408,115673.25101205934,115061.46411151608,114500.44135571267
25879.406514722632,25917.79684507558,26065.89554663628,26267.25650381158,26451.009634756338,26615.610412160382,26792.200813015006,26994.013835041493,27217.840812416896
2731.0091093010237,2818.1103554879924,2911.7259289705694,3006.1788081840473,3094.1996391696457,3174.9222732654835,3250.9868417625094,3323.5760457847487,3392.496185707417
9550.780211783456,9787.557956926132,10086.482121370269,10425.136732761588,10774.774822744836,11132.82117273439,11510.36003222441,11913.022527237257,12340.387525379627
7103.323195180865,7208.026644346143,7355.8300969750835,7523.539205944498,7682.056212084455,7830.369444282354,7980.671027650344,8137.49611713816,8299.120803608717
4611.3911991678915,4516.9118358172855,4480.025229939156,4486.448271076248,4520.324134003825,4577.870973223242,4661.085505339109,4769.405452324693,4900.306002086794
19602.735647261976,19634.65040471636,19754.510189502664,19908.339191428902,20032.08180712808,20125.405681061624,20219.608285746315,20332.070880093044,20469.254991857113
-589.9043614863249,-528.9244643993579,-464.3354836659707,-395.5989642258656,-322.5907399879114,-247.16081621518157,-171.34887325367967,-96.3996957603685,-23.131099649384403
9254.427663271896,9650.155874329614,10057.561754365288,10462.65850699445,10846.916326078277,11210.210844087916,11562.623071169315,11910.283810919647,12254.844517581543
4532.322504360048,4636.877047955048,4762.914908045209,4898.713350461273,5029.827908736723,5154.502814416118,5277.758426263747,5401.602830615647,5525.407017510255
2670.805425271427,2760.8556625424303,2856.43422919084,2950.8269871157536,3035.193676249888,3108.2935674321475,3173.7264792104033,3233.6516664709525,3288.3619618623875
4313.408255735205,4342.13955672917,4388.810889146084,4443.669310430941,4495.132677104859,4543.470355750421,4594.508629474813,4651.021855387553,4713.305809187974
16623.49506966751,16844.98321905542,17156.77750368214,17514.50796254346,17861.388780990837,18196.290545174517,18545.123603497945,18918.845262905914,19315.75410026161
2863.9536294685618,2963.0847061652294,3079.620254408853,3204.7014188882385,3326.7155551949763,3443.7648038976163,3559.376199734068,3675.009842165557,3790.0506134858165
44678.66029775603,44497.27837465043,44598.018173756915,44857.434454524235,45123.7951938335,45395.745319811766,45741.5087586356,46189.2827276253,46731.97588884098
29996.66008225374,29846.063055290335,29830.355223917573,29887.112721804097,29939.688619035576,29984.666343580513,30054.33551396734,30164.286588680403,30311.231208184694
4868.813830746673,4995.007294640084,5135.672261634764,5282.9584482131795,5426.90430640091,5566.867169511734,5707.118583861099,5849.788660367345,5994.930151983994
28807.517413495152,29599.325985852738,30555.54892719009,31597.58845422503,32621.9622317313,33620.58820064052,34634.74825309234,35681.244204296825,36754.664892046865
69350.10711118256,68323.78206511015,67654.84455438645,67193.90765820374,66761.53701618384,66349.73769666669,66028.55934016778,65823.02964683539,65720.26181012539
26003.570659105746,26305.921530651525,26678.970963139407,27080.595022320613,27457.56640187467,27808.5095398178,28157.777432086517,28516.32542247432,28882.934632846744
8719.11146508199,8737.03191309842,8805.320315004916,8897.932804336862,8983.06546632317,9060.274921856932,9143.807733323829,9239.436852626966,9346.229793515418
1280.9111879916306,1373.3630176775455,1473.0346401534393,1577.0935076306,1681.5198381068217,1783.8916563775983,1883.9770537235984,1981.6948518543231,2076.636798938286
30604.812918378408,31033.702513815624,31555.629086321664,32117.033878477367,32648.529574429154,33148.086820962184,33647.347218947725,34160.95794778787,34687.676226637945
3648.5101137415822,3831.796301992868,4035.481611771408,4248.432371370304,4455.614917204112,4655.307603072606,4853.417697182693,5052.575655038231,5252.408450101829
22088.19696328933,21662.456919909022,21394.61406268063,21212.48679762385,21031.573753969697,20851.36277332404,20707.45337101186,20612.09781272825,20560.62090566145
13669.462782385028,13871.888335839316,14141.946983045797,14448.830364500614,14753.426548660083,15054.022077312611,15367.715211386154,15701.866157379993,16055.033519273704
16034.737115804071,16310.067352494978,16675.789929881135,17087.70543315706,17488.957303049683,17877.527727662167,18278.786042611708,18703.67321442362,19150.420783722853
3063.633083661514,3184.082380668672,3318.6921565765774,3457.227954810067,3585.7680586455804,3704.2279752945556,3819.5320877000854,3935.009238770143,4051.0445723996836
16037.807961426293,16172.51379870101,16363.766973585414,16580.304495290307,16781.940759931367,16968.271644788638,17158.365163284998,17360.915443728645,17575.106360833626
1724.9840482610236,2103.763082464084,2496.4949674887903,2901.3608594412444,3314.9902351168853,3734.8967012540484,4160.881222573295,4593.062545102855,5031.336548265446
13043.718204337078,13444.896846467436,13891.564025201094,14358.83110190167,14814.989110594755,15256.987949578344,15697.417309115353,16142.278058821004,16591.104016062905
14596.715728478595,14916.565058296012,15329.466527152683,15804.288344631492,16300.888465975215,16815.14140083169,17361.578281732673,17945.9515288059,18566.30247973521
15437.445173119653,15770.473124667495,16190.807750175643,16668.543900231347,17164.988017238848,17676.65246554413,18218.093018926007,18795.137763378858,19405.492026073265
20677.98517377539,21401.099864109492,22226.879179791966,23094.661648737827,23924.755074895576,24711.209843692413,25486.864243004053,26265.879080213228,27045.596242960473
8036.522142763746,8040.189477354676,8065.204875769029,8098.082516270265,8122.328125945474,8137.113032687676,8149.323361106968,8162.17050412196,8175.603652415006
70375.39747017292,70301.12101239289,70480.05132240316,70743.3636937379,70881.05772065964,70892.39003494287,70874.03169063285,70865.84693475818,70859.49284722352
4823.419986633581,5029.346724360295,5266.94211704589,5525.51287500981,5791.800464271343,6062.991948739066,6342.318602981363,6630.972304821868,6928.169757072294
2897.6617826927713,3029.4628450866753,3173.8528786978864,3322.373389053283,3463.634087115226,3596.4318976049235,3725.4778644230964,3853.413131013521,3980.7068787878693
2921.370853899208,3312.3903205752094,3720.273407131308,4141.297880823863,4568.8570685439445,5001.853673138937,5443.646522948051,5896.43273250459,6360.702300463266
11800.83886347835,12223.64052704739,12712.882383748576,13242.888545490956,13779.121168374702,14318.83148171591,14876.3205467338,15458.179506664608,16063.712674796308
31089.79452248389,30793.554382447302,30636.12153485383,30555.636538814844,30476.70584068328,30396.899185865812,30347.264919631754,30339.483763892247,30368.758225107238
5581.469686264612,5695.665448066915,5839.313610174324,5999.314682942666,6158.932620665826,6316.473466290804,6478.215346245559,6646.793961567163,6821.4156742275545
30316.194778085443,30978.976328652872,31744.432019868822,32536.267399023116,33255.27344726696,33897.51939514999,34507.37975671862,35104.60152665562,35686.71788983954
37598.62951390681,37127.867490906,36896.94329314092,36805.62478140377,36733.700871851084,36675.23251319611,36676.94483857604,36755.18140534654,36901.184707785396
62153.63571941916,62155.593728960615,62396.02188777601,62740.806704679046,63020.84039977057,63228.945342978084,63433.546166021166,63657.64630959266,63884.73831473853
12230.47341242234,12473.894514775158,12776.377047451955,13111.496141775859,13445.335536074292,13775.657092562578,14116.595874924073,14474.629927442573,14849.009095520207
9444.841073235362,9711.767233451474,10037.671368129488,10399.595059525784,10767.611401817407,11139.081812149072,11525.843069814804,11933.309095595001,12360.89182909908
10826.779158220348,10965.595871593425,11143.918903402666,11339.977465549642,11526.429636290355,11702.692457465282,11880.953207865014,12065.96011491318,12256.341138916461
5442.965417457163,5705.841946055583,5993.2616784594375,6294.475929328258,6595.512807704144,6894.338316019093,7196.500189176677,7505.406350151853,7822.104369947638
75053.54595191614,74370.36510099488,74076.16602021638,73971.41921094354,73812.27715345033,73597.36158463915,73434.50824973635,73364.77818905843,73375.1744976461
1786.9826530368755,1912.0852273990802,2046.8588629793117,2187.6948535499982,2329.841556976482,2472.1638470715893,2616.1652410034076,2762.982366054739,2913.26672873956
35195.34095676788,34656.04531603422,34331.30097470422,34127.14312171095,33931.7554273411,33741.8170800666,33602.67387819145,33530.60396580321,33518.27340950401
4354.643191887335,4466.557769811,4593.6273699411895,4726.638301277221,4855.5952450264695,4978.980819456537,5099.47529678119,5217.380009579512,5331.274238112621
22208.954963768814,21987.28647341058,21884.52779280289,21860.210151010702,21865.935932564196,21897.120177121535,21969.547892380415,22087.711481651397,22245.99775960368
2887.2691740164887,2971.6883425998017,3070.0497850485353,3175.901324614002,3280.4253511940738,3383.0869976826325,3487.6686747584736,3595.9227191284467,3707.809524524806
10942.288726163362,11165.181577310563,11426.99390343251,11707.330206322158,11979.223522019096,12240.70227069764,12502.865377482149,12770.86345978223,13043.956480067067
41245.363325900486,40554.94399173329,40092.81846174409,39766.602625418345,39468.55154945055,39190.580465869076,38970.253176241924,38820.09158554023,38731.43387813761
1103.3036505502932,1154.1364825741346,1215.9440340559715,1284.6517503572097,1355.752196710629,1427.5716305247327,1500.309529544931,1573.9237238275853,1647.9050531687583
9993.606802759887,9840.523087724645,9748.821353824565,9692.798946709208,9642.51509097214,9595.850139878637,9563.228357738062,9547.938032958536,9547.427620458924
3135.6110181096756,3198.211860721815,3274.983600477473,3358.815883726844,3440.261984777439,3517.5718143720023,3593.448341178331,3669.459007867458,3745.9125753373564
13566.907602552898,13593.310881023835,13665.024222912409,13758.22675214066,13843.232707501184,13919.130694355157,13998.776836049059,14087.414583747883,14183.55775898087
8733.10180716596,8852.999732966251,9001.818295173349,9164.580418229953,9321.758015380366,9472.43350344568,9625.221077693024,9784.273134658608,9949.434062264796
47498.30957823229,46878.894238727975,46458.60920179916,46132.780193145496,45776.422883677005,45382.55806962591,44998.34579733979,44640.449540879745,44300.07791279256
26423.73634755891,26479.51056551077,26693.663862747537,26985.88502127164,27254.886503463185,27502.973887265005,27779.932444744954,28105.929636804078,28477.599163327028
31654.712626694458,31599.75152274961,31655.222026945783,31759.674553663972,31839.04812477468,31889.622995461268,31941.36634455529,32006.66433539741,32082.789267800577
14659.090857515075,14912.017449509545,15222.454710891958,15555.35232215939,15865.645935337321,16152.92682690772,16439.08562076692,16734.160462634904,17037.697098616678
16102.329134508378,16656.79088595257,17296.197047825954,17977.19130139593,18640.621208030487,19285.199250749014,19939.601098108473,20616.911642036415,21316.035958205328
34108.60254704715,33601.045791982215,33254.15158333623,33005.598522873974,32782.01375779574,32578.297368117703,32420.39488924772,32316.620951496996,32260.42462105901
42357.45366183443,42267.80900477854,42306.04663738107,42396.22274647886,42444.653170838435,42444.046599124034,42428.96502564228,42412.5945858632,42388.856986801904
5435.782662845358,5568.976889785476,5716.784964774673,5868.497549143543,6009.9945483458005,6139.7771704145225,6263.926070777414,6386.918513000366,6510.026698351844
3063.0478828989876,3212.9825454950887,3389.796263763981,3583.381862351989,3780.2174063651555,3978.415327209937,4182.700869623987,4394.992254381303,4614.636510680088
13588.840170514253,13749.835814785863,13996.02109618419,14294.951393449068,14607.998505273137,14931.385509833533,15279.352812376977,15658.435233803602,16067.66771744273
28321.886524575217,28397.43699999679,28579.221122883184,28813.139827044735,29031.220342387463,29231.08790664068,29442.100965236445,29676.60464407632,29931.663435759143
19201.771548382105,19544.036073457773,20030.753638861097,20598.577695439853,21168.83247864643,21733.82016554087,22321.90072978583,22944.05964374575,23595.558659996328
11654.675323810114,11804.469595660414,12007.897476713648,12239.809977067756,12468.455000846205,12691.063600070214,12919.453837682555,13158.64942255005,13407.542788223716
9885.984308376166,10443.705850995799,11078.964735744114,11766.199543985447,12469.491074599806,13183.58430626879,13921.443052173543,14689.023647619728,15484.94758226393
31982.381020394405,32594.05671119661,33345.802746354115,34164.10689303069,34956.09962478045,35717.47719054975,36488.535643314804,37286.44389021789,38107.792547849385
12805.533501570128,13034.227175558148,13290.968576528054,13551.035915583601,13783.554751802756,13989.22927253099,14184.14847406728,14375.502393636074,14563.053392133417
10965.213619092614,11500.127087706649,12037.495310617649,12558.09602440671,13036.932117750184,13473.937287806693,13882.911254491395,14271.470024624441,14641.107236451042
1429.0148909701625,1523.9675107479752,1621.6237638044493,1719.4098791577267,1814.2682907601543,1905.1039136337733,1992.4245990766321,2078.1294087564384,2161.9231711985676
23681.312845677192,24326.973587438286,25061.049159091417,25832.63761795152,26576.64357127626,27289.784458842467,28001.621867136717,28726.7261399118,29465.595261614642
7670.533021495356,7982.192931069209,8308.756150611998,8634.679693435062,8939.258643190087,9222.178889850362,9494.34987159746,9762.12314422822,10027.1830340445
8076.460250388255,8256.016493713096,8455.635287445464,8656.127472145261,8833.043460725245,8986.509986612533,9129.305602921746,9268.065182655437,9403.52695550996
11867.430711462308,11699.94834938685,11572.168980764205,11461.060102024541,11339.817312308742,11207.592114552766,11075.45340509943,10948.036738937864,10824.690259187355
2352.7540209096883,2462.5396714694807,2581.382492149016,2704.271133276449,2824.5538855403925,2941.131226802931,3056.2411429120502,3171.0960069076646,3285.8014362206286
13558.156113305355,14136.68408178486,14793.695196762206,15496.24834452836,16201.449469693553,16901.374646003795,17608.767657391814,18329.410178305687,19061.795323714377
10514.09081948922,10798.582000047105,11117.985694941714,11450.169790360107,11765.771684800158,12063.526165799274,12357.08038141189,12653.103489132656,12951.470824175749
54338.89271747878,53776.93795080946,53493.41418598398,53356.83089566882,53207.367423800955,53043.82484524815,52936.58172250813,52912.45981871345,52962.696082525865
3401.4293896280765,3479.8944126182605,3584.8746449272976,3707.3039278827955,3833.1792759917175,3959.448348292266,4090.2824083812316,4227.793863877314,4371.935987455032
13559.506544982083,13694.655232809724,13886.401066503895,14095.433587889956,14272.334434567763,14417.587001762124,14555.712780287191,14698.511767604732,14844.846084831825
16777.122783056995,17569.493684673005,18443.067275449324,19369.779582083185,20311.61886639592,21265.22843518287,22246.963477427038,23265.375475674555,24320.72154667666
3905.9378893199296,4013.245973102294,4142.5484807376615,4282.92951832398,4420.237388591133,4553.318706303528,4687.758328996001,4825.693138474862,4966.298163211326
35913.83313180785,36054.958452288396,36347.24788051939,36727.84369000817,37118.68958886707,37512.32769480515,37936.121307382506,38400.08524973412,38898.1913152239
38453.94123941436,38599.48575185361,38927.770043123266,39343.571464655004,39731.25275504761,40083.71254931846,40445.83625877988,40834.41506704277,41242.64507823201
39513.888053327006,39279.195442372446,39185.517220627204,39162.986755072074,39125.38127672103,39070.80559703735,39037.07862081925,39040.08818531289,39075.650796869115
4103.462407171872,4163.486739175239,4233.730324547151,4305.699115536059,4369.055433102859,4423.088347602696,4471.8392186917945,4516.732317004026,4557.032494294774
2596.9654122185225,2661.5729903664464,2738.412829872907,2820.79127174896,2900.2916551714848,2975.8994883911996,3050.4509866748913,3124.6744002594246,3197.509642161518
14961.894304692258,15875.585952057889,16869.432782404023,17900.319078046337,18910.533909622274,19885.633636098955,20837.903845338024,21771.333944192833,22680.97887725339
8972.234118182187,9034.521013990301,9141.564396297026,9268.851076974335,9385.767227916165,9491.84579797656,9601.118702332053,9719.790474934343,9847.155541775985
9375.016216446787,10116.602593493324,10909.033560463404,11734.796768321141,12570.277808205243,13410.403956821205,14262.152874983138,15129.75601115561,16013.957377452378
14415.900482922336,15057.579298006967,15746.87338998781,16457.28475318656,17153.614672497286,17832.59825687557,18509.643861951863,19194.205552899293,19886.44798378004
7342.845513660936,7501.0743670414095,7673.520956906904,7847.314833557106,8006.1082887332905,8149.7112774768075,8286.502306818886,8421.191717946083,8554.832611506483
16278.083850377401,16367.715649117528,16576.75282151842,16854.44549068017,17140.739167387375,17431.644278589,17749.29062020343,18100.05729425623,18478.30520082503
5334.4942866155,5364.723642769092,5417.169355339806,5475.813813733294,5520.899778287015,5552.527264192785,5580.376824503545,5608.861565853821,5638.003156736899
13485.092459798743,13523.996245857166,13638.088621036308,13798.086626425125,13967.947732415865,14145.149130997164,14343.308627136312,14567.495849892835,14815.277585494081
9141.612943215154,9314.553107038635,9527.758752748588,9757.732168464168,9975.95270065995,10180.781522907197,10384.387643121257,10592.869099294738,10806.488484425372
25679.23705032012,26726.958242949742,27869.37903708492,29044.357394423147,30173.088537976542,31246.472555530734,32294.432567479827,33332.003088226695,34358.78777519429
21903.53467589558,22105.69144257717,22412.669679251896,22764.168613130485,23083.049568366183,23369.951272343376,23662.56197090391,23977.05670087008,24311.674895389722
14883.63048946685,14978.524586339077,15167.486560948593,15401.71911083734,15619.378809557964,15821.303092921169,16037.177029130447,16278.677675499333,16543.297367376254
4565.643676992598,4681.6953831854,4828.227520761137,4991.456548866861,5154.453333155345,5313.474040093712,5472.386002650244,5632.991964640725,5796.09487633179
10695.231147190749,10836.259183687785,11020.966412571379,11230.287835521094,11438.222337370986,11642.269150468179,11851.764665821187,12070.994319963107,12299.397281702148
5328.715366161993,5396.700039191795,5488.182633819464,5588.830816033181,5680.596025407494,5763.255104602039,5845.204199412752,5930.305022204322,6018.527983963077
6031.034003931952,6049.944926719092,6111.454643686345,6194.93581885532,6275.7834283447355,6352.936836859445,6436.374253764154,6529.846929244455,6632.234813602046
7717.417793843457,7796.702486676328,7916.618070167439,8058.298140880894,8200.056687491078,8339.732408018383,8484.434774891874,8635.922362499652,8791.870293556145
39079.30074354834,38818.8820795235,38749.009194772356,38762.45760847315,38726.55286158933,38645.31435612691,38584.039360366165,38569.34031588786,38596.79818534351
27009.23725578753,27437.56615522982,28048.19286683465,28772.533245662806,29522.614393064705,30293.694203626426,31122.390359113793,32023.113045316655,32990.789434763494
37561.30132100917,37493.896152163,37686.63675944959,38037.66048816643,38429.84837105648,38857.93390645809,39366.18844537161,39966.18490456544,40645.64905324454
13055.234258305934,13047.892400286215,13109.800310988172,13209.685574743622,13309.164115957992,13407.441499884344,13521.47055671364,13658.39020364008,13816.992311975248
8156.570627328391,8385.32601365862,8647.04099446828,8922.900343000782,9189.02948642731,9442.584448596905,9692.235120320562,9942.121512340456,10191.822076528779
7804.7078053721825,8066.242017634862,8371.980117451669,8708.1931908456,9055.582502801957,9410.84930571144,9780.919978476923,10170.080902091842,10578.700137822001
668.1548427157952,743.789725354794,802.4642433213884,847.0343219327955,881.5170372012035,907.1066487193261,925.1557263793101,938.9415972571311,951.1698540026013
22817.826397377496,22994.620653573355,23272.620755566506,23601.219153354505,23916.960504785617,24218.299510908426,24533.763278667477,24875.899700734695,25243.289298270425
31541.31754059423,32389.198543782626,33305.93678507679,34239.72595369442,35123.0527867716,35950.86870886214,36751.16324343416,37537.2344067622,38307.72406881521
5874.1132408239755,5946.7523502207005,6041.86044093106,6149.228774595615,6256.11551349618,6361.532445379617,6470.499057121322,6585.2110493310065,6705.1745493209655
4958.396617005675,5194.152482106422,5464.468395474789,5752.627082699574,6036.33462855659,6314.640722656201,6597.9212940873185,6890.739697487801,7192.779747784962
3232.2760185857665,3311.162566342716,3397.394252201032,3484.2243555935074,3562.9220321896314,3632.5391708945194,3696.5977877693317,3756.7482403539893,3812.8837193887884
18853.47176365125,18739.815221969875,18755.18450653601,18845.454056505205,18945.485281492856,19051.62567369024,19188.57487997475,19364.757872661452,19575.396705668005
11457.324646877296,11655.560429527999,11918.012679705509,12220.754206963613,12534.199620177005,12855.57746421072,13196.92329316941,13565.449358945452,13960.61968517299
6457.669619810166,6492.596616932793,6551.850200843579,6622.32775127564,6688.249252030822,6747.806390527587,6806.390121440807,6866.2251549893035,6926.584075108357
31448.080909578846,31736.313228009058,32185.859721537312,32719.007489008556,33242.42191057619,33746.006550659,34260.90391822254,34798.08493552635,35350.896928250506
19372.43924503394,19460.336408756968,19650.095634415873,19892.151979125174,20125.33349902328,20347.18591223922,20583.32786321126,20843.604460848506,21124.412211308514
12898.479266308887,13055.191378955575,13238.737860994632,13416.142591108892,13546.526066139142,13631.900201054741,13694.88526142344,13746.480940865256,13787.838032459002
10353.861546604649,10602.105737511638,10888.018652176905,11181.700110473423,11445.235031966677,11679.347340332222,11903.870758382254,12128.636655398392,12354.82748724673
60128.028006294124,59011.596477872394,58346.77621305986,57923.5905899821,57492.4281695701,57059.30023877669,56738.433400886846,56569.30444642207,56536.73159070627
39981.537715530256,39261.09797660986,38765.83184290516,38385.440160829436,37985.083078944655,37565.15852839162,37187.15499259718,36875.07838193711,36622.551151608866
49149.027527455655,49915.51795081818,50748.35768499697,51584.25659365848,52356.79738493754,53070.59903515101,53760.390200829956,54436.51589612332,55094.597008719946
28073.105773299358,27924.6966224192,27908.17803046914,27952.059548164292,27968.147364269043,27956.89261114919,27959.315143578704,27992.197444091704,28052.421471048445
2363.4422989791274,2450.1011078501897,2543.0243494703886,2637.2987409558054,2726.8065818566747,2810.5746300826163,2890.4769303610087,2967.112170578672,3039.980005070039
71426.6620958741,69948.52962264104,69051.71206735905,68514.70643320095,68081.56645624465,67734.33500372534,67560.32952619514,67584.01333873358,67779.63276275559
15589.269779781578,16117.645938010832,16727.866653850495,17385.259297866272,18045.773750479537,18702.74721806539,19370.232452643108,20054.44544917422,20753.951471731023
10919.770875054402,11175.158317329138,11457.208409508612,11748.923114835708,12029.461392081399,12298.915741807421,12567.95455886653,12839.60379733523,13112.576482486746
11267.438628326861,11691.388540304908,12185.395308026968,12711.975768781696,13224.635796884979,13723.678379098104,14233.434804919636,14762.524043287867,15311.764000523151
32652.579308912686,33330.80884369906,33998.586966585186,34626.28300798719,35183.874190812225,35679.01365149788,36135.039336703776,36561.048182417646,36957.85075374271
24042.371304400032,24003.58484336122,24110.3911448326,24293.35179793035,24468.100553563527,24632.16644834277,24821.227749740814,25048.98759042476,25311.076743317386
7134.874595336903,7285.451744053776,7464.29384509621,7659.351060660871,7855.160820196169,8050.563892834639,8251.843792346974,8461.835827355904,8680.120570301378
14668.102357620888,14605.072704468477,14602.78410490918,14633.319657827824,14661.942679642958,14686.765264412536,14721.591430196222,14771.838879816647,14835.471723745262
16956.114275770655,17174.59015588361,17438.001658656143,17709.639582325854,17945.981277975796,18143.947206185712,18321.59503797512,18488.170037426116,18644.65441808362
7448.359956198626,7692.530669998761,7983.402052722932,8306.305632678344,8641.553369046842,8987.697516182165,9353.135133611182,9741.89927041089,10153.900730197493
15436.702358053435,15420.390269348289,15504.805322943534,15640.231671955567,15765.95989537102,15882.974541452473,16019.699091303566,16186.284844560592,16379.230400425047
39541.88429055549,39814.662096310654,40320.5226527892,40928.89481714738,41477.8730011972,41963.17509167853,42454.47876798595,42978.14614453099,43526.10703497233
2587.5733551696662,2677.4061060798317,2784.813004285156,2904.833860535193,3032.5474815063044,3164.4415112366146,3298.3344007815003,3431.9654457824377,3563.6010761437938
8361.89666647262,8469.988653063423,8627.303562428098,8816.768658388011,9017.579219585265,9227.15265665471,9452.196089407158,9695.14629229714,9954.605156330375
5449.114671757309,5589.911931453996,5750.345550288061,5918.276045721127,6078.242777600341,6228.775119921827,6376.011048523391,6523.154373949922,6670.4503737765845
12944.655065580286,13084.678826845937,13261.126309127852,13443.901738144668,13594.098230987074,13713.608894701638,13824.003487829623,13935.864806037383,14050.11947560545
21397.560555555585,21642.450939054965,21968.028420531704,22324.78530495227,22650.202671269642,22942.50299885903,23229.779258866914,23524.864235719684,23826.933162487654
50148.33321450996,49058.33150047124,48308.18694947833,47755.69009329417,47232.82990901215,46736.85161947634,46336.85244246166,46056.423337220884,45883.660804756924
82846.53175587946,82467.49583738757,82443.13120735387,82562.12139116893,82568.76034636353,82452.52717978058,82317.14839032153,82201.70206414128,82090.60688176166
15821.71898391579,15751.812640783459,15744.002743795734,15772.450794069664,15805.972774952706,15841.01088852804,15887.851042412867,15950.162906731843,16025.461255540355
11427.210277881512,11649.160153902803,11959.68356298815,12327.905609998053,12715.500941088163,13119.029273179483,13552.64447561863,14021.755140880461,14524.554157007467
5596.817054221254,5814.0423430000965,6057.161574292166,6315.425974654671,6575.552734633132,6835.109148591039,7098.110304641643,7366.681475505018,7640.954890317363
10075.127134605336,10291.374912148005,10583.573683261822,10921.175168681435,11264.459546262395,11611.62925098269,11979.566316014101,12374.824957467714,12795.683903639338
7359.912724778623,7684.681335811185,8057.752479333956,8456.317543063698,8850.610849997296,9237.769182137481,9629.995506652243,10033.59978759713,10449.332782465155
7290.82631712956,7496.296048171085,7718.520225796976,7940.965407905351,8142.6473885339055,8321.874780613574,8487.675522905049,8645.482473333917,8796.89605553089
7754.509212613244,7931.362256700338,8150.954402932767,8396.060590802566,8644.213968711305,8892.107279282018,9147.666044303789,9414.386657559891,9691.344956790932
60937.07605451497,59631.28101125802,58840.80074921165,58374.1246532265,58013.545070935084,57735.97168438253,57604.83289691748,57633.25800429301,57794.92046333084
8236.844214277546,8502.531586228934,8815.137115591746,9157.090615255282,9505.040078913686,9856.730753965805,10221.562247187283,10604.32027123696,11005.28029931177
16955.559431927868,17057.54145657924,17212.061753045025,17379.274201477223,17509.205324623064,17603.056808877413,17686.49108765056,17771.565900876332,17858.76564515964
5655.416092212393,5748.133991252562,5867.710912137418,6002.153837909559,6135.902848011316,6268.443955721854,6406.743750449864,6553.78984721906,6709.025256400757
16184.251759685401,16524.068746174944,16963.78951516395,17453.560906647523,17929.165848524146,18386.697157973045,18852.35800396843,19336.07635539563,19834.049758600093
80478.12457800469,79468.40321655122,78751.6339161421,78183.55237642337,77591.83280638172,76972.66850028187,76397.89999451459,75893.83706237533,75449.37460991167
30573.784250818124,30695.62347727171,30991.542165587885,31377.686518635262,31753.431154512367,32114.549103277408,32502.06831095178,32931.26427751313,33396.279838974966
12215.718826076214,12459.098436123773,12770.120934273045,13117.441718875809,13460.344717270465,13797.9318796063,14149.452082588123,14523.669998451107,14919.97914802555
31626.434447278603,31617.465664944044,31752.20593522069,31960.861970851678,32156.844686356548,32337.48242678354,32539.83758983044,32779.3157904432,33052.41016012416
31451.423507176187,31418.684618914747,31534.461518612152,31731.19168701483,31924.66178934517,32112.53477347784,32331.160590593317,32595.19199928606,32900.60909239193
59172.97653781445,59363.748282947636,59735.46595167426,60176.89121297811,60548.495005432706,60847.64310374158,61137.555692021924,61445.62747707559,61767.23726204306
18057.71100141063,18178.871341106857,18377.57647011708,18609.873266245297,18822.229303481858,19013.293524118053,19206.645169130526,19411.94701396947,19627.17948987352
102126.19854607455,100698.38018847148,99706.8207044064,98938.49302115457,98135.26223097491,97290.12601731751,96510.54286642389,95837.72812050363,95256.94695133538
7248.6159800634405,7361.931671901807,7513.460039154399,7687.677421615964,7864.942368445875,8043.415617716991,8230.793534798573,8430.965840216988,8644.227616791111
1464.2588142269,1602.5921871216558,1751.9002653951707,1908.1149677306705,2065.4465398113734,2221.4731905499593,2376.936297243178,2532.696605748678,2689.1776067752116
29930.019603147764,30110.974392628486,30389.9173061273,30710.310771382243,31001.42426759997,31260.376662846367,31517.24606899371,31784.552627091027,32058.907849350013
7332.678081051628,7481.270372743656,7667.302362247025,7869.55560999764,8060.950525349339,8240.89288222601,8421.700423323897,8608.060935918871,8798.585183483741
25404.715931540606,25476.468910403593,25690.97192337581,25990.995923667633,26309.222050993336,26642.81049150851,27018.592611142933,27445.454144108382,27918.10921550323
7393.736161491019,7757.926752730173,8203.70680058369,8715.830648086188,9275.284315863013,9877.311357406265,10526.270317270646,11224.82267442378,11974.204944657457
42334.72466513667,41775.25427962307,41421.24146505875,41171.795211175406,40904.8897265267,40621.21090553504,40376.0142366648,40190.334965602415,40057.60374940011
53881.19684361523,53663.62836055497,53826.24232061413,54209.30055925953,54618.855356860746,55048.49620119504,55576.927680003806,56230.04961384276,56991.795986843375
8553.733264961667,8599.864623125191,8688.049006741063,8802.669520393805,8924.72176803604,9051.752173240433,9189.472345881419,9339.359317160757,9499.222807138087
1973.0907676461793,2003.8074016691833,2063.3317053287624,2142.967052586946,2233.9002096897725,2332.9905054408155,2439.9590966902924,2553.4560505108398,2671.6367099949116
1281.459676190482,1317.1136307491342,1343.1753586860539,1357.266873604509,1356.679333053258,1341.0791913178916,1311.9908983255048,1270.1639421600164,1215.366915134887
22930.76154246577,23631.939773194914,24419.30546408424,25256.65220839305,26097.322582506134,26936.108391505186,27790.34745364304,28668.23802361928,29568.55987181881
1269.5278271418097,1346.168664372551,1427.0625593208279,1508.99917527157,1588.299979666791,1664.1964029338524,1737.6336211898056,1808.9894210037253,1878.3226254827612
14002.32680872133,14018.151071053553,14118.697629697508,14265.124926501614,14411.206322921013,14555.676092326537,14717.807235317725,14904.298155127064,15112.198520675956
2082.4980348155127,2121.5225751682287,2170.3617359161926,2223.602559138206,2273.703340447975,2320.328523917675,2366.9002376476856,2414.556262640845,2462.790829267017
44556.139086387964,44797.77702138321,45261.840363013405,45843.529740842336,46411.94843026634,46960.91943647489,47544.2956476864,48183.154742836785,48870.27864008526
9776.86762294501,9903.978371220275,10085.33758276593,10302.002725233324,10531.181130746267,10769.657125637594,11024.217869763834,11297.121310781398,11586.576401865797
105212.21914741785,102757.73606740797,100990.18056389944,99636.80591578878,98382.19061127501,97210.10701150191,96234.28384161282,95487.2521591708,94938.12632588155
8249.504957502631,8679.657723385339,9154.450336525417,9655.211330101325,10159.145820491745,10660.503815022346,11164.128302119598,11672.719572369944,12186.687086943384
7766.204031295409,7766.838514049603,7802.211174996649,7850.727138632001,7885.724247654063,7907.547508474737,7928.976125853723,7955.435206799149,7986.510593553506
6013.299687959575,6289.7653539224575,6592.562603431252,6912.712988094467,7237.352186893444,7564.4550455983,7899.279718224624,8245.25755402963,8603.808497325688
35183.63383166982,35331.04732885721,35654.494270276045,36063.86697951421,36447.96651515863,36803.17604859892,37177.29359006659,37589.842815553035,38036.1377844872
15995.93285575854,16455.89100069554,16994.87991293793,17568.342066887548,18119.972499263,18645.27618206227,19167.658237790423,19698.260143725205,20236.090897893733
7509.369581210636,7709.0226445485805,7947.8415651743035,8204.887714753691,8453.475460149028,8691.80140264901,8930.981379878338,9176.084996087415,9426.697369503187
15159.385382685312,15157.924795610093,15220.2540314711,15315.862180827642,15408.805716224004,15497.238519984836,15595.63387187628,15709.736065276236,15837.932334207133
31594.353640170855,31653.129386764063,31817.512332641283,32028.46712887207,32215.383010898877,32375.61095166163,32538.54750183035,32715.889153836175,32904.45573993535
13998.92004078597,13942.933602714344,13946.42613856378,13986.594365326691,14034.547543342775,14090.573487109064,14168.27304918952,14272.676630794795,14400.406656365698
35046.83208798639,34969.488752944344,35097.408914449436,35332.26050024466,35555.85929005267,35761.19924452547,35993.375687845495,36268.54804177428,36578.457869835256
17021.487179652962,17079.679477831323,17287.70154827698,17591.992879232574,17927.475022579067,18285.377453538164,18683.71248132945,19125.844632600925,19603.3116245267
69708.38636686782,68441.39445121627,67525.897227334,66796.12326681754,66053.85786434376,65294.59942941699,64599.91377281318,63999.286452454005,63480.02309931
47181.2111365864,47081.86865852198,47243.27898389216,47535.38588845697,47798.15945077425,48023.78059912307,48275.64283229162,48576.311645777234,48914.707589388476
7944.152768789841,8017.103788589288,8113.634196275158,8221.920686974598,8327.096221115606,8428.083720801105,8530.708559843584,8637.415308961003,8747.536863039863
8953.019974825416,8992.705300395624,9075.240322062939,9175.831338968397,9263.557273001205,9338.36804962401,9414.811498280556,9499.039569541443,9590.22573409616
17850.619265097786,17876.736611798326,18012.873526998905,18212.880219250135,18419.674162316525,18629.2580970943,18863.309103196392,19130.189448373672,19426.658089469744
-837.8907457921131,-831.433103506526,-820.9548380943987,-806.1153240075497,-785.0329667015881,-758.3743187433599,-726.6199329228194,-686.635047045983,-637.835138347203
130.3743804907072,100.12268012252665,68.10666513044848,34.441254880723875,-1.1892472557689155,-39.03382788643921,-79.01456185729073,-121.15663155718347,-165.84557004466902
-1472.6908724226207,-1561.0651855799047,-1684.9149622710834,-1840.6509911642815,-2019.871656665367,-2226.7691507072814,-2472.1531356624632,-2764.366965777001,-3108.3549234225143
5768.141746016823,5940.995826139528,6126.573210564032,6315.418831989232,6495.76067854798,6667.104940841731,6834.869912709021,7001.600573652214,7167.485733454784
24833.453934645462,24115.1423851265,23606.455141376202,23210.61927970144,22816.681661488386,22426.562899585595,22087.82703745058,21814.97882061158,21599.75097519572
41340.40912101629,41413.73074510002,41802.13628142118,42349.59810928277,42862.09915007165,43343.41387219487,43885.45905238439,44521.42056642549,45240.47798377207
8755.190628262832,9091.628716635565,9508.841782442027,9980.507443402248,10472.130826416173,10979.786146241897,11515.97817176261,12085.792549659509,12687.601554379458
31953.699938166304,32361.78233330153,32900.68943076772,33506.32071951304,34096.77622775505,34667.94389677497,35253.895851367575,35867.563127782225,36501.791907708466
28207.80387859775,27983.96417131768,27935.12079029898,27995.39626195129,28084.906396279246,28198.152767342188,28364.82948096103,28595.74055453575,28884.925402460456
102899.44326227588,101755.50586419822,101058.88325985063,100585.79476598986,100076.85632034116,99525.70917940389,99032.76581513628,98633.75582915099,98309.10916751357
37814.55389647438,37417.31430355031,37220.40283298346,37134.154852048305,37050.23273278626,36965.41061317873,36924.35809780113,36943.85897289914,37017.472233710156
23396.479464814944,23620.50747402173,23958.99786432781,24345.22063146887,24694.2935491648,25007.407410317726,25325.84180769302,25667.878804964057,26031.598522786448
13398.756961095169,13516.786387315213,13687.512312674215,13882.94694081676,14066.810186190438,14238.126280127406,14413.412889137111,14600.184788696475,14797.831825113883
6644.943668526078,6441.217404495603,6294.465261635937,6183.487599556819,6085.1778716977415,5997.000409259858,5925.327842242465,5871.476683081865,5832.965915688468
14605.130256054506,14854.58777248304,15162.477571856336,15498.448262252283,15823.599726340366,16137.11604337795,16457.090822983773,16791.557889408232,17139.621408132596
31450.61026989717,31448.700388582212,31595.972674825865,31816.75735993857,32019.557532793806,32200.03090742147,32395.0429519164,32618.89809899416,32866.546912538404
11819.754905476626,11850.809444831173,11950.75294408765,12083.832420140996,12205.629963158468,12316.072999938006,12435.904993975319,12573.777815033238,12728.390112794299
48082.868198078344,47527.8209778831,47245.18585916047,47103.99589573118,46946.73751315077,46764.51010723238,46615.78698672001,46519.1036559725,46461.18602389694
16264.555050125351,16639.105284755908,17077.794725807154,17555.192953567926,18037.742185913212,18523.287953144343,19026.094431594356,19552.854537849573,20102.835175790337
7851.9637713328675,8005.067242721649,8162.967246088671,8314.094644286177,8445.60763878326,8556.29310259979,8650.7295467589,8730.134348629143,8793.377215068756
17679.13463599309,17652.39180389445,17704.90239309008,17799.28596121898,17889.363691936273,17973.88968099985,18072.759494078822,18194.070630663082,18335.62825372947
13588.481513983243,14134.347289432131,14751.60989064566,15400.835333093419,16029.67959991003,16635.043624492206,17239.891460226365,17854.98241700035,18479.912783304913
-195.65357766698816,-190.6496177152069,-188.87724572408385,-189.36491294695233,-191.1810038688819,-195.70752738932748,-203.5446666871206,-214.1873089218042,-227.48892670540096
33063.10364396145,33641.72761900237,34339.53331083158,35099.2593355214,35848.357292821485,36579.99095371328,37320.95037680182,38081.71435272573,38857.617156601606
8161.394783593991,8265.302078147837,8407.099645445493,8567.883056762272,8725.43812703557,8877.748902666626,9032.577233567732,9192.136208892493,9354.341136942525
9848.492576608283,10131.142522379321,10470.101527883417,10841.074938761232,11211.990103109783,11580.658456769534,11960.836599928347,12358.917725895191,12774.332762891956
20434.7343163051,20794.046998529906,21293.885660875356,21878.339702886267,22475.92835567533,23082.103502904705,23725.86399883453,24418.894967574946,25157.591922893564
8434.694944396651,8661.557037613347,8939.224896435757,9249.287690287903,9569.67812781301,9898.030045056837,10242.08335934257,10604.272243525205,10983.112189790723
2833.401296949846,2862.141209406255,2894.184221065437,2924.5384476802797,2947.1353750652497,2960.5115394841014,2965.953985339981,2963.6890449459756,2952.7290111972584
2157.120422673053,2349.357232221234,2550.5206802695798,2755.453293858392,2958.6654113515838,3158.091907887772,3354.106726072092,3547.0693815383347,3737.605984197916
2396.9474528394635,2476.77226335865,2556.41871718035,2632.0546926654883,2699.5905690200198,2760.5982180326246,2818.8126296667733,2875.0688219624035,2928.6990166634146
4944.79333149081,5037.684853922208,5165.128748328302,5315.551740272595,5475.190939656254,5641.204301537819,5816.790890756128,6002.986551068685,6198.669609228518
20990.890946663112,21171.39826011697,21450.632251236948,21783.221884875806,22111.321178914022,22432.677007062346,22772.217380695267,23140.28378638431,23534.475626880143
49994.2460938458,49482.95845376927,49205.629235467415,49046.18792358109,48862.75661587856,48654.962798061715,48486.4367433655,48381.9645789475,48334.40849467513
27250.922782956368,27495.82409515049,27864.574209999206,28302.368548894614,28741.873485225362,29176.24393655252,29628.834606090044,30108.02613903344,30608.632717579985
58096.26186312652,56923.47066109161,56107.23496227015,55504.84659186554,54950.60754645448,54433.393019487696,54010.503170697295,53698.37666131492,53480.652811386986
20281.88527117746,20039.463084723553,19937.003990947414,19912.665856767457,19891.856320392886,19873.75042290702,19890.4849082545,19953.911442387056,20059.887429389815
6137.94634642563,6436.521446801866,6747.472772082897,7057.45064222249,7348.8987057869035,7619.524967253909,7875.953352794362,8121.850163259241,8357.529887589562
38798.99622501699,38375.26681671742,38126.274348329884,37976.82080150044,37836.153059975055,37698.98937121636,37599.54413092677,37549.83015396319,37542.746777002234
24247.939955490387,23773.27460405962,23464.74983431438,23262.990350587683,23099.411111211153,22966.63001214647,22885.015945987347,22859.546556762452,22882.48406411202
8084.006994552349,8102.7105895638115,8162.664188384996,8242.212359544073,8314.54302006228,8379.620938042273,8450.163411194606,8532.098204833748,8625.965445207908
11620.99409750128,11843.926427321634,12105.286162124943,12377.33032702894,12623.923990929816,12845.405219234199,13060.25809777776,13277.900814653722,13499.473731897546
19794.31171989062,19965.667869075438,20218.777700592138,20512.998694047725,20797.216484818007,21070.204328931246,21354.91299944761,21661.01736784191,21986.53780376208
7600.22038798603,7692.0894017973105,7855.186224814263,8069.629122572903,8312.719345141417,8578.964594406778,8871.622530351888,9190.433616475486,9532.799087398338
2450.2043820805825,2742.199533885884,3065.7931450856745,3409.6277134809116,3758.553000873391,4107.109519497747,4457.148047976524,4809.528001164238,5163.4288314227615
28372.11294040241,28573.21889588253,28886.4358821871,29255.029698006005,29610.765051432096,29951.34208414957,30305.68297815896,30684.731635195476,31084.83628964334
11496.274800073366,12016.545106141582,12605.703545664937,13240.03096914248,13887.050345900107,14543.846712744313,15223.824945198397,15933.275349124553,16671.404171304595
20401.672170873535,20227.15016703095,20156.60947280149,20128.29505065319,20064.297425917826,19964.592654291464,19866.199427347558,19784.60386206168,19717.73833509797
215.244446235069,380.4535198693715,537.2720914519941,685.6592431562522,825.5115877938753,954.9731633518891,1073.2972735577528,1181.5482118925315,1280.5633354246017
3379.829882760674,3585.3260024261012,3796.856698367785,4006.433614691237,4202.846334462604,4386.098170607527,4562.573528418117,4736.238449343951,4908.454806219736
12232.275019048364,12276.007552933246,12377.56892254299,12508.622151987129,12634.676525537105,12754.321822881899,12881.977483486618,13023.461096878951,13177.203973589421
30577.78966806619,29871.342935917357,29384.87211635001,29033.577250595576,28720.011817041577,28437.58433070382,28219.450052542918,28074.43330447641,27992.253591001103
20930.813403758235,21401.255753554247,21918.446534939678,22446.5653764202,22937.7907168641,23391.434599478285,23830.864692888492,24267.3804409403,24700.670126617253
9152.777687885791,9077.706103451852,9044.5673637976,9026.468646880767,8990.379448399599,8938.147568859538,8886.915964448024,8843.794186234587,8808.172222676254
10417.411005956388,10517.755714492996,10656.341406691761,10812.075719320985,10959.766675489494,11097.738094608498,11235.91107510001,11377.721288314147,11520.681003351434
40053.02623011063,40804.60876944108,41713.58808739237,42692.2738602504,43629.07760539857,44515.7668607176,45396.28605217902,46288.03330200279,47184.522013561655
7656.806924474786,7790.1098706493485,7941.489907118033,8097.611779797858,8242.098813379196,8373.72700090693,8499.323664036729,8622.297657253199,8742.703033843673
10909.723196238792,10819.884858108828,10788.798577517038,10786.215428350632,10775.407638924158,10756.05607790087,10744.14793912785,10745.703688484806,10758.87846677997
6600.785185129307,6759.934046150337,6960.004787537057,7178.267473055727,7385.018982942872,7579.907358674026,7777.071836035291,7982.2794673198905,8194.582849475159
3789.0732550887724,4093.243011489945,4420.836004439841,4758.71439541717,5088.770459026778,5408.26855592175,5724.181741297929,6040.661460172425,6358.829647983089
37489.90245605665,37688.73365089452,38043.983775703484,38481.245086810944,38903.41382458927,39312.65293184921,39758.659422446915,40263.989262568226,40827.06382373376
13802.374904013343,14586.089047663098,15424.398817481127,16283.283563969448,17116.483908087885,17917.13738169826,18701.72012346939,19478.29784984061,20246.12931669805
7227.795762783664,7566.9942484600515,7951.614645047274,8362.34735037619,8772.559675851022,9179.075018587559,9592.189073707541,10017.112758545143,10453.826729844051
21196.250579465348,20961.247316843997,20894.287439458763,20928.072108479544,20982.739698397723,21054.51872976455,21173.731173770415,21350.194839047545,21577.667785069527
6231.999542981832,6527.639489093006,6835.157368319756,7143.660394519422,7439.3511206196345,7722.473070032832,8000.849497681082,8279.286865113378,8559.787875087237
7561.323496417284,7773.898415862789,7992.835924006328,8206.834373561533,8401.270765144036,8576.3252579788,8740.245200756846,8897.827193768106,9050.398681121991
7375.961134474934,7474.142440718219,7604.03568134283,7750.49436345918,7894.32155060098,8034.741232719786,8180.252011523776,8334.820138004929,8498.26143842941
17872.86267479931,18052.153161047605,18371.36386122457,18774.707364568287,19190.094672762134,19622.21610771625,20111.62902145648,20677.234831558817,21320.693010715713
22836.49223159262,23167.212555797738,23580.817273368306,24029.485475272144,24451.242471175206,24844.659740709838,25238.357723457415,25644.92520027754,26062.69711497219
28057.120472232808,28038.46103984427,28151.08258348754,28340.818875747977,28540.996950950248,28748.709513272202,28991.430547878408,29280.124079937454,29611.213021672644
14355.9926810283,14529.443649376402,14756.68626379563,15009.843048924582,15253.4891086189,15485.779726304589,15721.870006091602,15968.710768059671,16225.558356734884
7004.628075935672,7206.786592697285,7428.254185694366,7652.698036506505,7859.374117329396,8047.577091701805,8227.131210733614,8403.231731314832,8577.463303578414
25966.25948329556,25914.445168840084,25944.38589949417,26015.517586257345,26076.58914316459,26125.912881301614,26185.315077461266,26263.85435581377,26359.21005498257
82462.7573157691,81015.23200697759,80000.64657153595,79226.86937291206,78464.41798200355,77707.17847721928,77048.88501543796,76523.34723057356,76115.29823195086
54670.29207772497,54236.039749308846,54048.00524391231,53980.021994217845,53877.28597134594,53739.29540857013,53636.578614485596,53598.90401184645,53622.30777206599
18545.713352160627,18668.063469690456,18873.919593701987,19130.99198869355,19399.16483798773,19674.908179032147,19972.890896889898,20299.11401563429,20651.454846051995
33605.704786673414,33292.40356961478,33122.797795033985,33028.74330354641,32927.1314560267,32817.023183406476,32734.66271306515,32693.77798168396,32689.644625072524
10870.386950504426,11073.192813792934,11344.39201740679,11652.268088945182,11955.633373602035,12253.806980749248,12566.157690395097,12901.260879889534,13258.432209002858
41355.537898421324,40712.3058906993,40324.69227472445,40060.34087681375,39763.2581598267,39435.260740325335,39146.88433206116,38925.16819886315,38762.99968846564
12201.662864369033,12475.77267518119,12824.890062412755,13204.207932951162,13556.083832875105,13881.054664010517,14207.674957540783,14548.427772410283,14903.124970887782
973.7594364318123,1043.7451820341912,1114.2528643598957,1183.7461174802459,1249.3543082709848,1310.3506533496093,1368.1424858101198,1424.090578942465,1478.9958518888411
24789.182967713918,25184.20187386077,25677.415711870188,26222.38277273078,26758.93127099431,27286.390356768323,27833.744445927638,28414.590224490898,29028.191102840796
8753.432347809432,8939.77490358681,9192.892956626834,9489.222526226633,9799.98843030043,10119.77451759429,10455.598099888508,10808.718686031421,11175.459921670314
14015.340837249012,14143.29008947898,14369.046933129282,14642.310646069705,14900.493943475512,15142.477760184067,15396.154283879207,15672.52853900962,15969.429903993716
8203.24729080526,8278.280207790396,8403.767259282693,8562.4401553198,8733.270709928573,8913.392208634908,9109.255171621578,9323.50735370265,9555.206724687261
17668.478837144245,17597.235620947336,17630.96988883053,17735.298524063684,17868.005966414952,18025.22104640459,18221.370382670422,18461.264871913463,18741.164223202817
9555.651090972808,9709.394378597899,9911.197116863197,10131.065790896158,10331.365166207137,10511.668074017462,10689.76594227935,10873.680885339003,11063.255695755099
64781.475955151414,63650.118676900456,62821.688383895744,62159.19651210871,61500.665817364,60838.72798442867,60235.77721636117,59714.0954699894,59262.46613098618
91849.59909856066,92336.3569696826,93023.80350870699,93789.43907698916,94484.70156937027,95110.67845058188,95737.32510546906,96391.56252655401,97065.71737939343
9157.314843454315,9270.92642772627,9430.463594650271,9610.320946601774,9778.423531467348,9933.836153702916,10090.874931662105,10255.657485173795,10427.490775835753
14313.821045284585,14565.756357104065,14869.796563510357,15189.853822316449,15479.536058718802,15738.785231575917,15990.45274141172,16245.208883313335,16502.914095050455
5859.693679653781,5852.510244690525,5869.990553319505,5895.4331660479265,5908.2472944524125,5907.981955568968,5903.4609751211,5898.108848868438,5890.902404066507
14143.012174024841,14268.749382964972,14471.486355582078,14717.808444485567,14966.966423927925,15215.566531949433,15478.589253215394,15761.817730570872,16063.15007524161
67011.87749285046,66041.57996049417,65502.593672094314,65164.820125327606,64749.80770160466,64263.10755079688,63834.9446311051,63515.35953515911,63291.030458079615
4366.528669917962,4596.1779523235555,4823.922263614333,5041.731288659159,5239.058941352889,5415.732786559255,5577.730550416965,5728.877626035199,5870.483194337881
2336.514211026853,2418.947475254017,2517.7957794332924,2625.8185217266073,2733.4369719043107,2839.3566504877786,2946.950656627416,3057.6095978792614,3170.847308351203
10467.774197607503,11424.334665467222,12431.577640020101,13451.642553888543,14435.413062882424,15370.952148589207,16271.609264481327,17145.97656389841,17995.32170734853
12800.243174347104,12797.745786304733,12861.158751850118,12959.490502937713,13054.200095567134,13143.858869597752,13244.621752847816,13362.859410018513,13496.612768403305
30838.684056555547,30752.84707048099,30898.9612773421,31187.57256526935,31510.769166020295,31861.238866723525,32278.857067416986,32776.82755889205,33346.19979728454
6392.55775965197,6508.75222354811,6644.088129973922,6782.851871916329,6906.510664201302,7015.318248916978,7118.363051469605,7219.909914305911,7321.351479288828
5707.373082527286,5767.760718828188,5850.420130683734,5944.831169127782,6037.939120824776,6128.603392113864,6221.864502593006,6320.082953608194,6423.020929490824
3347.353250741115,3588.8619905569317,3840.999966445102,4095.75365767029,4342.2512972162895,4578.958579282257,4810.5307498434195,5040.324000142621,5269.913227795471
26367.202211987882,26766.682943874242,27279.388298467507,27859.617678686347,28449.46213226582,29045.241779180313,29669.220524090895,30328.643005939,31019.24632300933
6021.445104363175,6243.263402265042,6496.98828606891,6768.890055850071,7041.505319831087,7312.812791708326,7589.448741821821,7874.804851065282,8169.1489136453065
-354.6747405068843,-340.75558001868006,-324.4718846252074,-305.02600993163753,-282.17090976472053,-257.51677294872684,-232.28925764409502,-206.8310270147846,-181.45042668278322
34869.39110915346,35445.11176819321,36210.63472843782,37061.60512839713,37864.68178435475,38615.50710791301,39372.67279936264,40159.79617682388,40970.61691382102
5397.699485895008,5737.996358929506,6117.051524170163,6517.755134891273,6916.373253266652,7310.5987656990565,7710.404539953918,8120.731089787213,8541.80320835721
6599.213373087602,6730.22864404284,6889.7364958462285,7062.356629491327,7228.814589355209,7387.69878578842,7546.8914954916945,7710.346518947229,7878.260835775897
19509.241371897235,19436.624103533355,19470.340945090094,19562.547690279735,19654.25229739327,19743.93394741033,19856.792310624893,20002.35661887423,20177.137953916103
14079.062972955417,14165.726889887486,14301.546350584616,14460.069377235543,14607.759906938574,14744.247547363815,14885.317383353875,15038.168355471533,15202.247958274726
34237.28102774814,35102.23290427599,36158.61797638796,37344.2982595378,38578.27192250812,39852.95770914577,41198.68393851192,42627.07736490151,44132.00314006255
21875.129091371564,22043.069003330802,22299.160800636702,22597.31526082972,22878.74887035343,23141.433270117,23411.611419304438,23700.86876060797,24007.621312111616
41170.71044518644,40721.02524468194,40445.182839953326,40263.28432087009,40080.961629879144,39894.654370913515,39741.596331763656,39634.38398619336,39565.568615671116
20986.803433910907,21793.291269867026,22717.259272605574,23710.773133550614,24708.796829387313,25705.49636242135,26727.435390225728,27786.54098494607,28880.074600703516
7631.643154855552,7802.482820339113,8030.529262391769,8292.35516545516,8558.226654245382,8827.78869120375,9114.692017492374,9423.993770758869,9754.327700504266
3837.6568480523533,3933.0725195207337,4036.6350687398717,4139.002598562201,4228.387679168953,4304.1002192856295,4371.460798729543,4432.846052445271,4488.028958579828
9720.308906189339,9751.77728013636,9828.21165092719,9929.380950241033,10030.80174747715,10130.323696590607,10236.78591872186,10353.422073916374,10478.55342126828
15411.22706778634,15622.62784372478,15907.209843578268,16232.930994459746,16559.102432074393,16883.923289227605,17224.852467041423,17589.21632241863,17975.292331077417
72681.51681099339,70718.40190749653,69179.99228352633,67882.98211735289,66614.90478484772,65366.27773400423,64214.79170578858,63183.76253779779,62253.71401470903
22920.153914306666,22523.75669509913,22279.674967590094,22125.63117750894,21990.69695900461,21869.40297431446,21786.112264307438,21749.38619744606,21754.005730985198
42581.174251498254,42911.73761913548,43464.393658543784,44128.02240313962,44762.77462323156,45363.41345262044,45989.70384293284,46665.76346735157,47384.827081245116
2968.9285241260077,3046.6099800131947,3131.3937828249304,3216.73541118749,3294.13758610768,3361.9632421577126,3422.7572312408747,3478.105869397388,3528.5273614287735
23714.09594245056,23932.63808867695,24214.373935752443,24521.36044933156,24806.38289945461,25065.407875862333,25316.269872825404,25566.52776050378,25814.10834207659
4988.17526871866,5088.16358600714,5227.909000739237,5389.818723456808,5552.109808666745,5711.572456696371,5875.1569183358515,6046.367802737558,6225.037671792207
3345.571099445249,3537.8295091635155,3750.257642804636,3974.7976869436634,4201.047249926007,4426.699389675084,4654.565017559587,4886.273907914391,5122.179101445211
12872.650633686864,13134.515396463414,13443.70079681727,13774.689723516654,14095.108992224035,14402.809461024133,14711.361762231878,15027.614553388585,15351.502674884248
100475.25754874857,98223.13653310173,96676.16009527959,95549.57951963633,94511.54191261208,93554.33830285126,92810.4338085058,92323.34179143608,92068.93191436687
60733.666664421165,59771.589222563765,59087.02231994044,58562.72519610169,58058.96339614091,57565.409151337415,57131.12554463655,56772.29048088086,56477.24864748349
1453.5265323270205,1680.5748187514241,1924.8569494763442,2183.2459339516254,2450.949174971624,2722.3094321188955,2994.027300918965,3264.0945894991523,3531.330099296712
31650.014761785555,32482.20474509019,33474.77420118977,34542.99819981604,35575.28528774388,36564.810928700856,37558.25253603743,38575.0381855197,39610.35611136814
7751.374406079373,7963.81018479842,8205.922961368626,8462.153261960273,8712.794881169311,8955.222128531306,9196.120203637443,9437.980350034468,9679.375022935823
7407.9329858105075,7660.731802629951,7960.730866631523,8287.286481170107,8613.859452182518,8937.270688494873,9267.02285974139,9607.37561512482,9957.746690942897
59.15570792613653,362.81585493073976,669.547351562888,979.5399549917287,1291.744240655258,1603.8063289185611,1914.226254789728,2222.953986375533,2531.5171370150383
67832.21996556771,67465.6358440439,67362.8313524583,67395.11543370686,67404.80157539307,67383.08798521872,67390.6611846937,67449.81537918573,67548.8179892979
4761.516709864253,4988.6531126510035,5246.646775744123,5523.482010446067,5803.096522164362,6083.02159125506,6368.7902121184625,6663.167438359745,6966.024425503747
4204.261618877848,4247.263176001361,4311.418025659018,4387.363418913005,4463.282401530605,4538.540638860366,4617.932486142611,4703.4560870244,4794.674181637865
31945.210062347116,31500.991008011988,31226.87145096784,31037.460853288827,30828.90006209542,30601.91075573809,30404.110153503334,30253.770966696808,30145.47869972081
59061.85273982593,58107.868383532514,57469.73917705029,57003.74019933806,56537.3474934877,56067.79227272389,55668.38059112376,55366.87507706894,55153.95464626538
31868.39443014375,32117.281868435413,32523.68712662259,33018.57113741581,33514.64928818848,34008.90731799227,34539.3521904725,35122.153783453796,35754.02268623242
44376.667189845495,43564.49631921749,43003.958466722266,42580.35563340599,42160.834739701386,41742.42727063649,41378.524356416165,41086.589100721074,40856.60860555767
22598.86992059051,22531.75280452445,22541.725647769665,22589.118497806132,22629.288783820197,22661.069603819422,22702.771026138355,22760.65693876922,22831.806184794234
4799.766444391546,4971.665572977225,5158.668013036806,5351.7231958322045,5538.83335261312,5718.871188574646,5896.620907876739,6074.357041993514,6251.903655398721
8213.484325588595,8397.945397561256,8606.208410462039,8823.01376449475,9028.62472277751,9221.433869392808,9409.534217006933,9596.820260809138,9782.993665364145
10811.160706980898,10833.103796244119,10916.611135045641,11024.160454795603,11111.922809757938,11180.809883931768,11253.630780062018,11343.469901673487,11456.102528251216
27206.693605066375,27567.023330218417,28045.66362822737,28567.71841403864,29037.91506714325,29457.2659524434,29872.985093953917,30305.640512038917,30753.530391077813
9976.008071843373,9936.054169242163,9955.607412087478,10008.699331460944,10063.57580929943,10119.155119673405,10188.578130921787,10276.890057241413,10382.392125448123
31006.431544810708,30747.585289003007,30694.860260641493,30740.725375307564,30754.338824666618,30737.060893194477,30747.858952364557,30807.57278431063,30908.640912944884
8191.920906956004,8383.323225514807,8628.308563430059,8898.717841735968,9158.53912261144,9406.215933303387,9657.361974102769,9918.77354626181,10189.831870300735
9766.723842495287,9972.62386707416,10214.564570306839,10467.864867660195,10699.65977039199,10911.792856415253,11122.48007646626,11339.580439943476,11562.69185215737
51381.565255972535,51076.80200528462,51040.055420904486,51142.1614559866,51224.17488617217,51288.827552559356,51412.62389085815,51618.628222523446,51890.52539696751
17444.251862076213,17590.752314104022,17804.06173217146,18048.09248741849,18277.74481704044,18491.06134156243,18707.464114303755,18935.595191126406,19174.144648271907
14132.162722455638,14286.513957297293,14521.252320260724,14798.411670734844,15069.00603141295,15329.470099708202,15599.36457317885,15887.037726307368,16190.90785362303
2686.934389516013,2790.062586762422,2907.657857737814,3031.387636323013,3150.133265081165,3263.5478458620755,3376.9619100527143,3493.0768378448934,3612.3274513337815
5673.94932256274,5816.235032510502,5996.365113659115,6194.750402345462,6385.276564881574,6567.020023303722,6751.847877497926,6945.091807160627,7145.202453562724
6390.8793032592785,6341.053709247394,6341.084415881657,6366.502924757146,6388.207694794226,6405.8251261524665,6431.560816103415,6469.737650312981,6518.621892792577
16190.72512671776,16513.910593455843,16910.12367168927,17331.195938753066,17714.506520400126,18061.254857048007,18403.773704761843,18757.071020115483,19121.467069514427
22459.917160454483,22857.845378423073,23296.09845262685,23740.551025418783,24150.128906746166,24523.174338679153,24877.93788827617,25222.831935623482,25557.30971449926
17599.883076953134,17691.0823534567,17883.67732656263,18137.723134646774,18405.86425200783,18682.689041977876,18983.74323157202,19315.089798722478,19674.04393048646
74281.8176306902,75053.73675347136,76070.91157639291,77206.14931074007,78295.99865399387,79328.13804880953,80365.70241024466,81433.71297187202,82521.67081129756
6944.389735436506,7080.909217153587,7252.791850144454,7443.241906563668,7631.150111252988,7815.003802473824,8003.675624881803,8201.506592392729,8408.603756790804
32270.48246552127,31964.637866970632,31783.591946958488,31666.695788470297,31539.52933950945,31400.443644190836,31281.364450971163,31195.12357185215,31138.47872894681
4045.964432294122,4128.472870583747,4219.348285567547,4311.9198958683,4398.35735689691,4478.135431904164,4554.54026326178,4629.071896243777,4701.7531522377385
69481.06186259499,67886.67683679906,66682.13693638079,65693.5351920447,64718.45079773206,63752.02165041124,62874.62774234475,62112.5217755297,61449.95750633582
3707.395229655068,3770.9494926874036,3850.9135615642076,3938.8612188710617,4024.9020755443503,4107.616687194765,4189.965171053441,4273.161377235797,4356.861567334844
58744.59446124676,57435.167349648,56408.29220853294,55522.42681374582,54610.49697229156,53670.60772853811,52772.87558265026,51942.76863382251,51169.94228553862
2264.604732368106,2431.2556056369767,2601.3690538819865,2770.9280540377617,2935.1999005865114,3093.2009266969344,3247.054996829357,3398.592378536624,3549.119979394166
30064.31965627482,29907.873961452755,29852.301691311714,29838.24651604447,29792.452773900517,29715.525692589254,29642.442845196703,29588.279597223886,29549.87778214455
16604.30663094591,17452.290772419732,18376.58977587507,19317.68460926052,20198.430950442,21013.164857150467,21794.909341625407,22559.844969065445,23308.82791554785
25182.19348506176,25122.90470121326,25179.63077853426,25294.213397331783,25393.79314707619,25477.2512424534,25576.712896088175,25705.227787301294,25859.59669820658
19058.56914551638,19358.620815098388,19741.211908182835,20163.3163467983,20571.07663428665,20962.68551090209,21361.954018408815,21778.588191552983,22210.254924770223
7280.803658204628,7399.350729034792,7552.748955868909,7727.781778088482,7907.5361571156745,8090.205299380542,8281.926484442061,8485.243545394227,8699.181787761238
9469.654611279717,9539.064323379444,9667.325197897704,9826.733741264388,9982.757483225823,10133.60323325145,10293.160562306957,10466.442653589302,10650.82042034703
9525.20525502869,9723.121699243075,9961.47484874113,10220.967970488551,10478.303701609397,10731.00553916889,10987.051664446453,11248.97044710474,11514.950122825794
2272.0179081672813,2367.230015281425,2463.8317074571505,2560.041210039471,2653.620844231565,2744.0302616096956,2831.85512663648,2917.3011270370303,3000.4528875563237
4162.803635033127,4333.49196172018,4527.593833541056,4738.960901573578,4959.266565861079,5186.659607778821,5423.337808881167,5670.353826297018,5927.539323514777
53408.50045555394,53177.654601776296,53176.94683898285,53291.11995938569,53376.648233200445,53429.049598594254,53509.368562461634,53641.66250519425,53817.88118766064
1691.9085753400718,1814.5395997949695,1949.4250455918366,2091.64957668966,2234.2372288546917,2374.834720719301,2514.7974426368664,2655.145986933983,2796.0241588173612
5756.1067790408015,5980.666466544037,6229.9117336008985,6493.9596389729095,6759.430610662645,7025.118197418852,7299.239538544631,7585.88767344822,7883.668205332593
45127.36178377279,45202.879054115576,45435.70141557954,45726.17185308848,45952.527681690255,46110.18504360892,46250.9857866351,46397.39830156805,46545.83333581102
41293.06344068712,40635.115477878724,40160.96550632322,39787.90761610666,39416.70050377876,39045.29772518752,38715.08550789998,38441.05518133145,38216.627960254395
25335.666003302005,25270.135087714705,25290.53833789538,25340.135778992993,25352.917443987757,25331.269241545764,25307.564938790038,25294.102487547134,25288.164860593122
27070.547320905433,27171.75482500074,27412.519171266973,27722.433932249045,28008.16228948468,28250.78702734544,28457.563550760457,28595.23606317764,28655.549557975544
33845.854633073934,33785.60624929428,33862.871973344685,33999.80726304981,34099.6548628432,34163.78393065116,34238.68954981986,34343.60111847574,34475.308561895465
13322.828983479567,13459.812486858991,13655.805840917383,13884.972301636582,14114.074837122667,14340.971898506536,14579.131158974515,14834.17355260768,15104.512368621805
10240.227326480668,10453.544357840487,10731.425051807699,11045.77617146244,11360.852901040855,11674.792221172405,12002.808691371889,12351.631084449507,12720.664632576485
64550.916292618494,64351.66747546285,64461.57123347135,64768.067240674056,65134.610953830066,65543.96297656622,66036.30332610017,66622.48728532366,67286.91384600825
16329.448051581488,16517.28801329245,16775.89643657574,17054.021381255046,17286.934140069712,17476.84269091102,17657.069753835207,17841.759385854286,18029.873126956114
7780.147981956597,8130.742956799521,8514.999443533343,8915.422067706555,9308.46705546012,9691.913958742214,10075.814787320405,10465.717159158108,10862.616085250822
5714.546700871398,5935.30519281451,6182.289680166125,6442.330384876113,6697.643983796149,6945.670297080419,7194.044815041711,7447.171642615374,7704.903374269485
15033.5459157443,15005.554282267018,15029.580830404928,15078.677281501808,15120.161825756753,15152.643052086689,15189.472171885835,15235.923960210022,15290.299097961584
21704.829911758887,21812.25027625517,22026.51106944415,22304.560843311305,22592.50505245537,22887.45110841443,23211.274936992802,23572.71889427708,23968.90931322489
11878.172753328727,11806.29470003924,11791.992399873398,11806.608228967925,11816.006692274157,11819.394848492318,11831.261271643318,11857.102530113047,11895.120331804555
41226.46212728787,40348.61558857293,39742.772803894615,39275.54075001945,38788.56661638512,38284.476884869706,37834.34708874662,37463.18148859875,37161.6096663169
10756.75398192481,11023.84153734667,11330.927459156692,11659.790804328637,11986.462075782903,12310.092741773424,12642.065519951864,12988.299924141233,13349.415557315126
13072.404290506689,14031.118824896474,15058.525458711905,16132.599011926319,17221.98204463549,18322.55539662812,19447.098589935813,20602.99604337599,21791.140114030455
43994.57447611336,44832.35149748143,45875.30167370715,47003.87943013532,48068.07570782142,49056.22911576687,50026.68801855191,51003.45082207679,51979.5952168439
1045.9257840352054,1093.5307572101276,1149.2583803236444,1210.188250800416,1272.3714146740606,1332.675346762345,1389.00438188683,1439.0453146825741,1480.8988251641083
-540.4562224653462,-525.256682459904,-509.385369925155,-492.65973553554,-474.57890544308407,-456.47518615339015,-439.9406765709875,-425.79742165092676,-414.6476610320917
19642.658623929947,19683.7844605385,19856.135969129715,20115.905601183636,20409.717103171748,20731.583487980053,21098.65622606645,21516.505291001413,21980.40057564488
4608.1469733762715,4787.305227195959,4979.685012385148,5176.836869092867,5367.340730221187,5550.968253917992,5733.750610919818,5919.207850889126,6108.154331223421
32315.452189648684,32597.61010167085,33013.981632487485,33495.00682849654,33952.215568605396,34382.06776629063,34822.7632308484,35290.58410545639,35781.9071676768
88481.1294138734,87377.52635704052,86723.91465713168,86307.3056732861,85871.15577447327,85401.87340850945,84996.74289063422,84688.7079227097,84457.44538459698
18559.629298662632,18719.16377700628,18941.311853836734,19184.25595505035,19399.919266252335,19605.874777529734,19824.90561419762,20048.726939578708,20275.191288173733
7313.1572607783955,7427.515901083037,7555.483627635323,7680.584022953407,7781.465951809035,7857.921467670578,7920.558570592674,7974.561994038251,8019.96915712453
32890.88788010953,32885.31398738246,33048.80245249521,33299.7964880344,33536.98241374494,33757.92761635897,34006.74286927746,34301.32275596932,34637.323763380955
6686.749357827872,6928.516681507558,7206.329366923367,7502.7813737280385,7794.313549403362,8079.692623545176,8369.635234676216,8669.381316533812,8979.089130991826
26221.076951214458,26338.12395133195,26614.035873068166,26975.903277532885,27332.72642417126,27682.67619392285,28065.76033263481,28497.289341179807,28972.598837821446
-3268.2056685230405,-3191.6411119481845,-3131.8970756633803,-3078.000098993915,-3016.685599177433,-2949.2534017091853,-2884.118311570075,-2825.9275183904087,-2775.610928231048
38276.56281835738,38208.015038708334,38305.63999290758,38475.65531682927,38601.158633940904,38682.178724517835,38772.97330142563,38896.19650051229,39047.89382328079
5271.240388242706,5355.486912237145,5476.278952380608,5616.2940749950685,5753.852949200529,5888.674380957415,6030.570609823324,6183.1829247406895,6345.468484716365
361.63007479123945,430.5046257685114,496.44294423429545,559.9043051390727,622.4821047014299,682.7375925248841,738.2717558351294,787.3908222225098,829.1248388387016
3980.674766021944,4329.786660439581,4710.276877679974,5108.174813778526,5504.378478937045,5894.344597109111,6283.535003039071,6675.379093392733,7070.8286431159595
2088.672895200478,2179.681892829864,2274.581656143653,2369.43555382901,2461.038873676128,2547.713734392493,2628.793205383646,2703.3557121849317,2770.541366037325
75903.97352223535,75100.3451942263,74637.47591016453,74335.06535366921,73975.93255883739,73555.49232143919,73166.14113124016,72843.65644919137,72576.62250176052
14968.639617275283,15252.175511049476,15629.208850686427,16051.141445317655,16455.622527615593,16841.322120664758,17236.351358087315,17651.987989399862,18086.118916273463
4211.770917256466,4326.343992878905,4456.997553601055,4593.158184867817,4721.5060477107,4841.443170217127,4958.971577978889,5077.321450699685,5197.327488673241
13221.12551767189,13231.987398259476,13315.960705928082,13440.745869649989,13566.969802670523,13692.427449341143,13832.654442574669,13993.779552135005,14173.80988566602
2705.8004755474017,2820.327309507,2947.0624048272753,3081.511257857695,3217.7466236442083,3354.145021997585,3492.0776558344146,3632.18564306924,3774.219786013031
22032.682558487406,22930.977207242868,23865.34130003146,24800.17111319716,25689.035680287227,26528.09098402855,27337.06029473916,28126.055071216513,28894.78271424547
10927.36535464677,10799.300442184282,10718.069214704903,10663.485188950079,10611.319301823229,10561.18560091794,10522.982858366135,10499.706909635854,10489.316016558292
19017.88677403862,19542.715372726598,20126.658230048524,20732.57545142793,21313.395376334654,21865.03797324679,22406.265182956555,22946.163960667287,23484.30385997144
48180.08029859814,48377.0801943347,48869.98623287646,49544.38053050843,50264.11660110267,51020.66443745932,51865.11342373414,52813.52174587393,53853.77570054379
34500.466447706865,34715.10686489395,35145.90153670758,35713.90871275908,36318.554107376345,36958.155414461646,37678.2469948221,38497.4787978478,39411.13237248729
18373.880204263627,18757.152993430107,19240.742493718848,19789.480311931497,20359.06686958219,20943.665722810834,21557.734575969807,22207.14129319962,22889.534701700963
586.894664963345,691.487808820675,799.1748203173735,907.9663784185934,1015.3068871055286,1118.850603763517,1217.2100028574196,1309.4652294884434,1395.0092295235356
35943.314847650036,35571.42557427296,35350.83301371451,35201.845220883246,35026.48619984988,34826.52007252321,34648.614172126465,34511.79957693778,34412.586877852744
11009.29555988493,11274.496165718412,11585.500457149014,11914.495723062122,12225.393579077709,12517.691657015372,12808.806227963749,13106.674825864595,13410.943342950153
47480.9700969922,47168.62597098488,47091.91087876426,47130.286568203905,47135.07080598496,47106.21006158615,47111.65254606754,47178.71079210221,47301.15471318088
12018.634040572399,12149.271183563449,12352.506580028452,12595.215341648198,12835.707692165082,13072.525039856313,13323.618423670974,13595.805778104128,13886.722007177405
6064.879169811729,6247.3794465602605,6450.988190701497,6663.5460135022095,6869.654805948253,7067.1530451576855,7261.661724319162,7456.453349541414,7652.240549583974
2193.5459400582226,2345.109510260375,2496.650775893481,2646.8393853668476,2793.6135579429338,2937.0272625281086,3078.752082424819,3220.4078381169843,3363.530946615066
8620.484660123306,8703.064932325331,8859.160664984263,9062.922616987069,9284.40138072735,9519.9072498422,9778.359120943347,10061.650949255463,10366.165234502014
7419.7149226150605,7789.063122277082,8197.295882461547,8623.327771854974,9038.738412250203,9441.205487139321,9843.087839887263,10250.707514791575,10664.568977631578
14549.931040195986,14740.998720493499,15015.939456077389,15342.06993531535,15677.707554852339,16020.493139846447,16387.536899968858,16785.907598144866,17213.63506962402
1352.0327904107266,1475.1821472028669,1607.387471242744,1745.4252648063932,1884.52237576857,2022.3193296293905,2159.1292019760176,2295.338263786625,2430.8733085554736
64279.55311634397,63326.88954755338,62803.910700530716,62503.13780338782,62178.84809478976,61828.7338438594,61556.98208429849,61400.160115855004,61342.78275615547
1473.8244413059813,1534.0280119705617,1596.7288747768985,1658.3832876902682,1714.3694439766412,1763.9891360767308,1808.9676245692754,1850.0758295789717,1887.0429627877309
38701.7006058197,38766.34152247118,39100.57649872323,39608.44488763869,40171.86122541357,40780.766817112104,41476.4037542823,42271.64104227475,43155.568269587675
20990.134529036473,21239.787979499837,21615.896385785498,22055.95945617042,22480.314242693494,22889.007359957726,23320.229019218837,23790.305571248813,24297.345216125195
32779.14298672761,33450.3407994809,34232.63201450879,35071.33233883282,35899.34344480715,36709.39172637162,37524.711433425284,38353.37682408192,39190.18957738339
13428.04108392256,13888.014039625798,14412.102135956218,14967.429735105588,15511.910528526914,16043.737152266232,16581.81015427037,17135.689147008132,17705.99065738456
13740.574419288287,14190.929216590413,14714.49103600043,15277.068615866123,15835.2190998195,16381.126069816459,16927.06040852589,17477.71042917479,18030.477772925085
3590.0668412115497,3877.3260358456037,4190.682199277702,4515.233905288771,4831.927534282113,5136.026445699056,5432.575652185672,5724.258446344869,6010.756787263462
83710.79860486255,82760.22166379118,82214.93611522812,81911.10831877337,81652.43870576179,81424.98995695205,81299.0230692048,81297.68219592278,81403.99840863055
31705.02302997122,31446.61293318499,31395.71487243919,31460.8777894736,31530.23970452279,31603.876687937314,31732.247028736205,31934.64060581637,32205.44736470345
42350.340654474174,41952.08946807091,41751.582687246286,41654.29101627244,41547.28223386783,41419.83006585961,41308.866870761,41225.24581304602,41157.93608010774
31706.1133008415,31949.48387749904,32271.507965661465,32625.310411782135,32951.88902990432,33251.2176783416,33551.81458574446,33866.64894348063,34194.72627708297
3425.904863447029,3759.796292748748,4108.406087208474,4462.5549581976275,4809.78536960566,5146.210204926017,5474.727852406868,5797.553658580966,6115.289282893595
15964.25518624836,16411.751246977077,16919.925528813495,17457.134449836543,17982.091872845318,18492.32238213629,19005.68383825295,19530.53196894445,20066.04219937287
9898.605788673805,10172.880762166616,10514.089002950423,10902.074877797695,11311.856216999318,11739.838437937748,12193.843617013657,12676.950117732817,13187.875841023168
5405.974951379038,5825.239872222874,6264.0140227956645,6711.54048511763,7154.186755951359,7589.009789976694,8019.928615748516,8449.752720802118,8879.953941209971
5388.074630133948,5354.554278375921,5342.95317777797,5341.229158327355,5335.015110709081,5323.041131282862,5310.240897016978,5298.227193176699,5285.800242952203
9316.607212937803,9576.361743655207,9909.900965066025,10291.636036112932,10690.0100426664,11099.051834574568,11526.404985798354,11974.955932751918,12443.572772578884
56282.34564447355,55895.036664982574,55756.938409825016,55738.88578032989,55687.28602072759,55594.08053185096,55517.857304611316,55477.944420654865,55461.917640014246
16397.795941375975,16411.669975832967,16534.250677683835,16724.097643021367,16930.25548433991,17149.51560056322,17401.530025530315,17694.43870787952,18026.089327754682
6118.181375751672,6109.988335347888,6142.767758777548,6200.711830337627,6265.9758389563785,6336.7204566710125,6417.96950586794,6510.937446823903,6613.907984740758
6688.413356500039,6965.213969750019,7263.166393556666,7566.5933257988745,7855.590637964196,8128.425829840093,8393.366227781544,8654.88694348915,8913.815100600783
31799.153900757752,31560.693276556583,31469.507517091624,31467.03606515249,31482.618197247444,31510.909075329128,31577.45925576439,31691.73086456605,31848.91963644988
246780.83511889775,235015.75758876902,224822.89784318247,215297.88899264016,205471.79042166745,195324.696706046,185192.91753030953,175143.41100295496,165055.1473427241
22306.436663757402,23041.256348885832,23857.41268559985,24716.16768437382,25565.987926074253,26402.36535012389,27246.509001578466,28108.794632732755,28988.331148936035
3699.4329537855383,3808.846318895135,3939.8042248143574,4082.923265576665,4226.684737105588,4369.568771126726,4515.427309537026,4665.894575959453,4820.489590060614
28132.57850040546,28669.259077719355,29348.466382456816,30096.449769145835,30819.88161030966,31512.94937000578,32213.41232547615,32936.8594710359,33679.15537243295
7854.608991231679,8228.3714414881,8627.435964607354,9036.961002034566,9437.323032726976,9826.725381448088,10213.77506204936,10602.826505395471,10994.118437061665
7430.738356378576,7435.070970150901,7486.685130403795,7566.700941366009,7652.360748324044,7743.758040912204,7850.372286450678,7974.129240574521,8112.515217202307
31674.95743306126,31715.21002326507,31904.66455334789,32157.25002911348,32363.951420690428,32527.11882390377,32700.373364384937,32905.82865882498,33139.804688236596
-520.4965196654664,-484.14214500302324,-445.1073660585434,-403.2864757980883,-358.2425357167042,-311.34060292853457,-264.4543858736073,-218.69978667061784,-174.54148726424765
17280.219970832193,17745.95034672223,18283.18182665122,18857.996358552446,19426.06337077552,19984.895399866004,20554.233213587224,21144.040301670935,21754.783510521556
5750.683108469597,5986.525150772476,6244.525420381259,6511.14619350371,6768.058003763781,7015.124276463814,7262.065400912085,7514.19801550316,7772.604768175087
66916.34663452924,66561.16372792004,66448.9544565839,66460.21924067326,66446.98278689427,66404.64569173583,66395.90870422006,66445.90587201912,66546.74134795631
7538.691986487114,7738.828107868839,7977.8721774217265,8232.926802491329,8474.220805871857,8700.387824875696,8924.104594761324,9150.701867995715,9379.320458414353
2191.148021773499,2413.6651731273087,2639.2563940053024,2862.6910502069945,3076.6076745276464,3278.7439248917244,3471.4549394846767,3656.603646910002,3834.782574563881
25906.174456329412,26008.43532604348,26196.785066410983,26416.836559874107,26601.11316425865,26749.858466944017,26894.77177724319,27048.49987842135,27207.92622899115
4405.526932233673,4493.669783024924,4593.697042988297,4698.635621607741,4799.5543046862795,4895.71585257703,4990.641000389112,5085.705633966818,5180.2629592874855
12905.257027156693,13033.854352574268,13253.259520861822,13526.031015221412,13804.951877640027,14088.338396393834,14396.491763643862,14737.574426438072,15109.517711319342
6472.8096363835175,6642.705804524997,6835.408128493662,7036.231214303725,7226.006300866304,7403.634664099797,7577.355907690948,7750.496674153726,7922.031027381309
72368.72245432575,71106.99095017852,70285.61547413017,69708.39261283049,69141.28164626859,68581.94666301363,68129.87952275992,67821.007190653,67640.57044455872
18781.271987877182,19543.048999464383,20358.031439441587,21191.470380655006,21997.46741700366,22771.546447630208,23532.349181895355,24289.023900443997,25041.928554455237
19153.83130483102,19952.01367407894,20905.533158473427,21967.206560022554,23073.89092904154,24215.675838590803,25412.545700052644,26672.621847045004,27992.644329788927
5788.826791588156,5847.335460195007,5928.942281610681,6019.837247208198,6102.733714095933,6176.153908116953,6246.468555258787,6316.043648764412,6383.774358046209
20448.502202715703,20628.61924217431,20928.57653552391,21298.845425193,21677.060799911396,22059.098633958805,22469.634905303945,22918.57195287771,23402.586420989202
7471.704464012029,7698.835778547151,7966.053098715185,8254.550928288962,8539.958759917643,8820.514180763177,9106.604577613234,9403.306970289856,9710.636468956565
22221.46407384902,22033.164293952985,21928.75324104026,21872.20676219901,21819.12373297282,21766.979880167633,21733.309498846265,21725.31602826536,21740.334784236744
9751.691042733823,9811.866402896501,9927.760887805525,10065.192041899136,10182.335577156478,10280.804274197966,10381.244311473334,10491.001701529089,10607.99379381092
42237.27765655375,43454.8414090582,44766.077493942095,46105.40288322271,47383.78031054892,48597.36367840435,49786.63034514609,50969.65598530369,52143.00185909838
14271.983023421975,14428.361576928008,14653.23577794848,14916.432121878875,15180.26231124854,15442.710359236937,15719.61811478199,16018.129016073066,16337.414358526728
13213.285398385333,13577.30783554463,14020.095824257887,14512.940858926107,15020.028099736553,15537.128671137287,16076.031659162192,16640.471063847937,17228.977730365325
15354.831803023606,16190.439849445149,17087.332966277103,18015.099374876172,18935.04192289538,19840.27577414076,20743.425146061512,21651.918091702202,22567.22770924204
20503.03002762316,21404.140031318602,22388.841508321308,23421.717143847538,24458.189009464964,25490.9609178208,26533.168139011774,27588.17029193056,28650.982047147707
4070.4285264445834,4126.815186383789,4202.553515492301,4289.685860806681,4378.264516462749,4466.84581797585,4558.50786317763,4654.766077425675,4755.255137521617
10746.749503726007,10995.838944137837,11303.104125481268,11644.171578076155,11988.21990415245,12333.33615420454,12692.501439979718,13071.548353145074,13469.887740797163
2821.8881514173836,2922.862228965544,3040.9287933572555,3170.076880893057,3304.004515181273,3439.754865764299,3576.422901081613,3713.048009057311,3849.005328505365
13715.499263834296,14238.85847999365,14846.389564634954,15509.548706531634,16190.747205713544,16884.870339478268,17604.952585192117,18356.397934094668,19137.69845682205
4495.644164960454,4845.036513232766,5244.178744800863,5686.83035827302,6163.731775877025,6672.937121386119,7217.486150680963,7799.173437486328,8418.349130008564
10673.893297461307,10934.1654282687,11237.084909338168,11564.976593317297,11895.199103544206,12225.131592099287,12562.845284407598,12912.011851321064,13271.85064877959
6231.363128456703,6460.748107047099,6718.0069703683075,6988.56529886661,7253.435510286299,7510.601507058497,7767.3024054151165,8027.230719499525,8290.709846059513
3693.7647768159172,3774.879446293604,3894.8445823262946,4046.4067810675333,4220.253845890864,4414.159809207584,4629.807257185329,4867.63189110689,5127.194143081874
2052.8300977433537,2145.680292048084,2255.5380469911865,2376.0303959120747,2499.1911694373507,2623.2075983819286,2749.7923120392775,2879.405733137083,3011.5323454212403
15015.495344119849,15057.931078135261,15160.740757954856,15292.650867338147,15415.331701755327,15526.705892092838,15642.061207014252,15767.65130639402,15901.694166448768
33918.82730416666,34542.047376639435,35186.02537097305,35806.88466029786,36355.78865887555,36832.28916520521,37258.294359816755,37640.491141274346,37974.88540666593
22902.29942361525,23203.146117135813,23612.495632321068,24048.97958555037,24463.173545798792,24855.944002017524,25251.32196836165,25661.716385309195,26084.659704852358
11017.905753921903,11243.128402627675,11517.67926743694,11812.992596710254,12092.513509949651,12354.955304942614,12616.914698384735,12886.043972391846,13162.157127084656
13448.311260118917,13733.549050377169,14066.399967883634,14420.736200948433,14761.809343209692,15088.476501004328,15416.623645883543,15753.676409079806,16099.112670338522
9776.756742762485,9717.38982313996,9703.545988294967,9708.415590325256,9700.519555797007,9680.206366731314,9661.981950329593,9651.211064763356,9646.379362027985
16097.529453288844,16051.263433328322,16129.519164848001,16288.437077047938,16474.501877054587,16682.364942248383,16929.751033690678,17222.346844409458,17555.557938154652
23186.369338658642,23119.81368645402,23166.972903556292,23281.96981975937,23408.561772292043,23543.107454252997,23707.08583974859,23908.865107378188,24145.17211745857
49281.68268195869,48730.32828720236,48539.62967485322,48565.00337199148,48634.60207290579,48739.06114676999,48942.510686398964,49265.62240462357,49693.94927451031
6623.561369179348,6721.169944977659,6847.917547026971,6989.435087309291,7127.3123838032725,7260.128212585242,7395.035721758395,7535.290166848538,7680.514790795115
51826.122051339844,51708.86402810386,51793.612354048535,51978.93236231475,52138.72795166185,52266.93364733998,52414.616809399566,52601.81590220142,52821.146390552705
37907.4139189338,38051.7571795296,38310.7422239205,38617.53876222501,38889.00788192653,39122.75499771264,39355.13475176966,39601.43167986335,39858.373363073166
8232.08628124263,8309.537019389107,8419.419912570484,8542.958547223498,8657.339458612469,8761.685191009525,8865.747489810008,8973.60515587831,9084.289999635706
5220.0172353338385,5454.452735920904,5714.38099377342,5988.47966698709,6262.279263495333,6532.541945632718,6803.750180231455,7078.356545106367,7355.247978109003
23590.58231213226,23718.603347624583,23965.775267658202,24272.985178982348,24567.828117979054,24846.78795374804,25139.121449728154,25455.969392760628,25794.077338555675
8969.901423264257,8945.841998787651,8991.620016563833,9084.903720064603,9199.98471203847,9332.045682299622,9486.900734390709,9666.104998933917,9867.497128016004
63929.93829403846,63209.18561994287,62865.177757109996,62745.61352614106,62667.03594091631,62622.56622720329,62686.038778917806,62884.48358998229,63204.07842946265
10281.228981189344,10437.941883765074,10627.743901775773,10831.148074031882,11024.555456125769,11207.356650417194,11390.27670314924,11578.380393799695,11771.543571869055
7618.959171567342,7773.688834793783,7956.097215636426,8152.939441238926,8348.141079140725,8539.69313228303,8732.961778027684,8929.93355932154,9129.563507777702
21114.542125752556,20851.971787758892,20689.87700565495,20591.08522452119,20510.96058808932,20445.090523692466,20407.82358301316,20403.695215312004,20428.67701087062
34254.7281342594,34278.40130165471,34413.56327099304,34593.33816680023,34734.34701931957,34834.85234527203,34931.98508031779,35041.658963772374,35160.95456062437
10319.584858096521,10397.160852737607,10527.06115701275,10676.931097069795,10802.89773600109,10903.098371137454,11000.95485222063,11106.715309838606,11218.50120026853
20999.092780534444,20632.50936449169,20384.598816180867,20210.914907113085,20059.470637734696,19926.40123343784,19829.713428755593,19774.918978623773,19757.22484278353
18190.47643436877,18280.239519918854,18464.841065184723,18691.017896578363,18890.976872835374,19065.641378093933,19247.651356250197,19450.107315169364,19670.423144269418
32089.362359105235,32569.6309097481,33192.64678299607,33886.092089980855,34556.7089580209,35201.49806423971,35862.256058637526,36557.11904251886,37282.781382101915
36656.458611909955,36569.05548750863,36697.69635017076,36977.94251065697,37327.025919728796,37743.7784344411,38265.15467294058,38905.93746738136,39662.38216226147
14141.118639631995,14507.927489713313,14942.82092197425,15422.919422102403,15916.585791090743,16422.29960371457,16955.218474969843,17522.75871342083,18124.65665954752
24466.705472793266,24662.59289631187,24964.715637723028,25318.415860418463,25654.282634753432,25971.60513234574,26302.640274725814,26661.44122158354,27046.05006543913
51582.0151100131,50997.9126668128,50767.394454398665,50717.394724974205,50639.20757613702,50535.14936762944,50500.331217710635,50568.97032987731,50728.11940643127
27926.44983306573,27515.33203673979,27245.228541312594,27057.471676137153,26882.23712556836,26716.26408363899,26586.452993433435,26502.418206019254,26459.076265185333
7707.277917075047,7735.842059631503,7807.664874830368,7905.57958545872,8009.564183566156,8116.466912601925,8231.671692063028,8356.856763757825,8490.32695581262
2686.454178788391,2872.4773210228395,3069.9163762578455,3274.031678525039,3478.791016473748,3682.957218993409,3888.128788675046,4094.815654665714,4302.911028320205
53210.57384958593,53090.811370961295,53138.55884076771,53260.61607275285,53344.81041211752,53390.76608295526,53449.168305227846,53539.92556345667,53657.962997067036
1430.4215816826365,1484.5346646729454,1543.013516130334,1602.0816804014275,1657.278117599709,1707.0852149106245,1751.7991723798507,1791.1848162282083,1824.5279157751702
42349.523301760346,42997.650139727164,43847.00598270888,44804.970384023945,45752.68194285899,46683.88275043746,47648.666752286605,48668.13511886491,49736.72275301473
7438.640911608173,7481.435285014406,7572.911605718816,7694.475648103148,7822.6563665917365,7955.258838679259,8100.724559405041,8262.287676205282,8438.576950395338
1985.6403968486438,2041.9665170183778,2098.995079839233,2153.1941476982192,2199.6988069546856,2238.562914080852,2272.581166129741,2303.3830050913443,2331.355971142777
1350.149298531783,1408.5911386948108,1471.2524441163107,1534.4539722776099,1593.1628601298478,1646.802325285602,1697.5181189080245,1746.4697126077283,1793.730721002015
50339.53449988767,49598.8346906342,49155.023050627424,48863.601701829495,48552.60831100679,48220.057213085405,47939.516699398526,47738.19176058029,47606.37852686545
45425.53744734839,45831.23554852816,46366.070886110974,46943.54649516165,47455.089655818854,47897.36704367716,48318.63520308163,48740.40391091329,49159.87414745961
44706.64076949671,44624.72774193107,44755.87211472638,44994.50822830765,45210.208805895985,45401.10657708806,45624.87272891261,45903.963171622454,46231.597097928745
4542.47062907013,4627.304508483811,4737.446771863934,4858.913848650945,4973.673813269948,5081.214581016674,5189.391800309769,5301.268036461154,5416.038996044213
17467.77315091627,18291.58097602393,19189.415602434725,20117.107956019583,21015.67227833827,21876.082314551513,22717.596705561526,23548.26049308414,24365.15936326878
12395.376899531238,12533.878847764865,12747.24243173788,13006.155516459528,13275.36214354074,13550.517000996688,13843.976924813212,14160.728878521872,14499.15679038333
16873.624435166385,16699.76845531906,16606.041619748445,16551.68528165308,16486.164282700316,16409.30407408502,16343.559440216408,16297.619388928002,16269.01738063098
1424.745409286611,1501.8446752767031,1591.8325620032174,1691.0917723816522,1794.304932804107,1899.8742564386455,2008.8731974765267,2121.884128038887,2238.569526790031
55676.69359862568,55122.307191667955,54928.3098646617,54919.32325311742,54881.9680305194,54819.544399086255,54831.0179742599,54953.620652565434,55176.97032901146
41752.65427994107,41716.03366510196,41886.415579175984,42174.0995289523,42470.78429530271,42769.67434452207,43112.37714540751,43514.556226252644,43969.34139912404
15207.130187711735,15621.599401373247,16093.81956652942,16596.763707873364,17094.867638960535,17586.23795484514,18086.732407623622,18604.116499326705,19138.310143938328
4661.917843563526,4823.51979609557,5005.6456800460455,5194.08886902085,5369.86159319684,5532.836523425517,5692.5256603405105,5853.192921333335,6014.619988312728
7851.234834641523,7951.86502575102,8088.5830371960565,8241.39069856072,8384.961469664377,8519.272897351837,8656.414134331446,8801.392522717664,8953.40219136515
10954.279960452373,10797.70130568308,10695.411480389934,10623.42604784907,10556.161419536968,10492.804835027104,10443.689849632516,10409.60613938466,10384.583361418678
6431.129177389994,6496.721051288705,6586.276875896225,6685.431234190127,6776.750098362717,6859.678017002355,6941.883449176458,7026.420338333515,7112.605887555288
34723.56722011817,34795.84468941947,35048.0545333252,35403.96058015946,35768.92222721116,36139.2438574924,36554.584699658306,37030.748895175035,37563.180652992
14656.099937253164,14745.386704623746,14888.652271373723,15053.532711568447,15199.273919678826,15324.7443360053,15449.803298177021,15584.339950658605,15726.930548616952
48668.14319835689,48378.8212650754,48287.16308484385,48265.78158184911,48159.430275063336,47966.87268493556,47757.98496157679,47561.82014664276,47373.69719558734
21394.62096171532,21774.872787665183,22247.475071129997,22765.274827820813,23268.83415292403,23754.940146633566,24248.446935599997,24760.219806251764,25288.29053011986
2868.3228641676683,2957.162080796496,3057.2861083997022,3162.946017307972,3266.7482906977034,3367.9235838057252,3469.4484106974214,3572.90821667398,3678.436355061371
10535.696946156813,10691.712152620366,10898.391465843908,11128.841224149983,11348.850177767652,11554.393089958216,11756.504164160373,11958.399048425932,12156.254595411132
3056.3459592285544,3166.8472224573243,3302.8326786554235,3454.8029357070745,3610.9161541728313,3769.1501604459118,3932.991641124034,4103.882174178329,4281.381555295812
38817.184337685394,38975.05148623783,39318.47147556337,39728.05181064301,40061.51965292894,40329.16932064753,40606.3362800026,40918.87740737119,41259.421895085135
24757.107721816312,25713.395292854544,26747.55244417277,27796.454073898618,28779.26854649102,29689.13800724216,30559.64338589615,31407.08697665271,32230.738371172327
27272.292072652876,27615.18365328603,28071.11981425951,28596.97946299866,29141.13635132889,29697.419113455893,30282.25470196937,30900.822197551613,31548.514029660168
38308.89535703538,38677.968110554386,39217.039443170856,39861.865727380304,40531.92262630287,41220.35722483184,41957.34023912292,42755.15608720292,43609.09695383893
4556.909173427962,4676.2593319046955,4814.380256057664,4961.274223850018,5106.595277371524,5248.085443391494,5387.427687191716,5524.216204578623,5657.017731051375
121325.28858170415,119355.15225622253,117989.83196131002,116919.41944470728,115779.34532326546,114544.09685527805,113340.65713341229,112207.0023513833,111109.37897929833
33953.07631268807,34059.482657881505,34297.02544824741,34589.69701767587,34844.92277355676,35059.338418125735,35272.15448763082,35500.06683356408,35740.272154332604
9077.574176624268,9183.265431966192,9337.52911651035,9520.117555019424,9706.824168500987,9894.119240067332,10089.234221216862,10294.660982168614,10508.595167260506
20101.645176916292,21057.31783058897,22137.470372891963,23303.7330102006,24505.46527615298,25731.552587973034,26994.33274512023,28298.401832114323,29640.197325352696
11448.036403004186,11608.169907453424,11839.57189411383,12120.433219854807,12423.448901216972,12746.507169550483,13100.337330343767,13489.655294301301,13913.797876157585
72071.98991419538,73369.38158143219,74717.95821722917,75984.06544923458,77007.14559334508,77770.38137986457,78332.94702958844,78723.44480939103,78940.7519914972
18855.62671812872,19506.93168169608,20231.09042531915,20985.465046765312,21715.356850581462,22412.29606626101,23093.830730782633,23768.167924763682,24434.642010251526
6656.157844604338,6722.541987249722,6814.3229756284545,6918.9047894501555,7020.213680714921,7117.592091769977,7218.005400597865,7324.5039535763435,7436.585410649356
36755.5536263997,36446.82973732551,36376.13583480212,36422.604803027774,36437.73559746121,36424.576581728004,36453.27751656132,36550.3053603527,36708.7221822039
1522.5682464079807,1614.3522624722889,1718.0869532559436,1828.089563111966,1937.331207033827,2043.2455722936645,2146.350579572099,2246.7131248704804,2345.1772673976293
6544.148283877023,6665.137770436594,6819.739018015659,6993.253359753406,7166.188596272222,7337.110364853475,7513.974771984058,7700.170409288411,7894.75619714324
19321.086611228424,19299.26729838107,19399.690746091026,19569.320664447467,19743.049395972397,19918.968133149698,20124.684384276712,20370.92821835636,20654.468499866543
4137.723001080376,4263.855893880376,4398.062573521249,4530.376967414649,4648.508406939746,4752.970797010753,4850.698756614388,4944.8564934452015,5035.917533360835
46711.399970376704,46304.06334226967,46070.9325816457,45923.12576797933,45751.739548571684,45554.31102685843,45377.88250742958,45241.863692064035,45141.75623720103
620.813832318491,656.4845988424863,688.3320527617881,715.0827910990964,735.154507746139,747.5247495622698,751.8545182426001,747.6468902725488,734.1870062752921
39329.82071293383,38953.60138473046,38818.24347251964,38808.576747689694,38784.577837560835,38745.68743592433,38753.64781587552,38831.15599512183,38970.1288321285
3638.4406555296177,3765.6280375633046,3903.010250336666,4042.910538526051,4175.304865879552,4298.176363076694,4414.645158444547,4526.538558216799,4634.08257421476
17964.46602812596,18189.44098645589,18535.608302822908,18953.471703365878,19380.7238652923,19813.511352583242,20276.632601374557,20779.93935468355,21320.70847809987
23664.53358890994,24223.07614098124,24884.620681091303,25599.864625606177,26305.24461834699,26997.077268966084,27702.292573784318,28432.07886306626,29183.239973958243
5127.430604024866,5110.050608130196,5124.505014167443,5159.805537622119,5203.281821248144,5252.358618690479,5309.53177486157,5375.373196732537,5448.706113425869
34411.47038694429,34225.40734512692,34154.75273693759,34133.66961521612,34079.896190593776,33993.74330945181,33913.836128299314,33856.57512759489,33819.203411252725
51453.67773517876,51404.245572997206,51722.06561523004,52284.04907755011,52937.23257235224,53676.86384973683,54567.83712143783,55635.386541858396,56871.36423431916
13091.815453118928,13491.1942132249,13944.735990071515,14425.320421196599,14899.502017028175,15363.54279878706,15829.864505186197,16304.500894754987,16787.079261252788
5361.014485462317,5614.834546622571,5888.51006678169,6169.181952532619,6439.881098326605,6699.700636138923,6956.537599503916,7214.740523644965,7475.29958243901
9500.206753981773,9627.785132739513,9782.544071436709,9944.772656456087,10088.85041326795,10214.203978375364,10332.529623706962,10449.107358975842,10563.453624203223
23998.44139430826,24460.723474935345,25073.7658969698,25767.070910899994,26449.46140013449,27118.00678718121,27813.444972414552,28552.662778965318,29332.194168048864
13127.463379850777,13152.916280051093,13227.225656802613,13321.800167397196,13400.893415020733,13464.48067286883,13529.496817663923,13603.53263553032,13686.096282278788
17952.246859163995,18059.240715870517,18230.50251134112,18419.954487160212,18570.7126646185,18681.759817344533,18779.314069045362,18875.512879914324,18970.39102776129
27077.847943074572,26628.004112913895,26330.02415735223,26119.464995805392,25920.400459096174,25729.16208418927,25574.706970827814,25467.052860619468,25400.739689657126
3762.613863208601,3898.005567620494,4052.058662737868,4216.526895763001,4380.534732823825,4543.08664271844,4708.727983256751,4880.012660324092,5057.510875680744
5396.13849447222,5495.5285099052935,5616.49709382843,5746.716469615442,5870.567856501153,5987.136081319002,6103.169493355227,6221.793270993087,6342.686606888258
12800.471875942101,12647.665322311695,12592.74558288468,12597.5855157032,12617.812427490688,12649.41795077224,12706.855098875714,12794.161449474437,12907.074497882038
63964.801440177616,63539.28542252905,63373.02468258434,63355.68204196622,63358.59442056453,63372.25446176772,63441.78966362623,63580.91014290551,63777.17149299338
18367.93030673969,18719.532991765172,19156.510990310046,19631.348620488996,20081.424529108604,20505.196871203916,20931.641140126925,21373.994617254473,21831.463172095115
7332.308060984689,7611.348564486889,7982.124067979173,8425.429651374347,8916.44879233602,9449.58041971952,10030.035967080481,10659.02429744047,11334.541683073534
5669.813237950881,5805.850478419192,5958.0340551922745,6115.995955885636,6266.033761441599,6407.507270263705,6546.536817297114,6685.960039171236,6825.466625093125
3784.30240834908,3913.928147922438,4055.395491543646,4202.873017400918,4351.312502397747,4498.068619417355,4642.522372261296,4783.140548593259,4918.097070352825
9056.670982693144,9314.114727284548,9605.245376205035,9910.859910733448,10206.216380486763,10490.082426061817,10773.507159765368,11061.33698942317,11352.929077045366
75080.88678477322,74748.96571614842,74681.02669031457,74746.47426846759,74782.69058949016,74776.91764566877,74788.78705416826,74841.32173979974,74923.43744968194
52278.10285506778,51643.88934938597,51278.26352884486,51073.91969015492,50901.97855762316,50755.27409101817,50682.52063280529,50700.75664497479,50800.050061955946
60024.668200696105,58874.87806161959,58000.67430640787,57288.39485779815,56602.93487011576,55937.822425833074,55344.08735762278,54838.87266666497,54411.14960166147
21114.537141148816,21084.188171574573,21147.5522739851,21260.509958651353,21368.014141536965,21468.653750184607,21586.407282144468,21731.630877598873,21902.74798311598
2561.843956764904,2639.073638251831,2726.9337387489913,2820.2755764110093,2912.4653405514077,3002.347222193492,3092.0786792702897,3182.691382670513,3273.9753766069093
17146.391136090166,17155.384957603295,17260.588506150103,17416.09798846766,17565.706163327814,17709.231570624306,17873.516251951165,18071.813557664653,18303.19909323783
11626.3597307872,11815.196193589923,12058.407598989968,12335.210536632985,12619.601191252908,12908.858930756085,13212.440877116052,13534.534477536467,13874.196957041053
15309.968238407366,15774.961273568968,16374.14900675438,17037.799023852076,17703.370323636813,18359.455237542486,19017.362143437997,19678.782477398385,20336.694914021766
4981.087633375333,5121.350962728346,5285.685200593943,5462.084148285421,5635.581069858626,5804.808711504326,5975.554870951328,6150.421833284487,6329.279692875663
80.46268743336555,125.53974665002355,175.0633303597449,228.21485476635,284.5068777857897,342.6120316842127,401.1817590336037,459.2889209317507,516.3734043380575
11012.84712304823,11295.690626640362,11598.526133396908,11903.285683705559,12186.362223090997,12446.071140752063,12692.459671594359,12930.771999580553,13161.60327581439
19326.166593747716,19809.451863322043,20404.660625483022,21066.084876791443,21734.868168559875,22408.285779166716,23112.944347886263,23861.78980103718,24654.994089909967
4608.808836760329,4841.185113611271,5093.696822195087,5356.698142170006,5617.7866648040335,5873.268829643234,6125.3544475058825,6375.58233008059,6624.221752234297
68733.96583987211,66539.34682123929,64852.265789328274,63474.747385854964,62183.76644512159,60963.87209240292,59888.356752927095,58976.14525030316,58204.20719961574
31446.077998036646,32025.971316718522,32726.615993765663,33475.26134647547,34178.76378697785,34833.07694987097,35479.016523131606,36134.641683297465,36797.22546551968
10404.064166360147,10583.186222933524,10799.422023006799,11028.610185192389,11239.17678027743,11431.282655831192,11620.979240191919,11815.883004205398,12016.115646965389
29866.83410901096,29674.93584787435,29656.420693051325,29744.48857506172,29865.120107554547,30003.112998642435,30169.594901200213,30359.547205379546,30554.449707819913
95883.17945582773,96662.63987977392,97786.87932187528,98976.89264979256,99907.15576033492,100524.27205673052,100917.32233942332,101124.20468211258,101141.11997230374
60053.550470043236,59125.64985825932,58495.182439211254,58001.19491926831,57451.068556454185,56841.64025111923,56254.24715514622,55718.83373742831,55224.262005375356
19981.581307187298,20487.742891668993,21080.02741033808,21714.05401881867,22338.880872522685,22954.198110728186,23582.231518361856,24230.85956593658,24897.25672607012
47556.35027801896,46358.36765502759,45498.910842434976,44851.94107292445,44273.922755070744,43751.34340210294,43328.54214859712,43017.25680590088,42803.051329382404
19864.71344340236,19712.47033403265,19636.99680053548,19596.033357756784,19536.93176131857,19460.6603260523,19392.633396807607,19343.54810042225,19311.82625237039
16237.145400374557,15974.130701865513,15800.745736793759,15672.746091935589,15538.899237052008,15399.109830716816,15275.958497560452,15178.410348988868,15104.853535363885
64666.1583673218,64040.28960187974,63695.66537362412,63499.88374641498,63293.16389938963,63068.58251276637,62889.902672828015,62781.25213832997,62732.796584998316
3095.796246125714,3277.4939035366124,3446.3992517242136,3601.6118014821623,3743.9679712615984,3873.212895202673,3988.7639360039307,4089.866100128475,4176.554439417827
6129.402752339269,6371.767894131396,6653.885938594902,6961.713797603147,7276.838526362383,7596.984474577207,7929.00116078086,8276.192956969287,8638.306652895708
3336.6074249627095,3442.7529635014544,3560.6742471606453,3682.3041341227945,3797.0638678072874,3904.1291984342556,4007.8162063879586,4109.968421261743,4210.232284661004
5653.945662544515,5966.307591500099,6311.943485066229,6676.705349724425,7043.145396972115,7406.607029563174,7770.475563869145,8136.877765860781,8506.59738455516
5963.293012571549,6194.559091993657,6444.169749829866,6700.016565591241,6946.519852484622,7183.070573220706,7417.211045862406,7653.235139645674,7892.072848219709
11797.988674144386,11937.47576262814,12153.999203652073,12418.01597252312,12692.147086636209,12974.46549435839,13280.474015636284,13616.560101898469,13981.17150688667
62244.01749932542,61039.95265869089,60193.0329991561,59573.806120698355,59029.08679242329,58548.799959666714,58186.30606839513,57955.7676616794,57837.629980422185
12588.538322012446,12815.55721529308,13042.499195202414,13251.824396293274,13421.107370059544,13550.396996845073,13651.692587820276,13731.896893373929,13792.678260641609
10104.033656813936,10730.608939300646,11360.18017945836,11970.14745517315,12530.900255270117,13039.443123401652,13509.621719347091,13950.652053817039,14365.715405465342
3410.8974528255035,3584.5343838876483,3766.137057460217,3948.9431817709856,4126.351141531835,4296.451015339552,4460.21479039582,4617.4907600821725,4767.455878640127
1617.3980784336168,1689.52459455132,1764.1885997787535,1837.78100749485,1906.2081408488364,1970.0490921116996,2031.7723406062785,2092.550330028061,2153.079146129344
22817.18606252545,23294.801628030964,23887.826853775292,24540.928575382262,25180.867988244503,25805.67201017297,26449.05436475664,27125.42770775439,27832.04827644411
34040.9136674941,34051.685842388215,34285.01391457546,34644.73839920514,35013.23775279782,35385.5335941459,35809.79048456843,36304.51319314746,36863.53676339043
51073.134939112264,50180.68018932436,49609.21414876788,49228.323222344436,48888.91947041774,48581.81867815198,48359.257018816854,48235.63280482794,48195.92383319315
34780.882782901106,35220.98041616901,35929.11644038849,36800.27348349278,37702.943859924206,38636.6354998937,39664.324215184024,40813.09869969235,42078.1922210464
29081.294195834005,29134.87812091533,29296.16773432911,29516.449784109824,29734.831401881125,29947.212045928645,30177.317844947804,30434.584673707817,30715.197005501766
112299.73338563509,110326.53328642313,109100.49165152924,108268.17912527607,107417.71021343496,106525.79015200667,105741.72985033576,105111.00908876251,104597.73165737132
33219.34632415877,33457.95334631586,33783.799882325315,34129.0877786225,34407.90320478103,34620.55423441089,34808.59853119543,34990.582525172,35164.30120825467
10905.628600569658,11176.01673467125,11490.094089960947,11821.076028697651,12132.742990151366,12424.323794714313,12713.223710153332,13007.963390393346,13308.866501469178
11261.189533571573,11442.137308077366,11678.487021967476,11942.55249965569,12198.663322221177,12445.504126609427,12699.047141614114,12966.567375915205,13247.63145835761
7983.597405762041,8050.05756373394,8138.777831106523,8236.1249046809,8324.479315994186,8403.708881346383,8482.166183058984,8563.758573035519,8648.29608778598
21299.91561276546,21500.910355849883,21806.027788534208,22174.09853831329,22553.133489029293,22939.892832164984,23355.393197963007,23808.498009540872,24296.79992776577
4502.125432866087,4830.092493559588,5159.0668083365035,5482.551449780659,5791.276636840433,6085.158972868446,6370.3099937635825,6651.356404846092,6931.040455347901
8595.99751116481,8776.17339913335,8981.122233034304,9194.915810966271,9397.81652365974,9588.683210990328,9775.806766450785,9962.404407300128,10147.424884646349
38973.372481891,39109.88019051965,39410.95442214363,39775.67251307865,40078.37414945104,40313.04318460012,40530.946672947095,40751.884455538995,40969.13492560203
51920.02338252299,51404.030013711534,51204.53550032231,51192.7060123065,51212.89124734503,51257.42752662495,51386.63897396571,51621.68837235224,51950.8708078287
22338.360657217516,22256.946552730144,22298.38435027568,22401.727380550125,22492.17499491665,22569.12893328716,22665.83387340262,22795.083161969465,22953.044916120598
11943.433570874455,12067.39209032695,12264.361661970925,12492.928113604894,12701.64943103752,12890.443061011869,13082.90615660033,13287.5839721625,13501.610654161075
59825.971290564106,58394.66613479185,57333.95966083736,56486.38019137663,55668.37711894305,54873.44972785086,54173.43699560739,53594.370593419015,53124.37413530002
12120.789690193915,12316.663698936844,12588.501734490857,12907.391354776792,13238.11813148455,13577.662069196582,13938.977659251761,14326.874161609063,14739.532262500541
62644.00097221988,61920.534327709065,61623.235029522555,61621.96881287666,61765.13415669066,62031.57874403352,62461.52457452933,63063.67289486478,63819.099359055515
9557.978252522991,9674.85158657878,9832.069247860483,10009.225235722179,10181.269724639084,10346.953153298851,10516.662153979963,10694.382750957167,10878.68491984197
67266.46189410184,66685.65565748901,66412.00176548539,66310.479557094,66217.19406349001,66123.87554837084,66094.44338783271,66152.09877205524,66285.0489459139
44207.19923028327,43050.56192489141,42160.930430231994,41429.13954985568,40727.537745112066,40051.56784779835,39449.9629820553,38938.42744029525,38506.59044985613
9789.486332642866,10277.925612487132,10812.834770433261,11377.727426948006,11950.553640236918,12528.28389827701,13118.980818797665,13727.011302825396,14353.168449757432
14975.266526846844,15414.546404905126,15929.936127350547,16485.833999205843,17035.848931164513,17576.53987613118,18126.882875250314,18695.8486476809,19282.941495838924
6847.782573182449,6903.388722366866,6993.165346838288,7095.7863202949175,7184.442726032314,7259.737550255222,7335.059127677974,7415.994492212052,7501.977203688957
29076.724212736233,28794.80600986944,28640.473123189506,28560.706336959887,28490.607478232454,28427.36700470795,28396.769965113697,28407.758469336957,28455.403588526307
3287.854299765545,3375.228891205986,3475.322618118182,3582.289844442231,3688.8522281648698,3793.4172675839714,3897.99016184895,4003.794292366138,4110.936773928643
4282.935906312978,4389.551093649709,4511.568144992903,4639.102825609221,4759.3643602638585,4872.029889762661,4983.3146778313585,5096.376936508056,5211.5176463644175
941.8283787655489,1018.9972969239524,1090.2717851716286,1155.77513816869,1215.7199529555865,1271.0364793226217,1323.2495100100368,1373.7918325077312,1424.1261017758043
36653.07687682332,37027.1525157754,37595.79658840739,38281.26474563083,38985.65417275888,39702.4176448294,40470.24319047267,41304.63479916876,42200.0185683883
18985.17822961123,18899.616705176104,18915.358165768648,18979.03464385712,19026.190611718263,19057.337784819272,19102.2009199029,19171.95814103276,19263.40227732076
6770.617517937431,6831.731619012906,6926.92388052781,7038.917249629409,7145.701797824052,7247.245612626449,7353.84385812878,7469.815918241283,7594.554310261008
46960.592339086885,46840.9796212394,46887.67482644288,47012.73789943802,47107.40587039035,47169.13967676385,47245.615986078716,47356.92914801537,47498.901258333215
-428.62486102224693,-322.63393703445803,-216.4660785695187,-109.6760821929423,-2.2836109088421073,103.67611293879507,206.15455338202494,304.20055950805454,397.83456000065246
10318.052095995803,10521.99630394165,10777.086838344443,11057.974101474534,11332.23200568485,11598.393147555515,11870.71326456125,12155.703245592684,12452.868282319492
72502.8079756152,70519.13341216752,69076.75013392571,67927.6745720679,66784.30287043749,65646.57025752688,64634.22858862947,63784.926690446046,63076.4974158073
1291.5579625599748,1366.2581915641877,1444.8907387080396,1524.803038768344,1601.874855106969,1675.0077110472992,1745.5408327870325,1814.2825484929408,1881.2199909466858
8140.514434613473,8372.872423551022,8638.521608692594,8921.267150781663,9200.208541376569,9473.382635991546,9749.254099330017,10032.442641610221,10323.726058980466
2570.4219391276365,2664.9598197587147,2770.5928685709905,2880.5341569885186,2986.468758199807,3086.551623749825,3182.796743748506,3275.9731224699167,3365.3924278118443
24773.237849872254,25153.803310737905,25621.358534789848,26120.275963437307,26580.65313151165,27000.509561088034,27412.1220047498,27831.327111916697,28259.199362687432
5524.514130239918,5618.4376767013555,5746.9197950639045,5894.1725333389095,6040.063406910483,6183.113028636964,6331.082844881902,6486.749639773024,6648.728571212919
12477.373304132101,12476.180254775674,12540.852254311198,12637.754713771174,12726.000575208347,12804.194482231042,12889.974233685647,12990.754467189481,13104.904650124628
35583.26510576074,36252.88148363188,37104.84093552048,38055.6521167819,38997.370226528954,39920.73326242878,40866.6750103883,41850.904785445986,42866.05327830627
25934.243990173916,26349.366734914063,26836.091142086847,27345.607835258936,27814.211023476077,28241.578808663402,28659.075468164025,29081.715344969016,29509.347776859366
5933.5659670943905,6112.331359294204,6316.204378380778,6532.161227507845,6744.124265637511,6949.363515685325,7152.554454016263,7355.34503064063,7556.443482469312
30256.960673659818,30217.42043785353,30371.176210688514,30628.3433011794,30878.082074042468,31118.91778585399,31399.759077262413,31739.50962349723,32132.797207062344
10462.65264045212,10682.157775913663,10956.402389501676,11255.029620435636,11539.251956993201,11808.086639420517,12079.66519368427,12362.472358755864,12656.454451227528
36004.50411422248,36127.51882825149,36450.039067105005,36886.673119007486,37331.9586427799,37779.06410614011,38268.76336688523,38816.67481945888,39416.24294207454
19252.46013712888,19768.669772711954,20386.4609205623,21049.16522460591,21682.70542489448,22284.287781650153,22887.27330945074,23506.249416614883,24139.40606308349
13359.325556039945,13963.365853637128,14645.74315746093,15377.061682650232,16118.483765897749,16864.498082701262,17628.716275544186,18417.690166131317,19230.944577629838
79705.1783091739,78482.11527020663,77643.24724722085,77022.27239311511,76419.75075324344,75828.01317437847,75325.87408429114,74941.02516484876,74658.60920199753
6537.037924232254,6718.6285992133935,6945.757081986594,7197.506143474712,7447.482801247478,7693.451117648718,7946.077862260376,8210.18364332961,8485.387875337605
56815.20864021328,57004.45336066565,57448.91894531965,58003.00222161508,58485.649109613696,58896.309757752184,59319.14631615181,59788.77764913933,60298.14939901431
20225.19228068952,20977.64775525927,21792.691159141323,22621.77492861664,23398.389920739846,24122.17671008869,24827.139282483604,25529.60941236734,26229.53611739425
18067.29625706695,17785.02334102047,17621.845881550453,17536.01250620254,17479.77688267186,17445.709972748795,17445.22094868986,17480.34450078283,17544.528559656603
13150.836053565412,13388.285614629123,13712.257964179853,14094.335742738971,14499.972456927342,14924.002068832186,15376.685054837699,15861.670496420847,16376.903343982249
6090.738296846928,6198.991181042377,6333.506482907196,6483.573389669998,6636.438948113248,6790.334753723906,6949.2533205173795,7114.7784371130065,7286.3232532201155
25173.431275794144,24743.210364820152,24441.625637802077,24208.153212265544,23970.58738727421,23728.22583169809,23512.158486231478,23334.506177883868,23191.56785121153
4958.043630490434,5214.236306965144,5491.77862282874,5777.564720450893,6054.15100302037,6318.786199113808,6577.811346749246,6834.718637481291,7090.066482265648
36074.1845262196,35459.89108812182,35011.10803503329,34661.52295632036,34332.338902000796,34016.644800425085,33740.49733564947,33512.57852348521,33326.422420592266
49924.792643685396,49143.09227617119,48570.15885994658,48105.0559682032,47628.71013699498,47136.45673486331,46674.58173495997,46258.62285689015,45879.231796430824
21670.487782130494,22230.031635121108,22887.29227395842,23588.958956727838,24263.983244141626,24911.71290376691,25567.409065012387,26247.823257797394,26952.75854121349
16965.076633676937,17200.74785786354,17513.912308450417,17871.682960818016,18232.728944336257,18592.985798340662,18967.38682714987,19362.434630816937,19776.699806982822
6163.679239734403,6184.19878745773,6228.83208912368,6284.989494355926,6336.851738271477,6383.251918028729,6430.048112192193,6479.528093484048,6530.863946950603
48243.34603414669,48177.59511727044,48361.41807839766,48661.80644457,48913.97410387068,49116.13734638421,49341.91714743882,49620.34586256791,49943.74786197356
48081.568934267736,48536.25754684985,49183.01145830444,49910.803726294536,50583.167737114214,51191.54015829191,51790.92311801913,52403.64559324692,53022.55614327287
26770.141284601963,27051.790925505673,27426.824485634133,27847.87447112586,28255.976217874955,28646.15630115241,29040.984510085647,29450.792851699713,29873.81004696897
39941.960696519185,39023.88188087291,38308.955334566126,37717.230617051115,37154.952167159805,36616.460062565384,36135.1198674918,35721.33023313118,35366.597636752056
9988.335977680523,10284.906539270076,10584.304926653493,10871.452150339026,11129.707199079208,11359.958490676145,11570.502068352389,11765.120397012344,11943.562519613599
24237.95905768261,24256.0009343268,24385.457562540258,24564.356748564496,24715.047353807448,24838.530420167033,24972.2856492228,25131.885225913084,25314.805171218908
24644.37203988662,24686.096487469313,24849.339067080975,25074.637149652597,25290.28675160182,25494.285387972806,25717.256884070917,25970.863227598984,26251.26820464778
13041.715123531447,13405.521135640856,13825.166147590153,14263.528767910626,14672.564321254504,15051.958954164875,15425.620021639474,15805.47973113064,16192.67659136731
32492.986074896588,32671.843644775938,32949.49803728139,33273.91373339061,33579.44310585229,33864.85130065378,34159.9379801573,34477.55864538045,34815.40337431904
4377.89877791011,4531.044986095967,4722.786210372103,4941.224761394711,5171.766983358354,5411.13449896575,5660.712224684679,5922.837541068665,6199.117272581007
40092.098851008435,39379.039117150925,38897.81583124954,38525.81387471889,38117.2483239692,37673.92341564113,37261.757981107505,36905.69782786543,36599.293538212536
4304.351434453523,4434.758323374872,4578.511479245539,4727.980914659404,4873.66602644572,5014.672276040117,5154.923377016144,5296.474285041756,5439.400748757074
25789.86944756559,25676.558102890234,25707.610709093755,25827.070151177435,25967.91741289428,26125.09778892643,26322.692144795958,26568.895533490482,26858.284041336872
10396.7578716541,10780.251231164255,11250.688041340278,11779.467026653558,12328.040425281004,12889.763305938772,13475.778229226069,14089.354932462442,14726.70172864538
5218.467370341894,5491.950809466769,5787.269965304896,6085.625106554638,6362.491177925623,6616.842472204428,6860.360993252428,7099.373387911946,7335.1870248287605
68209.47701747042,67512.9397151078,67176.9134964674,67059.09596247558,66991.44259976283,66960.19995369013,67022.91543240263,67197.94965985278,67471.37002555741
10755.255537363386,11011.441179851277,11286.557732751075,11563.00680484621,11817.50463672203,12048.870587321286,12267.696928926243,12479.668605390369,12685.433982544495
11549.082602116076,11743.956189080312,11999.372620000298,12290.18713881833,12585.798573187052,12883.64119148161,13195.23838725038,13524.988954525708,13871.045569740614
8877.718761673743,9050.980830626793,9260.1928238322,9487.19342685016,9709.017372850389,9925.658036146766,10147.404056418849,10378.545289304488,10618.933328774105
44353.03758724074,44700.515858778366,45252.41890774046,45893.56587435009,46476.84396581889,47001.561925179885,47536.61262190521,48110.72262358829,48718.42407924325
65107.28058901061,64588.12101220477,64377.73695969948,64318.62997697508,64218.06906262153,64074.19278869655,63972.25641272703,63945.66586617476,63984.874044387056
11711.485328874987,12097.933287039725,12485.328848650666,12847.017032265458,13153.188470850502,13405.9363981526,13622.91930358719,13810.960074462619,13969.902458382505
9711.662198601965,9836.166676448465,9999.833414266861,10182.023099759375,10357.770387203178,10524.493970362351,10691.262041056958,10862.548944726168,11038.893713298456
21443.835375432613,21675.49002132037,21996.58187171966,22357.47859469699,22695.764983942314,23009.465856517483,23326.48042458778,23659.630361395848,24008.0335846469
1499.499170092455,1544.6199357668183,1595.1223513198179,1647.8672479926897,1699.9970939373663,1751.966144174814,1805.0894083139647,1860.4896147789814,1918.5553764609817
22505.78432939639,23121.121145149173,23873.59842962921,24708.13105882794,25554.29778542041,26405.53500094484,27288.85728224057,28216.02787500133,29184.675849796153
31986.886115383255,32503.19950941336,33123.44304267961,33779.7009716819,34383.94771870606,34934.867890280846,35474.51530769596,36022.55035894625,36577.87984781538
21955.22483078388,22255.4862991506,22669.039580058416,23149.564415168035,23638.165577487936,24130.814965950794,24651.046999736387,25208.67972066769,25801.15399310512
9915.946441082955,10257.093369990584,10653.850080533268,11086.479773614368,11529.142573979432,11980.92162967856,12452.147070157092,12944.854272842784,13457.38466698462
5073.954943215554,5396.993906342268,5753.0573698784565,6127.23107511734,6497.625853791687,6863.076078898804,7234.187163262721,7616.252457921411,8009.453143891725
9714.707646869054,9971.407082165306,10258.682341033304,10560.401482884852,10855.200588574871,11141.795782143103,11429.452615798296,11722.53948621302,12020.640038076483
29450.022573365557,29494.9280046368,29604.62433090751,29722.151023251492,29777.80259681062,29776.55086086434,29751.520512812716,29713.273345357666,29663.646384802945
26205.028296228254,25814.405357349482,25582.166972426352,25439.292424097774,25303.746174439686,25172.99855128758,25080.264524666836,25037.561292913826,25039.70524492899
24046.016273944453,24244.26632703392,24511.91152302119,24804.187700728005,25065.546239941603,25293.953376429727,25513.819762719708,25736.365376543567,25960.62955855643
75743.36016288916,75137.91570920612,74844.43369068077,74702.04014783715,74514.59311243576,74268.52137788002,74035.91539415965,73842.01043596024,73671.71052060185
16519.00472498475,16734.456428817095,17045.70542448449,17412.668133296585,17785.81464217315,18159.632914769485,18550.940125576944,18966.138770476624,19402.178008474897
65346.15909374333,63944.29726376638,63009.07283244169,62291.29509798222,61495.84530171595,60636.36842806859,59852.03732694851,59188.44163961409,58626.47998894767
4943.208065387623,5063.55846041854,5209.497152398152,5372.816958234418,5541.277215983857,5710.019352713385,5880.498383290785,6053.223358480731,6226.975937624484
20142.481930274138,20061.039233552918,20071.495365519222,20130.94926775785,20188.040931822154,20240.555752084423,20309.156995141362,20401.738387235007,20515.657919554895
28644.729932304013,28476.75301287561,28423.022970299826,28435.11729978006,28454.296383102464,28476.71910542546,28524.47886417684,28605.9435310054,28717.290384825355
8326.161112993597,8350.217516773313,8421.175129162524,8518.582718969672,8617.143071916147,8715.651448953135,8824.443061413554,8947.536010700716,9083.569307243582
1973.5987464243765,2092.377104278606,2222.5637945515637,2360.07453039556,2499.3689800354214,2639.5562417005103,2782.735353484211,2930.013028098936,3081.5091355077216
58253.08051128611,57403.353574836256,56856.111275026095,56480.72864533492,56120.19812061509,55766.578149727415,55479.03528124881,55276.303481447394,55142.55638886607
58095.02121253393,57835.189342344085,57890.469941789575,58123.56252864582,58365.557615429476,58609.950619259995,58926.14301563368,59340.47493532122,59842.56851485914
10948.02757644004,11550.720107602488,12157.586683462137,12749.497180634484,13302.184883299393,13813.305650694372,14294.292334029622,14753.497108034799,15194.799005460827
17890.846770955242,18724.46312733183,19668.28139179471,20673.60363520456,21674.1123501935,22664.205813324774,23671.740830773142,24709.768865233935,25777.222860457627
723.7522313367625,755.0830608043274,794.7885718921585,840.155486564739,887.0593720236269,933.1588319862652,978.1061896639525,1021.8990394357995,1063.5204717884606
19891.511711606065,20066.289058372593,20319.954470246095,20613.991776015664,20899.669032192094,21175.373856509468,21462.59415654802,21770.655946988445,22097.996585074434
5755.681858283927,5869.578326983641,6000.1022628822475,6135.784188348898,6262.020379148908,6378.32945484422,6491.518189091371,6604.999766916197,6718.919202619104
6466.82428426561,6638.25945691747,6841.134490588752,7057.709035734237,7264.433602133913,7461.501989430446,7660.635181562979,7866.5623941386775,8078.585558919832
4620.518300854569,4802.271043289418,5001.063216055146,5206.474985742669,5403.941568346952,5590.900079590705,5773.637927157566,5955.665462022076,6137.2541118134295
75977.02835749075,75593.02184589405,75569.72219157845,75772.97279195125,76038.17335485095,76353.43575491493,76779.83858630512,77339.8136729146,78021.39800150471
30314.051786569275,30165.659231696984,30174.419692046762,30269.94800964031,30365.564681099524,30457.95181159639,30582.45528556553,30752.55088143819,30963.07978738906
26301.336160244846,25908.29684218748,25652.32299400561,25467.42774838107,25275.42973826491,25076.361824737753,24904.73103517036,24773.296658951695,24677.796185395327
13169.743738443714,13144.454826282403,13190.235942882182,13276.329292589706,13365.266147024437,13454.662561093706,13558.943662604901,13683.692734296354,13826.931964381025
4968.1595582672335,5264.5085070962705,5578.563138358365,5895.64993500993,6197.278033560898,6479.56254432751,6747.323071988687,7002.845449335968,7246.819633997364
68912.2156052865,67814.46409049166,66982.36935785096,66258.8765959133,65454.14501654271,64568.488306523715,63686.65720574897,62841.81546610903,62024.90136682154
8970.548630270629,9194.559701398606,9456.967321992332,9737.456473927024,10011.103556674461,10274.26795369407,10536.009343272386,10802.252907621858,11074.143762407253
12757.967539170026,12682.4053614579,12695.134886467116,12760.821848703386,12837.711612127843,12922.068569800153,13028.010744517322,13159.668100207795,13312.909666167308
41748.977820416774,42537.341573962105,43514.84195518129,44588.52194178503,45638.265281298445,46658.20472443665,47700.19360176463,48786.675123440684,49912.87886543603
7490.311731278048,7699.783928901092,7955.0672764621695,8231.046465381161,8495.512882985082,8746.113347678156,8996.165393285048,9251.294161250467,9510.324981942817
73202.08462613144,71977.30394208731,71245.26472578842,70815.30841922844,70463.74174271239,70174.1523750012,70023.7472368195,70035.78111396264,70189.24489464649
11797.713124624133,11993.410515768544,12239.557871288438,12509.881882366786,12771.360125404792,13022.649125602766,13278.362358553804,13545.639271275364,13825.048306136261
49017.22248630054,48351.37204948576,47883.38679681922,47518.41758930219,47147.00443439782,46766.696196181845,46421.602779701956,46126.2960356648,45872.33808268576
2638.2577001233044,2739.5461924656306,2865.401727044447,3007.365385591243,3153.6986172255083,3301.981514267875,3455.5442793281054,3615.588585798129,3780.8319156224657
42687.68732531717,42412.465099216824,42325.52879697672,42331.49696846432,42314.89438146351,42274.69021560314,42261.88818014893,42296.09032197525,42371.46676543865
68983.48428064336,67399.02498259953,66259.52674471942,65419.93922818944,64718.15907719072,64131.516669382276,63699.360705687795,63426.31783334343,63289.07471487622
12491.227483611936,12482.471244456025,12550.035397752768,12663.013964198557,12783.889978232228,12909.873826496416,13054.791334705205,13223.74219845958,13414.433885234947
48111.707704719905,48370.207677953076,48862.635219762546,49486.34519282693,50113.80274538004,50735.46108783004,51400.0048460119,52126.587261313645,52906.781396469334
4224.250295002342,4369.76082991508,4545.857008005431,4739.1791902551495,4932.645412606971,5123.954945065386,5318.7758338690155,5519.219214067077,5724.139625966948
2485.0441133389263,2481.841272506695,2498.406264916893,2526.861737024957,2558.3622798387887,2590.273793919661,2623.3171093736087,2656.8343932335015,2689.0386087515017
27612.86462797215,28067.192497911805,28758.60062696551,29617.495809653195,30555.65235941626,31564.778711931824,32677.17409737737,33905.14485393133,35243.109448775525
24813.025188635456,24702.778410444607,24702.226330429734,24762.49609247648,24823.97950176436,24883.932664591834,24966.37612822929,25080.715364509488,25223.494183653955
51425.88044234245,52102.7491193369,52949.395944463075,53861.080804264886,54702.791202761866,55467.01419810031,56209.71056331299,56953.836914432235,57692.02130661402
5592.859916990575,5676.780706696094,5785.8648900293365,5908.616822824082,6030.7923849915005,6151.326331561357,6275.751218076836,6406.510162368452,6543.251371038422
88885.31196607272,86938.76322801874,85530.42904577353,84410.3319853535,83283.7806904405,82151.09811321908,81139.70689916528,80294.80307018357,79598.00947954466
27050.44597580496,27243.582664185455,27527.409462583128,27852.47759542891,28156.85182123002,28437.65317633499,28720.971523940134,29018.089084676805,29326.7988441608
6587.975204880012,6753.914854055343,6967.2889690839775,7206.2301392395975,7442.08892893592,7674.044229630416,7915.116269767831,8171.963530030391,8444.83208375804
38383.27845568127,37626.94969362235,37130.73599481659,36756.340572443994,36338.06193625128,35882.866830108396,35469.12651063126,35123.860612358105,34837.79012235567
15748.733495563074,15935.987987346723,16167.956793293677,16412.464030042327,16628.869189563837,16817.629057001086,16998.733677178097,17180.879316319428,17363.421537904465
52343.62529521868,52247.76634341585,52318.28391089825,52452.04174456229,52522.30448677303,52532.22852055002,52543.783900705435,52582.67548937897,52645.13259927766
39383.416481229266,39716.47838328108,40244.29042975898,40850.36943967854,41387.184465581406,41854.70295406602,42321.69831539653,42815.880813239695,43331.339087425586
4358.167270804906,4521.463215132356,4660.787016550697,4771.942858943148,4850.828791783402,4896.945759802693,4911.583101312352,4894.098654062104,4842.795937366202
12099.116246288893,12241.102634559424,12440.453053470259,12667.202900458227,12882.519777275824,13086.164078023834,13296.568403809271,13521.809638783398,13760.975740308962
21461.79563348271,22358.98119672317,23319.67842212141,24307.594276965185,25272.630867374708,26212.940181815156,27152.8256669669,28104.48931066012,29067.682378518773
59174.6540037101,59240.13861142284,59571.49469144136,60042.485533960935,60495.084557780574,60924.0008660401,61395.715167029564,61936.60389430783,62538.21530835501
1109.2537829801884,1208.776832113001,1319.28777809731,1436.958903809976,1558.297123981463,1680.8138114155254,1802.89525498264,1923.4445899840227,2042.0026190849273
2158.252372135663,2254.5870702751104,2353.4059048720383,2450.8160313290878,2539.800768371351,2618.660490851859,2689.027938824087,2751.0405011129305,2803.6983115071457
62907.25583705178,61822.733938291894,61067.153636037685,60509.01956606296,59990.87270996603,59505.104198380235,59111.76884519668,58831.64750728163,58652.45086652765
15174.501629094855,15238.777872607416,15366.576227206942,15522.50452295063,15662.27031032675,15785.787411470732,15913.770763501605,16054.76494340929,16207.096472738933
19495.872001243224,19198.059890991466,19034.680155751714,18946.068855179376,18862.373825373215,18782.718894187256,18736.203369803447,18732.531695868216,18766.77020160415
66443.30283565143,66170.14958993645,66230.86935626819,66467.83001227104,66684.66342272972,66881.18436535151,67147.906079377,67521.66192168083,67994.08370351294
4742.233993772566,4918.235809707003,5107.586930680837,5301.025766679624,5487.1001370750655,5664.370370137183,5837.570895250479,6013.314455366187,6189.385796201015
5360.860197198209,5744.89750308969,6164.655012371474,6610.371606296543,7068.650444965445,7536.658673915136,8018.638576020719,8517.342961323991,9033.550658496706
7064.283264166966,7252.993240455922,7500.671188703701,7786.83010309476,8084.899739583358,8391.65861076776,8713.006422545513,9050.2447439321,9405.485160341957
31057.965894339224,30588.676674713388,30318.538556062755,30167.108553796726,30038.31334702335,29929.081976678583,29877.596119289887,29896.286180801017,29977.68876497053
25979.172121973952,26250.79717293595,26623.715222429328,27051.563073589554,27476.314452334085,27893.641112934143,28326.32665207463,28784.256275010808,29264.881383535532
16833.05192700608,16829.630044758105,16942.701544705258,17134.793295144926,17360.956159068017,17615.88673032259,17913.62905449885,18258.724862240062,18647.323124521292
50622.47622482627,50503.187789976735,50661.95788971932,50979.703543378324,51310.9154093403,51652.90209450063,52068.86201100334,52583.153899365505,53187.65112425804
48141.13389496536,48757.14051445431,49695.65644906154,50807.13675218756,51901.1637749953,52964.553901547995,54069.77593747938,55240.326541057424,56458.42207854058
17097.587404310983,17204.189801319342,17410.937254163047,17661.079560256396,17882.12521222008,18076.683404889845,18281.4343758352,18510.911670733643,18762.6189985851
18120.81950615558,18199.680073301977,18360.94610045669,18553.73023164277,18715.834659722375,18850.02181961123,18988.162728143,19142.638852589338,19311.1999668701
8796.632221193322,9036.311376639502,9281.811961056159,9520.972161237596,9738.772475409203,9936.1949265492,10121.487954399461,10297.400796204774,10463.392048171485
47221.47651941896,47425.17843733927,47828.49504973722,48330.61967630631,48803.937918351374,49244.876817096185,49709.32542876963,50220.32857939325,50771.9618546946
11834.084176950862,11875.488680402921,11960.164868533404,12062.825927573225,12152.49423038992,12229.233061959594,12307.655232484101,12393.886332266271,12486.993471136167
26064.395800332015,25520.80867532702,25162.637461131042,24913.18152408152,24684.333950981723,24470.844379490813,24304.139691649012,24194.168941986445,24134.113772742196
23016.18984938726,22773.956340996214,22658.537043225522,22612.16541748836,22565.192431037387,22516.06122702696,22494.2147398493,22510.888583811193,22562.32813300334
15247.219106009525,15363.143322794644,15575.231571913442,15842.507685655024,16113.940639781724,16386.606472141568,16681.30902026289,17006.713915489294,17360.928534468963
23693.396034239744,23894.286453122506,24211.972502929093,24603.147000733177,25015.01066532588,25442.258009089634,25903.43637087588,26405.707210238397,26945.704945911402
14395.384249662418,14916.603971065211,15463.50062843931,16012.061398045453,16531.767204633237,17019.3982164628,17487.07939519373,17941.031511895973,18381.413882181805
-4334.61022576667,-3503.6699724901696,-2649.782167901811,-1744.310824353036,-748.654507386541,378.62000046836005,1627.7509702660664,2935.107614546884,4270.0179774796625
15527.9866950249,15561.212858228935,15695.46688902569,15887.432148489244,16084.179285834554,16283.733407748437,16507.985539217807,16764.895335074867,17051.167574277704
836.3197820244901,866.0239298040068,892.7513052569262,916.2431205930392,936.7382273466646,954.6887339806096,970.5963084104349,984.6700874350216,997.237290113922
16135.807824689406,16405.699394895364,16762.840683764687,17162.426952847098,17546.711365574512,17913.789845034866,18289.559768761625,18685.135296037046,19098.668026955165
10317.013685358583,10408.326005194995,10550.264294136712,10719.75187677873,10888.598613229216,11054.94820322166,11229.774235164516,11417.207405374846,11615.622066467178
10736.584130814757,10895.592056449872,11123.950923740764,11388.573872507483,11652.616791009305,11918.13267329386,12202.355662539117,12511.346267173607,12843.896914685723
9631.664985899513,9974.480224723142,10364.491836500889,10780.29586593067,11194.92613043707,11604.068243048765,12016.210123668183,12435.562274916234,12861.960165703405
11548.340761713906,11732.072424636764,11956.07756003851,12199.108787310697,12434.187975912035,12660.357264892556,12889.766552128172,13128.186768426369,13375.41447328145
16361.713421368477,16601.235479149203,16878.876238243392,17170.80166146368,17445.894733653768,17703.548866192934,17958.654201379963,18218.524343960995,18483.154516226004
31494.789605633796,31456.186940683365,31556.426426761114,31724.090462974673,31873.099042535472,32004.15293933958,32157.422973714976,32348.84117062312,32573.835682299574
28470.933455170423,28288.44561273418,28328.759846594246,28497.646369557384,28682.123169484265,28875.084099460964,29118.098392480784,29424.52550988232,29785.337449978735
41771.34434897635,41624.07349947149,41626.74727258061,41691.81331797636,41711.32238684423,41684.47531911577,41660.24710715297,41659.089263228976,41676.89240123497
12609.054437709929,12656.157869237748,12770.851463469038,12928.783201248896,13100.15862607185,13282.01923916678,13484.637634493045,13711.75035187149,13961.13813947013
8069.469492283427,8165.491097243207,8304.977562909562,8467.415565515737,8626.599012547806,8781.612145093051,8944.019704068958,9118.842445843145,9305.306891074008
29701.64288158291,29255.642962808324,28973.43526643851,28751.00922070374,28462.27023501236,28116.421038024608,27779.037319515846,27475.013944935752,27200.002348330145
6174.049242912978,6279.497945169278,6409.333806466221,6546.467386997681,6669.061897947889,6777.239526886948,6881.913463554287,6988.2944347613575,7096.744999652542
13842.714986613295,14417.718024117172,15062.182259865149,15740.68591764529,16409.87077768285,17061.264522031397,17705.34079597545,18345.684174053757,18980.773779604322
7995.640613412353,8159.74090538058,8342.291086474874,8526.938767474508,8692.290076139161,8838.778622123538,8977.741253509043,9114.993814670668,9251.164443988699
58276.313662802335,57567.56181371676,57149.01792374898,56879.335262356195,56585.7886290768,56266.50514655869,55996.87574219505,55805.65440291292,55683.16154346475
7050.905297344041,7360.507154272018,7736.912694001757,8163.664536309397,8620.28960493018,9102.407531283081,9615.296089765525,10161.48194121124,10740.57844226043
19034.3836323116,19348.397419130604,19830.78704632568,20426.18357939165,21061.186698227906,21726.978129989035,22448.164333438082,23233.138076091378,24075.945675979732
39884.79780391636,40604.49068347284,41481.19910300997,42426.93163119429,43332.09529511016,44188.73849597095,45040.46152671495,45905.63731007603,46779.27293350002
48115.20272793744,47351.57202210618,46880.797536761136,46556.78480825023,46208.17112671972,45829.37601805435,45487.915602037836,45206.5286922282,44973.3360627613
25364.549951160683,25435.513409329647,25612.424342867613,25848.20843248027,26085.838922268307,26324.16749663774,26588.28258474447,26888.082012197698,27220.828110639122
78150.24035579295,77183.93770238724,76632.46942464347,76290.67569786073,75908.40920522981,75483.38726882281,75124.37176618453,74871.55146987553,74709.70355610708
31041.378725033996,30686.724403541208,30464.35622872649,30311.868706739882,30151.805763142704,29983.781570011073,29842.250554262697,29740.563202909947,29674.394430896227
8106.140449868866,8491.390626104563,8893.910341662047,9296.066715912259,9674.538973349587,10028.499846019002,10369.740399759643,10704.35450897466,11033.158105203429
4450.055316709714,4549.549359080197,4674.348981106709,4814.157765157855,4957.7190552552765,5101.6952243044825,5247.025666662708,5392.900425899695,5537.1577443264805
74236.74299074494,73243.36045201484,72588.31991411422,72115.88382281802,71640.00676291918,71147.57620044384,70704.89373963853,70333.48264432097,70017.3496236139
6934.893539898677,6966.335286018876,7022.850901619315,7092.8532388614685,7161.777041563043,7229.100347511547,7300.915503354567,7379.920283915904,7465.705173418741
10926.25478636378,11117.702312663841,11372.90921242305,11668.546352612544,11976.342799991504,12292.105617872849,12624.04557836643,12974.86354935708,13342.473120419892
55634.823489143804,55042.09113760091,54757.174807399366,54625.04414814496,54456.46727488219,54252.807657939615,54100.670834281045,54033.61212616817,54042.76870121163
2933.0585659866197,2954.094954046973,2992.319543260406,3040.5514520487504,3090.1583332204978,3141.0292582622556,3196.823435952501,3258.4252457705707,3325.0875187105767
45038.99212339133,45642.80385133621,46455.33146277296,47359.46296258663,48205.50789997407,48988.956015406926,49776.331881715865,50595.396184080426,51440.01320517203
1992.9673958197145,2070.6238949321337,2157.138595328824,2246.9452970555108,2332.6276290917485,2413.6928394663,2493.409503189852,2573.448103785738,2654.2366783914495
17437.65140121372,17601.786808012766,17859.52123648005,18172.562515634057,18495.04360596883,18821.717449037667,19167.903127834048,19539.815766335178,19935.542563153467
29431.713322462303,29275.5832739704,29230.81111785505,29241.90710199464,29239.664182262193,29222.962481803104,29222.645044093086,29251.571363210158,29306.8881215818
4397.556198690619,4566.545454558753,4767.05756565779,4986.30323956086,5209.219039037847,5431.924036266252,5657.086148934615,5886.059596789428,6119.034193355517
1104.133678039491,1107.0708676268462,1107.615494524923,1103.2776299360178,1090.8964472375071,1069.1173868096864,1037.8834798917107,997.5532031772926,947.7131500655437
6553.2682276393725,6701.829502682504,6872.577074870631,7047.49655400392,7204.3548008473435,7340.833577688019,7465.460793579543,7582.856815267755,7693.958451305908
21212.98257038609,21958.920623895574,22801.688843211796,23691.40488402502,24562.38480476022,25409.84445988506,26261.531958011823,27130.197783484648,28014.298947321382
35354.77204974027,34910.787977638305,34655.08067565524,34474.64898215604,34234.886472195416,33938.18732875744,33646.996686007646,33385.60690959538,33149.62638557574
24611.331364742025,25018.094554186675,25622.211771297552,26354.007299065986,27123.746424464633,27929.42637220179,28812.179890132706,29789.663067520276,30859.411102447717
17379.854010265022,17518.60966833551,17730.320009008785,17973.22957538922,18195.095019931316,18396.9760863792,18604.321480156257,18826.671158820962,19061.83067860099
52475.86514818385,52074.58630111574,51903.52144717729,51853.77035524033,51792.489245064295,51714.988784274385,51675.65422340078,51695.11999525469,51765.413119962905
43945.99042339228,43827.975400094365,43952.512184336,44200.63150594932,44426.11187347256,44627.899393677966,44871.79008185474,45183.63096961027,45556.502752249144
31909.802121946122,31806.058164765265,31911.017267665833,32130.93316471053,32353.780142694537,32573.32579434516,32833.207053109036,33150.212732472544,33519.79282612991
6598.538280999587,6677.654433853673,6802.094750543434,6952.665921842762,7105.423039291257,7256.8916691837285,7414.333360412929,7581.070516065985,7755.444075949299
25414.514041910057,25191.130877294083,25105.87047406848,25100.3059065083,25107.843204011788,25124.104458340662,25173.534382320147,25264.701740744484,25392.58911614688
1996.5360757937374,2103.0092986391824,2211.1636188247608,2316.4638992709492,2412.867283486233,2499.3854028716355,2578.5568685250782,2651.9877918669595,2720.054373185382
22687.512582630294,22942.356538888682,23292.800403197398,23690.33739108897,24073.814556266243,24441.246514970808,24819.67280565692,25220.27724234735,25640.48491360834
13317.447526121608,13648.264911829805,14059.669649252633,14520.070762736323,14988.636167749406,15462.019100556672,15956.447792002897,16478.91077265151,17027.664477747127
79193.16511920701,78144.87193231586,77491.6608342168,77031.22993442033,76518.54269612225,75950.17199820963,75431.14599285038,75000.61427067633,74644.30460575834
8523.458148074933,8624.204875835738,8769.19680223182,8938.04079137414,9106.695964102786,9274.266112303638,9449.592393771041,9633.689153925814,9823.535372020115
2571.6185727507045,2620.057161923318,2681.3283171901794,2749.2779051241346,2816.055266411507,2879.52214583769,2941.0206125231575,3000.7102073743804,3057.4456653689217
17338.71917404501,17482.82716940294,17706.511947373187,17962.80576107553,18192.83581129227,18397.71288168496,18606.476393952984,18831.08026192603,19069.751063355143
11990.524250982846,12216.860853885617,12493.367477342246,12791.54044967163,13074.055866516184,13339.771723773649,13605.62880289886,13879.097011641255,14159.495823941419
9069.740022103984,9185.574021924358,9358.650960844408,9567.770999385342,9787.484948643789,10013.426487445387,10252.236863127644,10506.325581841893,10774.036283088077
6615.64524092727,6863.742641024028,7153.5923984808305,7469.647738474854,7791.21666820101,8115.609970046216,8450.349256398415,8799.186759472295,9162.009795483162
23666.166587024014,23805.41577511405,24058.53718532844,24371.142736831895,24674.613489270967,24967.041520539464,25278.630216838814,25621.911766737336,25993.956520755317
16252.687290262014,16367.845317996409,16574.23841633193,16831.376468070866,17088.063918585915,17342.542556105072,17617.01940162592,17920.630747410112,18251.20707670453
14943.701217496135,14648.612789729215,14455.394188757458,14320.865005497184,14197.252893358747,14079.459448803578,13981.480530224171,13906.551895128667,13849.63261424284
18328.1319356459,18596.385295998603,18926.791843385698,19277.167745896044,19592.720297390875,19873.71011692294,20147.381816080782,20426.088805050204,20709.022253994866
9136.705721649383,9354.86440230888,9583.711971458315,9811.165778169627,10022.929631285197,10218.163869875201,10403.35458585875,10581.838161393867,10753.369243963054
4597.179701678243,4796.545081098002,5007.643654203572,5219.741850921573,5419.2473309489815,5605.4800733072525,5785.209993261662,5962.55859352696,6138.436797085251
12096.875084746289,12336.795615732599,12637.932066457448,12969.498174359753,13292.086311616547,13602.844804874101,13918.794499973646,14249.028485333227,14593.624386812175
1632.4909907139227,1674.2792615900998,1712.015605490249,1742.3436578576395,1761.3428765024535,1768.6133177266024,1765.7316391419165,1753.1801817394862,1730.5396027624204
15653.727800951587,16500.0503066885,17386.45020046088,18276.663474265875,19124.075576381925,19927.397147775508,20709.14990670347,21480.59484797102,22243.315648118736
21007.012984496625,21153.70718996413,21428.23571997861,21769.21805154296,22098.922768934135,22416.937781833327,22759.25576786993,23140.42567481632,23557.322644241736
3546.3464092109366,3731.0580953888257,3931.3191949962634,4139.945783648201,4347.043168734382,4551.582440434225,4757.844575521006,4968.273516564467,5183.226675282729
70999.49273117901,69947.19092336496,69180.32160685565,68554.89223765375,67899.39130790041,67208.96448897381,66553.6563079515,65958.89050448827,65413.32513245804
15724.426516320402,15878.522589888094,16088.749172499576,16323.745929180923,16543.371480510672,16746.781218565277,16952.31590033425,17167.993641407582,17392.64783839195
13861.700475896077,14083.071427214607,14355.41504243572,14647.637553068775,14919.805626151368,15171.379165028751,15421.363058889396,15678.461757752828,15942.26093793795
18385.813189490502,18213.317850859137,18166.315455463555,18201.683108272468,18268.575890281965,18361.373958872904,18495.67620382416,18676.00426791349,18897.316331154852
9867.023977434535,10152.838626786046,10469.180655552585,10799.708344570521,11124.01877294477,11439.9448977457,11754.963176797226,12072.057180317172,12390.242628132759
13863.15299029166,13946.942238997966,14118.6792068539,14334.200766650481,14537.429868720967,14728.615782567358,14934.421704225822,15166.008883199795,15422.217290699358
19702.667943932527,19630.12434526832,19654.28788506189,19719.775577479042,19758.875454778812,19773.922157292553,19798.34626981282,19845.093867670454,19911.392806712705
1837.9572555019113,1852.484935036269,1882.267369058945,1920.8982629568602,1960.2773761670214,1998.569402135042,2037.5261761075565,2077.5869143911377,2117.8129360269554
4347.372011282894,4448.014893756087,4570.888757730637,4705.92832720425,4840.011202808773,4971.968667937055,5107.1444186868675,5248.135846532717,5394.837902302429
48714.840742076834,48195.21435199584,47926.26597537077,47782.45576853202,47612.201390892886,47413.3122237201,47251.285024463505,47151.53219102348,47106.565769040084
52688.375597556085,53289.22997318302,54030.56577381729,54819.731732014654,55539.66018427681,56180.47542634322,56786.919627678166,57380.70957449948,57957.29055774852
9737.98296004718,9895.323700449728,10086.990754991213,10293.170864234107,10487.495958648942,10669.996276564705,10853.99760251676,11045.818375946477,11245.533884686069
3870.745405379859,3979.6563111196338,4118.055341939712,4272.703406500641,4427.0046518724075,4579.074787227536,4735.063860433446,4897.711407146824,5066.6119819495025
35190.02658386256,35415.25863752814,35764.87854522248,36159.55629873143,36500.01958020724,36787.80891623188,37071.987052389544,37373.451130263646,37689.49994104098
37923.72489284845,37689.64338474464,37628.08367888063,37641.87513146313,37611.416331007,37540.01436673767,37486.47446248049,37474.87577967467,37501.31824750079
10689.428372165208,10757.640305570745,10869.476442970785,11003.01549657202,11131.680709481754,11253.466033441546,11378.559702411369,11511.275449962473,11650.53684935792
30899.65536813312,31378.193043414365,31986.929188096936,32672.324131847403,33366.05924108215,34063.06589749562,34790.546696528385,35560.333928130625,36369.77699967227
7620.298369176266,8298.977402394426,8913.699806989633,9468.499310484991,9976.365236606322,10437.851737163719,10846.402660141446,11196.070587764385,11485.1832242879
3475.3093133570464,3541.459287146005,3631.0748792509853,3734.249153711505,3839.0322378574906,3942.6741992956927,4049.4884303911804,4161.272395546127,4275.636587288798
35924.06835376183,35529.771431669,35353.429301494485,35288.78869998112,35207.64498722774,35110.78476909184,35055.69064355139,35063.07693390297,35125.33479498229
5589.689164697086,5562.452850360707,5584.33552745703,5638.473097382389,5706.836183456095,5786.558086186151,5882.095809769552,5994.055621691816,6120.384326117635
8153.010975048958,8466.819590425855,8801.25361146816,9136.62910745546,9448.36751416322,9735.210658957456,10008.164630763287,10273.05409349935,10530.674923373852
83079.43318430746,81839.17942734672,81029.21736130251,80437.14070000738,79810.73633338454,79142.98091981154,78536.04199053325,78025.6695490592,77593.82689974869
16600.709362464328,16947.833926359217,17358.17948808383,17796.661452332773,18218.769622764383,18622.102343126422,19025.961048131478,19439.71207969401,19863.327242032974
2439.11426544641,2509.361067276746,2597.208246850685,2693.837039860261,2788.3883626073416,2879.3594999783295,2970.2075677996195,3062.143107074449,3154.3004248952657
58018.46200690633,57252.79111323392,56862.332234369664,56672.019991785164,56473.86596695959,56270.27397648956,56155.70377540256,56165.07446935568,56287.8003626529
13853.503684322306,14160.760601725944,14511.163677698663,14881.089041360703,15239.907220370333,15586.448451248794,15934.617295344946,16291.170907527641,16655.98660004151
55699.5434680082,54984.16469057088,54576.874266144616,54347.05611333001,54140.18871287044,53945.9774248504,53819.804160048705,53779.9916078731,53813.65329608959
28245.634355994483,28101.073351557574,28080.075490957417,28119.34681796577,28140.388404806014,28140.92377175533,28153.62945311755,28191.95734975025,28252.930121105495
48310.054639957794,48012.53358735288,48022.32252426491,48177.99758177938,48281.717575359304,48338.046990966825,48440.89463887773,48625.93178226382,48885.82086812533
35618.49866145038,35787.886672800916,36119.38137537251,36533.70795750841,36930.5214878302,37307.672670848166,37710.22138427499,38157.355305001736,38645.47580924351
4757.563079359755,4852.0176957965,4970.601756365899,5100.495248935709,5225.386150909484,5344.391565298822,5464.450055116437,5588.834406198107,5717.760667811
55017.287539923745,55537.95840093462,56249.179650479375,57054.03596866494,57831.522246860215,58571.10340951778,59317.398766288534,60088.353585637786,60876.86429996943
16915.383083822082,17118.344340802996,17385.42766652815,17685.092497913865,17976.698836000363,18258.735872862315,18549.22333887561,18856.20033416688,19178.44844497079
5016.973585601295,5254.772927760887,5521.807823215008,5798.861711589737,6062.197549299813,6310.507535518882,6555.101984785606,6801.700590479958,7050.793667022026
30797.491002830942,30422.326829064255,30237.2924564849,30158.602101162218,30086.110531379996,30017.630946877427,29994.726734352036,30032.132892639038,30123.236348477334
31662.857249076395,31982.373718434912,32506.120870285984,33133.34297386998,33735.89604338482,34313.502161167395,34926.64774697125,35600.496221367284,36330.77094425566
21572.29588072553,22026.62695746298,22516.41167949139,23005.474762949107,23447.21366002147,23841.009620939883,24209.749719249765,24565.09189677354,24907.626432878722
12205.921890920752,12451.655386982773,12752.444302998509,13078.624404380254,13392.920170829106,13694.276782238405,13999.386158184983,14314.824355531646,14638.972556763028
3508.1286716013265,3654.520251294874,3825.7893365479454,4010.686973725984,4194.810342305645,4375.937098961467,4558.845881419035,4745.631276370553,4935.936356738134
3979.1924917682713,4086.300049068952,4206.869201032614,4330.643569966018,4444.248845015734,4546.76469191689,4644.518849731869,4743.392959938584,4846.686853287432
20833.46129244426,20947.853196131247,21167.84176262719,21445.703022006393,21723.414315108043,21997.925901490908,22292.486383869855,22615.66712865006,22963.78122044436
17317.34105830303,17567.40747450951,17851.952659237115,18140.805328408063,18393.82703949179,18612.092822432896,18816.978310156202,19019.237469708263,19219.63606943066
14143.233806099252,14366.342144494025,14648.586443949946,14965.997327708983,15289.689912977517,15617.465114695784,15959.94938518181,16322.183691311617,16703.101164560303
5639.787476425684,5668.705473451011,5709.609110393767,5754.391663289511,5793.887108639202,5826.751055081438,5855.391530660586,5880.1987692896055,5899.971348956995
20965.675093917813,20757.21739332105,20630.676831897697,20541.674516179697,20435.11013756159,20311.284458714992,20195.795049363318,20099.327676587796,20020.01773011838
12394.416747213918,12731.225905073246,13127.743877258266,13559.09020028878,13991.60488713901,14424.685700949416,14874.9421117129,15350.708940256525,15852.46853241437
11507.37279479566,11753.180994497916,12039.440450279557,12345.449230610968,12644.44768868139,12934.953624811658,13228.660908097785,13531.128011242423,13841.970493904053
46126.25420289135,46302.35720200582,46670.31143310849,47125.18825196137,47535.53685574536,47899.87250546636,48278.35353735024,48696.05700917149,49148.161477273345
52607.69805974701,52410.40170134899,52457.14600102134,52624.61762647241,52763.60377757414,52866.94453928655,52994.60354486657,53170.174966346945,53385.92698139535
3733.6347694381125,3883.726566166486,4050.6548332254893,4225.745763916513,4397.428637879091,4564.680274111968,4732.348430126754,4903.079816246313,5077.350409277692
7684.752976401107,7968.645059374435,8296.117866557617,8651.53258133007,9014.8627091444,9383.204386898908,9763.296349096878,10158.615479387514,10569.457064014821
18367.920113559314,18374.319686960454,18482.734230120794,18646.139736827066,18806.688190762125,18961.221677492213,19132.661570701857,19329.56034575337,19548.16717177421
9033.084322299565,9115.967234703727,9276.451216380823,9489.228657511092,9724.387429144246,9978.178565346649,10259.881411642618,10572.740698050717,10914.719300547318
7278.280584939061,7296.51831853344,7354.94733901148,7437.377064761628,7523.813993634751,7612.036395784934,7708.480708260718,7815.3091391652215,7931.022675251178
22920.312601815545,23475.257898185435,24089.43509567151,24714.27575808553,25287.927906312372,25807.692133138564,26301.264438917307,26781.942351373964,27249.01909255273
866.1009824941196,886.0962875726823,914.6810017655511,949.9839500282833,987.8644752658499,1026.6407434192047,1066.5109950820547,1107.4424582787883,1148.9227046824726
29316.669028885262,29461.659915331682,29746.809948874823,30110.14364933541,30477.03833659233,30843.146058928032,31237.226764520416,31669.416888533044,32134.442883513115
9023.709721333249,9300.082843093744,9624.411091378268,9972.624888090973,10312.009413493772,10641.440698555527,10977.24767531842,11326.235957978146,11686.45113565834
30988.471531399427,31211.282220369463,31532.35356691259,31896.092103222236,32233.556231399103,32545.571335501805,32865.45682784748,33206.595189000065,33566.14154016072
1452.0139475044923,1538.272959073992,1631.471845599203,1726.6468326589834,1817.3426636645693,1902.6950375922158,1985.1943217725739,2066.2590443335885,2146.240327791363
5586.291598110536,5630.066533580781,5697.17340934449,5773.344349489374,5840.051867803695,5896.927958677953,5952.4672293547255,6010.303100871376,6069.7793404722515
56385.35942847989,56814.96866752804,57260.78930294811,57619.51293689484,57764.81823794773,57694.93010911056,57470.10364152731,57121.21337140784,56652.018209995374
8790.436845929153,8858.185536820916,8990.610411349133,9164.351993674161,9350.727067789305,9546.81378198925,9762.625277503495,10001.95285411899,10263.128120763113
-163164.47120831197,-156161.47779622636,-149512.90718203242,-144398.30906330585,-139520.6930498388,-134125.07319982623,-128327.79887038286,-122153.15424122766,-115510.38348884485
6434.151715369792,6553.466330155519,6713.649870366298,6897.321186419502,7084.043045954506,7270.9234330221425,7463.985384233692,7665.104321540704,7872.930114909098
4183.00997096878,4190.87038311285,4221.917662817235,4264.16042608903,4302.853727262104,4337.221769105607,4373.134960948729,4412.702376200118,4454.929925703432
13597.654793512585,13532.164823292856,13521.802425305505,13540.578679823187,13557.383266322135,13571.529610615642,13596.326094585298,13637.226883541945,13692.953562110155
23178.571961266778,23579.872649571065,24070.477009784972,24600.626867900683,25105.252703224298,25580.866301524875,26056.102463842206,26544.61049385354,27045.025331462544
12174.846959753111,12116.638479237701,12096.729915402082,12095.21512781954,12088.272056284499,12074.777553030543,12064.432720687399,12061.25990891859,12064.279653580272
51097.173821640354,50344.96705769657,49910.35506893023,49660.31226371223,49436.45952855791,49232.59355020404,49110.577983431845,49092.07075928777,49172.215412169666
84849.86832828796,83137.86159860695,81886.58421227342,80900.77076754191,79954.35794165441,79036.56642737782,78230.90458439518,77562.847534824,77011.91175768353
20474.00602351743,20706.565153721363,21013.922335594107,21362.758954332417,21710.321809938945,22054.73981646232,22414.39772844575,22797.338605131128,23202.012871630097
27850.422378151317,28167.445786866105,28706.623455744495,29378.096092712894,30069.259766398125,30774.3815840632,31539.315462191218,32381.103840886786,33292.59075551511
24801.41746733749,25098.496919143072,25532.42049206768,26042.70908460053,26553.391528827873,27061.273569794976,27598.57056841122,28178.26368228582,28796.94612639996
31384.035304233577,31967.49300976804,32706.53648042445,33516.93873228655,34294.75531306509,35033.44264303157,35775.62915185821,36539.15996050817,37319.90766157803
6786.97365265726,6914.766689069978,7070.337463889667,7235.86058600056,7387.69384224843,7524.698469419478,7657.1340793405125,7789.496595699486,7921.014587359221
8090.760724409852,8573.666082609598,9110.786633630405,9682.083813054189,10259.56626261735,10839.178144293179,11431.3433710469,12041.385672258659,12669.09841049079
24977.734453312773,25817.974579521822,26753.026839442206,27734.493038960958,28699.666400371767,29642.84836464904,30589.151500418182,31550.848188347096,32526.4890162696
77509.09880192207,76897.19964458115,76589.03593097754,76435.70129004012,76253.88676911501,76038.30745749842,75866.54717768668,75769.25718178833,75736.38778241172
9746.446835734658,10134.751366487071,10555.328523987357,10990.566115262467,11417.755970822665,11833.542461787625,12246.484580051068,12662.373151612994,13083.50717621717
31986.732630882598,32277.81378560406,32693.648697474753,33179.4691043753,33665.96474018582,34147.50281085349,34650.2417008736,35184.70150458253,35746.730501011305
33421.60922776546,33271.780595599,33272.59057508737,33345.063682798864,33391.53424513417,33411.53354937588,33449.04447607975,33521.64488059626,33624.70531859856
35377.82992249487,35509.99862158484,35874.21716377022,36346.77003486615,36773.40332226539,37155.83190619735,37567.48744210472,38037.76518508508,38560.88412877922
17489.94794487231,17464.19225798111,17533.392262375102,17656.36079295687,17782.71045359986,17911.169356501952,18063.266347238015,18246.899221426018,18459.052236880856
43120.402743976025,43312.66066913732,43742.721419426896,44317.72629379725,44924.07424249038,45553.19896741397,46246.69262530218,47018.1649555324,47857.27059923088
18497.395594320562,18584.524038676518,18721.316219664142,18881.296747464527,19034.258062286317,19179.549296764446,19329.901835677632,19489.50492767437,19656.106967178654
21945.29601122798,22058.15459842848,22287.23351093547,22586.48545035147,22898.382099217535,23219.414062408894,23572.69688331326,23967.610531197595,24400.93812321345
-124443.58087476381,-119809.4084063066,-115870.03647162518,-112341.09654351666,-108902.84294497671,-105548.65823924923,-102403.45448058573,-99508.34669183841,-96837.31652630644
38095.79468034805,37624.748358766614,37433.86180209671,37391.398211582346,37339.10092360121,37278.962072574854,37282.65898639054,37375.94694514041,37550.13697571341
34285.217580687255,34012.908479049336,34021.76187510944,34206.580126961795,34440.096522191896,34718.07787948166,35091.91774826198,35579.11809893534,36170.06002785971
13030.701845069472,13214.940853832957,13471.340800894897,13759.119283154865,14027.404760239097,14274.91317770968,14524.32837025882,14785.437283394369,15057.123279670546
6491.56627772045,6559.281393581456,6649.9337370010335,6748.877933955019,6836.899947869333,6914.094547745207,6989.946483730231,7068.837703523871,7150.624408327724
7691.673520106885,7857.395685772218,8046.38665327673,8246.070314597657,8440.583851525023,8628.236733587148,8814.850300732818,9003.056782201149,9192.42552088148
4824.586547716761,5115.878013626328,5443.330013997221,5795.716061710673,6158.299803297869,6528.358135758589,6910.599991200108,7307.647763873654,7719.931046509135
6764.493544475574,7055.7670162151835,7388.81401313128,7747.28092339907,8109.207672851058,8471.793378436385,8843.444790265738,9228.432762840697,9626.774361933223
1674.2134955052893,1725.6173743490456,1782.6100073814948,1839.9782242747224,1890.5506924001993,1933.3287250112296,1972.2686157336416,2012.609037802119,2054.793388773838
5780.393042688886,5917.188568821928,6077.664017046446,6245.885383522005,6400.907080483558,6542.9603527521285,6682.787692066526,6824.821488224801,6968.452293247447
21911.533231372694,21950.823076315537,22095.79513392601,22298.07433738345,22497.25211792513,22692.34323539926,22911.19278865454,23166.473605929095,23456.766028941078
11961.383199657408,12005.181797046325,12110.404283822463,12247.575130792966,12379.731157641692,12506.1295946807,12643.176085388173,12797.707662258792,12968.427154141544
24221.296542385913,24735.546258484886,25325.747113158483,25937.400601627018,26500.628266775417,27012.948515035463,27506.405005800512,27996.404017934157,28482.525444340175
8825.091572861864,8805.191686294991,8843.882523392325,8918.315513420765,9002.927605524876,9093.146742319364,9194.6114636381,9308.304254182991,9431.599354643255
2520.92351086147,2648.4430612542506,2786.6673457612806,2931.029801603694,3076.4712121465786,3221.2069215583306,3365.679884159438,3509.802954699102,3653.1953042242076
31944.826984205134,31734.903820071886,31643.130941015013,31611.72704913525,31569.606686025123,31515.542804743614,31480.951459725227,31478.831268321017,31505.954757867075
16526.214287326595,16581.62841102493,16699.17598835029,16841.53379199092,16961.965152289133,17060.818612428906,17160.500713111083,17270.813681164524,17390.886272545187
7680.810445672591,8185.50380427425,8717.546005985505,9254.143311097547,9765.45676769589,10246.592019385493,10708.586142098497,11158.615466991323,11598.5376679227
20596.05293527681,21129.75506946504,21746.760695398338,22401.9624547536,23037.705475066796,23652.402877305576,24272.38072828217,24908.828806400594,25560.20146982717
19279.06938709542,19289.510619917844,19386.348397257858,19519.75863044638,19626.902180036337,19707.62701087598,19790.824958448382,19888.386949758424,19998.119639518874
8517.577755027527,8435.026798308281,8404.695686961235,8405.082734842983,8410.83747158168,8419.744603035031,8440.369952620433,8475.381130291564,8522.56065334408
8335.887648171161,8583.320420420454,8886.315879131107,9220.666280109068,9555.026738848786,9886.836542113935,10228.209454921347,10584.307779398254,10954.429907808846
34109.81991458075,34568.14356190424,35144.08583557515,35782.801982056415,36414.267514853644,37033.78583812704,37669.659038135265,38334.08873601238,39023.97462274697
82672.62246188273,81472.52409686965,80643.62794528199,80017.09344938451,79389.57710830597,78757.12701744009,78205.12081018685,77764.82510434397,77423.07889462418
12558.42412286446,13005.349050717115,13529.767067292663,14100.37199489438,14674.811411454348,15249.617011900049,15843.78958716049,16466.67410750034,17118.03022727196
4131.296731410391,4157.672693209437,4203.279680301982,4258.473584319592,4312.697956486992,4368.723231815689,4432.025155610919,4501.174592971971,4573.994019573869
5082.039595725344,5293.500441564697,5517.4401757709675,5743.102558928112,5956.794631584818,6157.404888625525,6351.065808214443,6541.514665898485,6730.085986319302
45151.76997768195,45057.44667093161,45126.186107987756,45250.791753702375,45296.99942081912,45268.9159837401,45234.37458933242,45223.369821290114,45233.444847001265
13154.954418775566,13642.395343661081,14152.703747014248,14656.237263233612,15116.52946809745,15534.122718884923,15928.125596881033,16305.680121677451,16665.370043878862
48537.91350930937,48271.86122053685,48234.05983654277,48294.006521536845,48292.27452982414,48229.115119282214,48176.678251764526,48162.44069802523,48178.17920419967
44574.53969738226,43663.222535203575,43032.79357962171,42561.86933904399,42114.087417288014,41683.92478486035,41320.99460401092,41038.22506584399,40822.103659666274
33655.16598608405,33452.72215865084,33396.1884488444,33417.62052978596,33433.52103840137,33441.108911001626,33475.37651323083,33550.31391953051,33661.70825647335
4038.159065825304,4098.479602822504,4170.646575869939,4245.943151172431,4313.032031920695,4371.741972466586,4428.358263547369,4486.312470816275,4545.369546254676
40714.08606983002,40627.84536954094,40750.383970991,40985.920030837064,41218.24654706232,41440.93627698676,41699.23501022641,42009.83754111251,42364.851877219255
19703.324391222537,19448.98366455641,19303.541806602894,19216.282671429843,19128.203613039936,19035.539940496106,18959.786372474333,18908.346341285527,18876.99244364398
50759.778935318485,51182.67718758425,51802.70914841502,52479.52207153315,53039.77093048015,53478.800348286444,53873.93177085925,54258.74718900338,54628.97737498644
4330.145850074479,4447.223364386219,4581.642898892822,4725.18703957821,4867.0500073882085,5006.978849026949,5149.805513593207,5297.192778794945,5448.670414745249
3025.9167126461084,3064.8679939428953,3110.1236161051897,3155.476040307782,3193.0993614604045,3222.8524346780296,3248.5261163997384,3271.961271567188,3293.1915575395005
19410.697652689363,19732.15066297779,20151.638759204634,20625.680915038538,21098.345606857,21566.337230062512,22052.852332464194,22567.623466616187,23108.12682264245
33973.18586827151,34720.67356637698,35634.531917159766,36621.280420161595,37561.63698537396,38455.99198076178,39361.566820308435,40300.98156501971,41269.025506340426
22782.51532960791,22906.768637334135,23148.889254691545,23434.913142342808,23671.791572066733,23862.30010519863,24052.44102490827,24260.65914524877,24484.124469054274
2479.018092394699,2589.2038123914663,2708.758939486825,2833.5091076428434,2957.7646935487155,3080.7705561992816,3204.648472229873,3330.681562465506,3459.330748465569
12961.83856100396,13435.614171799452,14000.002099729893,14630.074450566046,15292.273756672723,15979.661531292055,16702.116350335014,17462.973021574304,18259.824915923913
35609.00006766848,36272.27684213296,37098.673079263805,38004.60288801727,38889.881566254255,39743.40365655112,40591.62889048515,41436.14915539612,42268.78388348384
12122.52268745896,12377.532958366106,12685.955841531206,13023.43027187658,13359.649047242196,13691.857895058258,14031.978661518608,14385.844060460558,14753.445904555922
8328.629527730014,8463.320015522762,8630.590654245021,8807.402635765606,8964.073984426133,9101.539735661652,9235.453129090276,9372.97627924933,9514.05600191855
5554.404247187403,5815.8649191078275,6104.097718066573,6406.3687298935865,6706.444158867428,7001.4491061808885,7296.738203527112,7595.536785395361,7898.554697445601
24829.361473146197,24955.360137321102,25206.627327016562,25539.452094499018,25900.280383968176,26283.864350406726,26708.59435324605,27181.087400343866,27697.524413986575
8405.14020748588,8483.580951719428,8575.943242094712,8667.860291731398,8739.792578867793,8790.563390308702,8829.379359663571,8860.934952356572,8885.487722192367
4619.677410237972,4870.364907764984,5146.877423879364,5440.49364427867,5739.698343609583,6042.047599363457,6351.077574578106,6668.4848950212945,6993.978972525449
5449.528862882998,5513.514379216602,5596.59614240786,5689.065132394775,5778.600679934113,5863.660558453887,5948.559366974183,6035.2889496513235,6123.422582163992
96712.43959967911,94752.36222934893,93358.23264752516,92287.11462822842,91255.08649886648,90231.0495233426,89296.92181794814,88469.0695631703,87710.87868447397
5583.174149679187,5638.319709535221,5712.446358869841,5793.215762233592,5865.05395078987,5927.383161261817,5987.034600009023,6046.853369477258,6106.21716180246
32358.769467978385,32382.507859542693,32560.649055142167,32825.44040853079,33093.72644982539,33361.278384943354,33661.74242832446,34008.672135916684,34397.83917718183
33975.630749599084,33448.861443294176,33104.43242792488,32864.326235849585,32634.820127594667,32412.8575706673,32236.139324579904,32118.244606234053,32052.900772889447
4458.38870774633,4057.3775172916367,3790.374881490291,3640.5160046918763,3589.5861588393986,3622.4958263298136,3713.1147849139484,3803.044494092984,3849.950886323805
26714.58415935133,26677.638349466568,26787.517944209176,26970.717076394252,27138.456241207456,27285.894936718934,27447.597857411376,27636.06056016662,27845.51453258452
68512.12354448371,67255.56682023001,66236.97886636869,65332.954723884155,64396.27571368473,63418.0640417911,62452.84051221558,61520.134951012755,60609.741190421984
4304.926602885605,4567.640458413963,4865.846853343101,5186.342813166985,5511.719359330737,5839.138098183504,6174.3941376476,6520.231038734929,6876.438883349029
7600.276836232081,7860.725363731147,8183.421107432378,8547.733372134113,8926.975667577452,9317.434870260877,9727.92481877237,10162.113910029879,10619.09811743732
47754.28275454664,48203.2637212374,48804.6792722402,49468.600254351746,50085.54221452457,50643.90015696677,51181.67810799563,51714.412606799444,52236.24558945844
20955.336037245193,21316.613659242987,21796.422530675798,22356.51545134007,22948.222176624542,23566.200817188073,24227.305862010086,24937.842849165932,25694.258998398018
24309.067576914662,24193.21901178583,24195.062167875418,24254.4150703055,24296.961882543346,24322.151257532172,24363.35356943633,24434.0443885157,24531.173698016988
32275.058187266404,33142.389115781785,34203.041020561446,35380.62806219028,36579.054810095666,37782.859188441435,39019.35589092491,40297.32404465431,41608.05236001984
40721.32201481856,40683.74190372417,40830.12396245526,41062.369239689164,41257.99343079162,41415.689547822105,41591.116634338985,41807.503052610744,42060.33010420428
12813.235641888627,12731.695246676421,12715.37706292627,12731.096814740782,12738.530139725464,12735.97669580195,12739.494009221029,12754.99816496271,12780.071262721945
14434.644418799118,14506.644325651438,14646.324141203155,14821.457875044372,14991.295352114941,15155.037252705682,15331.023423875702,15526.982282807376,15741.368029085454
25481.63411559463,25650.480488325673,25914.564247052767,26227.98873506708,26532.168102887317,26825.22299224121,27132.91420804605,27466.293958146893,27823.028424192045
13311.02863461641,13525.019277814254,13878.089495180542,14318.032241522842,14778.669908738155,15256.608459592631,15778.676259492027,16354.062377568716,16978.207861674862
5900.730546990352,6028.788694528907,6172.473312863472,6320.88002038236,6459.976237366947,6588.729752716297,6713.1053896590965,6835.94936807301,6957.245154336376
2093.9856603547455,2186.720346757802,2280.8325405007413,2373.0391784573935,2459.458224409603,2539.1715309695724,2613.605039084383,2684.0714701075744,2751.4286245920757
21491.764584122637,22228.20637651031,23072.40183329072,23954.45285869626,24783.116249948383,25552.383865478772,26300.608857630265,27044.23972624594,27780.7103823341
26535.236566033247,27144.333873761923,27835.877426629166,28549.109240543465,29204.020330753527,29800.802737766524,30379.540063835557,30958.806749820367,31537.419816526733
29634.086207487308,30234.48971881796,30928.87086091349,31666.45363827879,32380.62969156808,33068.52528239792,33759.877065049404,34468.40296139498,35192.5128343623
31292.044648878473,30856.772475865193,30585.96331931275,30403.900117143698,30219.925476673347,30032.43753946973,29879.946775698507,29777.041056737755,29718.821053614447
5907.490794192649,6058.605043583751,6199.531691381543,6322.452694229066,6419.202323252129,6490.878029981171,6542.781986818515,6576.870666127714,6593.029818498977
66500.83242462514,65761.63776586193,65339.87076416048,65078.20106188455,64783.834168580564,64454.505364866396,64174.555100800106,63976.609587968014,63850.40307377125
32172.27194844364,31952.632500241085,31910.174569503375,31956.546197875956,31984.10422606921,31992.247216221913,32028.778468356813,32111.975229539374,32236.37506347838
2932.217766168732,3035.7278378738633,3145.2415210004,3256.48462640064,3363.517982716933,3465.3267218229767,3563.9809898061926,3660.5626540662297,3755.215284099946
2847.9101715485476,2899.7351667776165,2960.1792682377104,3024.00582902102,3084.854218619446,3142.3075278250376,3199.0191405205887,3256.1924377100177,3313.7647191655738
4268.342360080417,4356.784906113193,4467.3687955671985,4588.585640230476,4706.198607899265,4818.335339077334,4929.924179205752,5043.186072035847,5157.74129167854
30725.390770180937,31000.59169122525,31312.1097950226,31610.84115477513,31832.925356918728,31978.44532916382,32078.93555065678,32150.099510990698,32193.122995892136
6786.173631900722,6864.122071286134,6971.205531351489,7089.433769112979,7195.673555694628,7290.111829489673,7384.0516567125815,7482.463486684707,7584.969771452947
7224.216638428449,7383.138966734581,7575.747087862029,7782.7074601942595,7978.574935762889,8163.647801733089,8352.236984319912,8549.096747557505,8751.917257116344
12456.444105351278,12801.97319287862,13256.84393754374,13782.437672588718,14329.041073507138,14892.339644847536,15491.700188278992,16135.080850096676,16820.28878454358
38838.90162573678,39215.02966473502,39730.366441107486,40315.96574753689,40886.75148201694,41432.77015672641,41982.16509865366,42545.2413411962,43115.70007051175
18177.291102265055,18370.41058674368,18607.348448433288,18862.896606728533,19107.04331637679,19338.050028095597,19568.614899300286,19803.830160923884,20042.312442026177
92684.6711329512,92402.87111540414,92422.7850000457,92587.00936445204,92700.29253545756,92751.75965232094,92817.12641062237,92924.3900329073,93059.69230792085
827.8133472740162,839.6189201003256,856.5481731469115,875.8040289779595,894.0471620007318,910.6278224378473,925.9993676487237,939.8701231173252,951.7905724434847
18379.289704585677,18261.940734161726,18218.69638043264,18212.58698018984,18198.4129371429,18175.45216466776,18163.594867713517,18170.922735487817,18195.379485315418
103743.36697427204,102591.24193996853,101995.47592682588,101713.68783391589,101455.8492588235,101196.2810513834,101029.7665800204,100983.48085281167,101027.20891931043
30966.31274803051,31324.723665116828,31834.903276280864,32432.514011023693,33036.55510295751,33638.7540450449,34266.3314114524,34931.759272301984,35635.65039072184
6581.186312516408,6703.2968086250585,6858.03472539662,7026.543261636339,7185.28380925453,7332.920478633198,7479.154598498813,7627.797442678299,7777.760956654264
10964.463333277368,11036.711676632092,11163.34971591182,11319.09763530664,11472.357488413041,11621.18371047643,11778.310616106497,11949.317929566114,12133.355097021453
31817.587488067333,32220.1918797165,32777.89062070256,33408.956938813586,34009.9748358421,34578.43067817543,35160.598076178074,35775.0821185668,36417.01551012824
24760.706575954297,24838.955244590732,25044.473299030622,25313.855810031277,25567.9391589739,25805.82112866408,26063.382606344094,26354.976547582046,26677.036462300155
75940.9805103405,75245.63487479275,74874.75824242404,74683.14969448048,74493.89673577817,74300.1912242826,74173.91377469552,74142.26643020487,74194.27055754281
31729.802968005064,32122.83040615494,32633.060079191968,33199.847872482016,33745.64780390435,34266.600782079724,34795.882312688926,35348.229859806415,35921.106532001664
8275.973229182306,8288.560419181827,8343.796537587046,8420.256633574516,8490.53065027236,8554.122135642112,8623.103868187678,8702.377155257998,8790.847629573285
2012.7471949931394,2080.5094387593713,2154.2371784034212,2226.0177134276432,2293.714697954469,2356.0032330603667,2413.9364704314758,2467.746928774334,2516.791818417962
5963.950136442539,5983.005964476032,6037.046699983108,6109.3569638688605,6179.577481653435,6246.8617546018595,6319.670968354108,6401.486676335308,6491.608291542595
4928.787192050079,5278.2187717419165,5667.390547807928,6082.877454790295,6505.4472227454535,6928.820934824271,7356.788586393058,7791.9195454834025,8234.361051904389
14881.004126573966,14888.641984751015,14955.4166244398,15047.660519481457,15123.47426427712,15183.485046879021,15248.010591373302,15325.793418206425,15415.75196873027
13310.872760463126,13724.728979033373,14210.679349597003,14740.081981256915,15276.147927466018,15815.494764900504,16372.709547785526,16954.85663129609,17561.672227052444
21246.85095098337,21387.543334819882,21660.55958974942,22012.381617332263,22375.87965647401,22747.4014347562,23154.328794620345,23608.599737666842,24106.89146180817
48997.34256625979,48991.08951658742,49151.34527797107,49386.0988026139,49581.791964916425,49735.380250006776,49895.453964659544,50080.84183839134,50285.256848627505
14794.742322876577,15025.471443306145,15331.308857031008,15686.078077402224,16057.72998537865,16442.942211783844,16853.114358591207,17292.708380779455,17759.738996792417
5128.5710906760505,5265.433846470433,5426.3435975752855,5599.57938923869,5770.011305295917,5936.0676901633615,6103.668558529674,6275.129125095623,6449.811599507907
27728.759504215403,27900.192294930745,28151.132725422674,28430.725288617683,28677.271396828717,28890.53135360785,29099.566979482726,29316.947002452795,29541.313245887446
25226.54202926259,25348.855605171266,25585.69361756717,25883.558306208848,26176.2319913058,26460.44573885787,26763.479906248172,27096.54491306632,27456.68078597657
58714.497685577255,57956.34208990974,57521.36732503069,57244.99106156085,56932.65615503909,56576.87798613977,56254.296764764185,55991.34905954997,55774.41097918525
10076.26753121094,10313.806311803237,10617.770056924766,10965.277319715331,11326.847895416238,11699.576854288001,12094.80963145526,12517.51971359753,12966.525024596418
24703.625380934485,24565.65885888507,24591.89455813737,24723.29726998348,24889.73305486015,25083.089559170516,25324.673253354355,25620.556067961777,25964.19974742973
7182.192464337676,7307.954192156668,7464.035370348984,7635.552800363124,7802.534682033488,7965.073166406777,8133.582347484989,8313.494718216176,8505.643223576353
32957.51222472974,32896.687793026314,32953.6999847221,33076.381132638235,33201.57356165554,33325.2492512,33471.298073586535,33648.22864425113,33851.231358220204
1474.8684471925767,1569.5517874430927,1658.974957886234,1743.402081441968,1823.4252072802665,1897.8669465298105,1966.1338988562716,2028.2103729710946,2084.422493136357
10700.748594690347,10914.683630514566,11186.623026770436,11489.754351386018,11790.309757110042,12085.073596759445,12386.872303707778,12701.121063957571,13026.291405119724
43783.43362007487,43997.60542195757,44439.141900846866,45007.87049378626,45578.69899856164,46143.31843673435,46749.96999329867,47416.74732066434,48135.20484787432
12719.857836627454,13587.81767670365,14503.115640881195,15430.658457435698,16327.237331307259,17184.505420005567,18016.376738099636,18832.2825207438,19634.46713581284
87737.37283908698,85930.7423204182,84534.01624454846,83367.85272848335,82220.68107840857,81083.14578757212,80036.3705397592,79108.8779861885,78285.75969095997
6152.095447431898,6423.746193098248,6705.65711657783,6987.026832221379,7252.49155643624,7500.928306177197,7739.502420578644,7971.496937700255,8196.488613380077
127686.5317102104,125759.27547484035,124394.26773793844,123302.27502308204,122130.83902048432,120873.39626484875,119677.84870002781,118599.2862883216,117616.36987893467
3516.652777262259,3650.3490831976883,3793.104242157545,3935.8379414490646,4068.5914437194456,4191.149091222721,4307.905978458045,4420.476218996945,4529.137916821041
75943.04394571314,74385.41136618108,73255.76883950591,72369.77219584782,71513.25530447625,70671.44157541876,69919.16833639525,69280.25387694567,68736.6220032318
18739.385051937275,19145.086152450585,19644.322750083746,20195.506161835005,20746.573295742804,21295.11215385194,21863.21612553116,22458.96617064402,23079.18669963523
4124.849603819475,4445.269545471267,4783.5722781571385,5126.3102866105,5458.9534563036805,5776.082261850311,6078.665685964875,6367.325176997302,6642.579667907379
1259.7800854172337,1318.110467414794,1378.581139497836,1439.4235901522486,1498.6159485475048,1555.0432254633138,1608.9091582223198,1660.516547499807,1710.1748923444698
2968.4360003661386,3007.6101888183443,3056.5278648707313,3108.3142054528716,3154.0633616408277,3193.8718743373793,3232.2468770830874,3271.4018665428903,3311.509687692821
35101.947102002916,35430.374488200854,35869.517265302035,36340.20559387237,36743.72867197737,37079.93189520838,37396.98049874785,37717.61800691821,38042.0469974142
9195.720471622688,9324.112992683666,9491.565590731734,9673.54226343564,9839.614426201522,9989.14562101462,10135.981345649732,10286.088302281723,10438.722500692431
15614.253061120919,15969.763410557012,16512.728989118892,17186.036028843475,17915.64441014358,18697.701303432674,19563.85308724036,20526.97110926888,21584.179145908754
23347.99261637313,23388.097862591636,23541.312297095155,23741.095971071973,23903.13374324486,24030.863479812517,24167.382703184434,24329.730783623112,24514.866465386134
3617.032035845853,3888.6186523743154,4171.368178805291,4456.5216874537355,4733.702252666046,5000.716631052498,5260.923963773519,5516.891153506705,5770.14714195962
64989.44220181132,65166.156256779665,65542.01662608772,66001.83961364637,66400.43786303293,66733.00118155523,67062.42923714808,67415.36878792233,67785.5941653629
22727.635564507855,22811.786981294135,22988.350545265053,23217.096262299736,23449.074129223136,23680.865563701533,23931.03255477233,24206.352228994852,24503.30943278644
28409.668220840198,29329.19964024398,30393.95062246091,31533.80520269725,32657.76734412805,33751.98464340174,34844.88673130541,35946.90778743575,37051.32841032387
24743.127538837314,24639.89937040782,24669.111119984114,24766.195235510197,24857.192395657108,24940.49306583667,25046.32984394296,25185.53744764962,25353.436217576804
35444.22168820323,35309.812137656845,35366.4994040165,35540.55473356373,35742.729904949214,35965.41808494378,36239.79121492946,36576.42111288309,36968.057254960615
5931.6426185787695,6358.386774809022,6835.075992064038,7346.351608610908,7871.40598912537,8406.417857271948,8958.507256620756,9531.860225163338,10127.177990593758
62774.645418087704,61820.64931586053,61259.6035303941,60873.61623373241,60401.924611468516,59859.11027450408,59374.218187321436,58993.2840956386,58703.64639409603
6246.684291355969,6550.659163560081,6862.525355540131,7169.7480336414355,7456.424011233114,7721.379967398078,7972.25443728134,8214.362995836007,8450.119554800282
6323.380456017153,6352.248227327674,6412.549949557168,6488.976237639732,6563.451467346203,6633.3421131692385,6704.580697657324,6780.223891272555,6859.4920451878
2960.168129194928,3057.2725147457336,3155.1319392312216,3249.0381485001526,3332.3646119275963,3405.8704588468254,3473.7427919687725,3537.2946041009577,3596.4315528104503
20387.466440045246,20242.306986165742,20183.494738769416,20167.522370508377,20140.537529024074,20101.49212983929,20073.949803461688,20067.50169144916,20079.719828539135
1855.4105703977536,1951.548230529276,2064.567192770199,2188.228000940482,2313.6570691290294,2438.477890843128,2564.8449991645457,2693.5650467910664,2823.592448827919
8216.915144777038,8463.775228543318,8748.670848557591,9054.959468176461,9361.602945811574,9666.20125003664,9976.968131022391,10298.43043002464,10631.624547137795
15591.661598520152,15586.960821937679,15713.559112436244,15927.630494835621,16175.734133306603,16454.5082092014,16785.288067673075,17175.49271871487,17620.210732659212
15829.791102945952,15999.557660102195,16211.748780620457,16434.866546615893,16628.805694402963,16792.080008956524,16942.57703262648,17088.79858020058,17230.68317167911
4543.780148605658,4680.83993385483,4850.154316660844,5039.52896303911,5233.74582540823,5429.573691374048,5630.616948486666,5838.151512419537,6051.281980429922
3243.2812683880225,3337.4507583225927,3435.3997701405383,3532.538692812777,3623.1690931833427,3706.604186814898,3785.1034492594054,3859.782797074949,3930.4795794513816
7114.3910032048625,7063.787276816047,7054.7155646467045,7066.3008026382,7075.429459179928,7078.6401179665045,7081.622250112098,7085.973117716078,7090.397052666966
35824.941606017244,36437.64719295018,37179.70024460816,37979.410168490715,38746.244766807955,39472.82020092703,40194.12621155721,40925.24312475045,41662.217348484366
26318.827378196114,26152.61578910437,26141.282577805832,26224.06862297264,26327.089351810584,26440.89495720475,26584.970457643514,26765.61390375513,26984.08901636422
10648.618700878944,10908.229612008465,11234.22324850508,11593.96417721941,11948.281438159509,12291.37240582634,12635.387111653643,12986.033666582707,13343.56462111818
13040.31047892911,13816.101031330518,14648.969227522042,15504.790235604547,16340.681507594554,17147.201658941358,17942.472384241813,18733.979047675937,19522.1451036966
39876.73389127701,40676.24067770889,41599.26800177401,42571.96479215627,43498.42809323838,44375.60846698177,45247.84094651182,46136.093807157464,47038.880994359744
53345.46017964644,52620.77290380136,52184.76149654271,51871.8611088988,51480.21197608206,51018.18285465783,50584.09962425979,50214.76555467888,49900.64084309602
2336.6914584256288,2378.20124538022,2430.8295825218866,2490.025139192038,2549.339057894306,2607.0268670408896,2662.8398893770413,2713.1562522257104,2750.1865211791533
-13904.949763439328,-13359.48427765002,-12898.908825131233,-12486.514523412552,-12079.657275245929,-11678.330932676226,-11300.125734205567,-10950.958847473912,-10627.6436832872
70367.988000226,69814.00911496172,69548.31853934725,69406.64900389026,69189.60420331315,68885.04970732496,68569.42775366086,68271.18650157645,67976.96194505115
25739.605169309692,25375.246267618702,25176.887502515725,25080.09376835967,25008.141676326162,24956.733831029378,24954.3704013354,25010.840638798745,25120.755102218267
4759.514476985945,4858.329247630707,4965.332530785857,5071.99307220042,5168.299895429514,5254.019445031769,5333.974269294981,5410.241695869013,5482.5450494144825
24163.633156679007,24724.782860673273,25425.169728989727,26199.49434115718,26964.513372287143,27714.553799734877,28482.657433985958,29282.022796938138,30108.592269536744
2606.801767463272,2668.0449638450295,2744.088272119339,2827.346670640491,2908.1394988138004,2985.6825348929046,3064.0296559796384,3144.747137776954,3227.3864957305245
800.3258925716444,835.7574777779059,872.4504524818677,908.559309168945,941.8636326687764,971.8617712740278,999.2676012963525,1023.7496172879094,1044.5005876164912
34209.738555317774,34034.821422170615,34017.21206859113,34075.73981279294,34109.994487975906,34119.05738760847,34147.735223210955,34214.16081823633,34313.362357196675
21721.844919859122,22712.722854268115,23833.530479254878,25044.682473732963,26291.519348687212,27569.478533757654,28901.699192734755,30299.232902396903,31760.76468324029
20663.04626315809,20832.505553343504,21133.002772926568,21525.211701867793,21960.35283097173,22433.01122671493,22959.396149969707,23545.25008176359,24186.71419052465
29688.129945477765,30078.948173409302,30644.169495594706,31298.125577531657,31932.01485750073,32542.327726600823,33176.66571875874,33854.45742655218,34571.23446495437
75633.50154140862,75558.78903582034,75675.90470828641,75838.05528230722,75866.58884262577,75753.51287400302,75573.26676923032,75358.20752177792,75103.85989447084
8658.372714510975,8936.49712788269,9239.943842913692,9554.775840181535,9862.460800363155,10162.05605975019,10462.027388378401,10766.670993786433,11076.27466013591
3036.9772659724163,3234.553725094362,3447.5198684565944,3666.456688962281,3878.8256859473995,4082.574319949468,4282.129528733404,4479.762544142265,4675.34348574908
1774.3679609414123,1928.263529849534,2092.94530504624,2264.111340844699,2437.1480702723047,2610.382283512608,2784.062790469508,2958.249092767316,3133.7874424506713
23017.710536562143,23567.999566592982,24126.116772337744,24665.567193179235,25157.17597383913,25604.757409406964,26026.19469153884,26428.307549862126,26811.58563804683
18129.190921534282,18351.23774965749,18644.86344033486,18977.757193158828,19309.40106026692,19636.957336124433,19976.653609428384,20335.8055149851,20713.40308486441
22430.51632346676,22355.600339273275,22372.741021760754,22428.157853053297,22457.029659804994,22460.611534902535,22470.014674815182,22497.672328399894,22541.1335121885
13616.480053952371,13622.679437404986,13686.053563936408,13780.54071887929,13873.73071683569,13964.230799646295,14065.311315613057,14182.516581369076,14314.136150414957
9404.539049850802,9524.590662677436,9702.222573764562,9916.353160038698,10141.126113595743,10372.668830586883,10618.59119548971,10881.812668161521,11161.019284756374
6172.28481185705,6257.895636009703,6394.960513215521,6560.978722980962,6726.759328776746,6891.185130317738,7069.661424827794,7269.376416677071,7487.687531744571
15103.667524435157,15297.538595605523,15566.87927432487,15867.893096930775,16146.152152169452,16401.4200971246,16659.136368351265,16929.42253120613,17210.242613603725
10119.232196715548,10252.688159179977,10420.625427832869,10598.999492517247,10758.197014866902,10896.600497038318,11026.750859924165,11154.37268925497,11279.11607419994
38991.874243603015,38577.82143364245,38430.5711389975,38462.76265988164,38574.66264280187,38749.49801991707,39009.81850119676,39358.877587880794,39783.25375796138
78581.6863189137,77489.05704524495,76859.35141370022,76473.48522112318,76068.11126164997,75642.49017478294,75311.78124403558,75117.80897647848,75044.8052246147
13918.3025199301,14308.788767697415,14754.387872257717,15225.984761630683,15686.7879782745,16134.864814141894,16586.51953496882,17049.815836768263,17525.23514861062
2887.9508532622317,2979.663765598321,3094.282483775318,3220.774500675407,3345.057523101521,3466.124539714449,3589.8392924936775,3718.62966280289,3852.076003782986
42590.721187185125,41824.588669301185,41337.14935605987,41012.60086407725,40711.55044434433,40431.78226253789,40228.79532939579,40113.90529806161,40058.36212832939
2492.770913829061,2830.792630526772,3211.0278290758197,3629.3634693909044,4079.288909708916,4557.331291870247,5064.408152693555,5601.318262551497,6168.5319131766355
37278.411999377895,37121.83565911918,37124.24940794135,37205.88440201919,37269.61637462947,37311.386820646185,37370.85132182309,37463.82028193275,37585.09085648706
57411.262812613706,57041.14655496429,56980.46311164173,57073.21372657688,57127.374074236875,57143.22705660983,57208.11829901969,57356.027424630396,57577.50575507145
25982.23021928648,26705.857667874887,27556.387420422758,28473.48203975158,29377.615444317395,30264.92847639661,31170.585867059675,32109.933126896005,33080.051396178045
25103.352538832514,24989.197650718008,24974.973928790696,25015.919693579213,25056.381140584148,25093.764327607136,25150.10323977645,25233.356426293925,25339.755312175
28057.07335786229,27851.64100699192,27776.063344357724,27776.613394345433,27787.177047122164,27803.553236420612,27850.851634034625,27938.70114961014,28062.52409937834
10106.257519073277,10318.245367075258,10584.370613761786,10875.921090265158,11156.81857584357,11425.531057216596,11697.93974269677,11980.813976168705,12273.36570134755
49093.68855194944,49528.60219353185,50178.407579605395,50928.47991239341,51632.991939208165,52302.37437285516,53007.40043875215,53766.054960064284,54569.274700664675
4629.565022476521,4658.759961854277,4717.142872174351,4794.771033207162,4879.834081565489,4969.640822078288,5065.971523706035,5168.96511502845,5277.4634453073395
10993.598798185345,11058.852581723453,11197.08012602381,11379.872387846339,11572.762880985116,11772.218510789078,11989.828252156334,12229.58220683689,12488.952120049484
21446.848493602505,21671.922654810147,21984.69044350296,22330.843218997434,22640.769239190486,22914.887646676492,23187.245516568077,23472.85797686942,23770.34263941789
15581.968218579794,15766.384132638414,15992.539518455536,16234.664002205584,16464.4026580534,16680.358868520965,16894.18351835779,17110.57898747051,17329.124059262627
23013.807959685044,22826.00962269948,22784.662923839023,22812.077000193887,22812.813963847668,22790.41732402805,22791.11556954103,22832.06160309857,22908.788499512677
27997.630541369126,28340.160207631227,28783.48796582559,29271.178304611134,29734.400733244427,30170.259903596627,30608.489058288076,31062.080517018363,31529.317701347838
7881.0021077217425,7886.623219214766,7926.071243163538,7980.905245021196,8030.119844225809,8071.144881637857,8109.964291784263,8147.366476607774,8180.185799136921
27864.9151081726,27247.4736668255,26876.451476021703,26669.894710046985,26534.96541264889,26463.923989201794,26486.357168288254,26609.669120038736,26824.030557892675
8660.105231810463,8808.059477830442,9018.94850196318,9265.066386742612,9511.451545849326,9756.07987822642,10013.369111823817,10289.362302907462,10583.201352717419
22767.864464705774,22568.052670032306,22508.12466264903,22518.165088673333,22515.144174411154,22497.410473855827,22500.01308513997,22535.62321717165,22599.90951254378
14200.248282523127,14127.167746791969,14143.768257191832,14206.353958493522,14261.791004805966,14308.710610767077,14369.544921160379,14452.678481904875,14555.273922029397
16936.021253356143,17169.85498259307,17490.528280366612,17867.19359904687,18261.852844789755,18669.00383716034,19100.154634150334,19559.767130216656,20045.728720493396
9321.70051237214,9291.458021585833,9301.365646283359,9329.504546374976,9349.171467685614,9360.158356728169,9374.60652453006,9397.587970189703,9428.291832634222
13232.050806208288,13425.711259733367,13661.069499539546,13910.921056342337,14140.011468399804,14347.501574996102,14549.754962739033,14754.699260681142,14962.450907174509
52938.740048624364,52550.41805135237,52315.390173678185,52154.752024391884,51977.20990315849,51782.4139418552,51609.58450251254,51471.73031452281,51361.96213106154
4677.954371414553,5094.896238197812,5544.151874181803,6014.44105239813,6489.65349326614,6966.686757354343,7451.522483426095,7948.468394058952,8459.194943147299
17556.01381501353,17868.52599680625,18291.15445655301,18783.00075767775,19292.169127758552,19813.627741589164,20366.78218457761,20959.809264754476,21590.384040292392
4707.448498687498,4842.703834639888,4996.611273429127,5158.469143146787,5314.760301596364,5465.286038629306,5616.05464962089,5768.909182884242,5923.1910180373325
25166.202662432173,24655.472619634857,24278.471059643314,23981.465332583444,23701.11091589113,23433.963318091828,23203.457512924626,23017.568844953206,22871.372234111397
9619.74250122467,9601.934945334,9632.552621269098,9682.610681323844,9716.454218138018,9734.50095564447,9753.425023687161,9780.212942638293,9814.139673085338
23210.659580961772,23294.241198178923,23493.12187545973,23755.559786421614,24016.64864897951,24273.538686249307,24553.282079990055,24866.853397093277,25211.10642801089
6883.136209594804,7045.4196270809925,7245.717209098907,7464.221783785009,7675.598202591591,7878.475909871883,8083.689444394282,8295.982113525557,8514.779235166045
2489.2358075769976,2646.126864810546,2809.5128609039516,2972.796559274407,3126.6673189091007,3267.3620857965598,3397.5277595882153,3521.945512344023,3642.7300385237927
22399.33309208337,22540.38832398215,22784.35429173329,23074.788342931115,23340.0148518473,23580.04489614087,23828.68708684474,24099.729609835922,24391.919176541505
53494.38250158193,53000.114663728295,52771.24569837171,52663.64000957152,52501.01635522919,52284.59308126037,52095.30678351296,51964.68393952237,51884.468300136534
1370.5582936486298,1449.1902518018226,1526.6074786556844,1600.8959276823814,1669.40437974244,1731.5041657217216,1788.642618623861,1842.1080959992782,1892.5424833174286
86679.50405667849,86420.37869061221,86454.65726347563,86635.44736469793,86779.23683344404,86875.53164375262,86996.20979663146,87168.27429341852,87378.48400800608
8181.688045581002,8206.081187922897,8272.941484126364,8362.915374830414,8453.050402018287,8539.711365099716,8628.622775307835,8720.967640636256,8814.220203796489
10098.910857857216,10649.676431094027,11240.850081747434,11851.436239078943,12453.864598576383,13045.420646215702,13638.09779317877,14239.036862720886,14850.350066958163
26271.68983305935,26347.76191168727,26520.821807022392,26745.317869081024,26965.880923448807,27180.14396536566,27411.1615839608,27668.741478537115,27950.17876519439
8505.231845194661,8550.330538477185,8649.682204157334,8777.440910694802,8901.573006056777,9022.29407611285,9155.08961807219,9307.201679151456,9477.850256152198
4911.001369617488,5112.984977215961,5353.876138026636,5620.7203675402,5896.659755620191,6178.962617414516,6472.870681843189,6780.676476329488,7101.8943086051995
21811.836600104616,22595.97927915527,23430.459707180133,24269.01671688393,25051.288321749944,25774.07018421067,26464.963502693656,27139.485744444268,27797.19734953581
2512.388045552926,2616.7406202741367,2731.840164100031,2851.2864764649094,2967.005274301365,3078.0837180768285,3187.6855498635337,3297.1736697272063,3406.3300121410416
3592.639479606853,3725.1301155761953,3868.8269513599334,4017.370306276437,4162.260460283047,4302.972602089711,4443.4319128477655,4585.9123112416355,4730.895142605942
4102.009825122856,4308.30940145156,4537.362593393068,4778.846905972298,5019.1536807903385,5257.189741507786,5498.762999383973,5746.780596992211,6001.514503006859
63857.29577910033,62697.413164377605,61942.58633093951,61399.65818590349,60838.90667572243,60258.976793275855,59757.284373204224,59367.64356365377,59074.83063627928
2933.429617676849,2980.5847800258007,3034.0900703894604,3086.9975848236277,3130.5333534299566,3163.8786629458264,3190.4548866145337,3211.836327107661,3227.8833640065973
8123.28984957396,8333.457502374937,8563.790347504353,8800.452570317208,9026.51842910317,9240.45438615558,9449.313263788295,9657.365107255499,9865.86106781401
14048.630552053372,14151.331439335174,14318.149850623231,14512.0714992887,14686.389232979993,14841.441731983754,14999.689388872383,15170.78810081729,15353.568216008758
78389.99064773816,76745.9652033619,75601.19488627774,74756.28260812008,73978.29499465715,73251.13289730615,72655.23605984884,72214.07858050964,71904.97483474358
25971.54403552068,26583.370473666,27319.248319679424,28106.82219582516,28853.092311111828,29552.767134033762,30245.807558099026,30950.097894911876,31663.580509984407
39467.94404264921,38236.06475332188,37289.81651457224,36517.349652316036,35791.924887287634,35105.355503759114,34500.22383278631,33987.89534122513,33555.60337417162
57574.528722938856,56542.155210012286,55839.86753274662,55311.789362463955,54774.23162156752,54222.11581445868,53729.41668857481,53322.2717965613,52988.662968082754
4149.186901359631,4227.421203342155,4318.79690235691,4415.762487123783,4508.863880990009,4597.534904455639,4685.7557147816015,4775.31029112518,4865.992527914509
3290.399439756978,3461.666647113318,3648.53878396213,3842.173421424739,4030.4429017395696,4211.727230334521,4390.995675790786,4571.355047257528,4753.930239611514
5338.778063472051,5581.818654305042,5839.8661034384795,6099.714289210892,6344.190375755554,6572.591784918358,6793.411975544073,7011.175713111172,7226.62903620218
7346.034121019346,7599.287945186437,7876.8386110466745,8163.4055199691475,8438.34402597218,8701.62331938877,8963.96216230228,9230.768625829853,9502.527659931407
9997.900971168228,10198.379101873943,10447.15612262396,10722.971524911292,10998.982486680321,11272.568951578434,11553.523506900576,11845.371194546575,12146.186258399857
9255.941698424589,9294.511770808424,9377.118543311957,9483.909426784492,9591.291303055614,9697.220603832711,9810.154458362626,9933.267984864387,10065.154413565893
24783.188692301886,24112.3291095107,23608.71471949891,23196.841921225972,22788.55507493584,22383.97157856815,22020.4234994321,21710.55059233866,21448.47396036608
2423.078963750028,2490.180265399473,2572.1752758674784,2662.140094568862,2751.149072102351,2837.038967878588,2921.6260600750875,3005.578695815928,3088.3288444981154
6333.024357669715,6546.260668993897,6766.655967933549,6981.533945478141,7173.927963706377,7343.989981226872,7501.104678666724,7650.629282698694,7793.845911709946
17390.48464854947,17957.247712211898,18594.28488377852,19262.312779945598,19909.89935968078,20532.176828527012,21149.493663223755,21771.16929823742,22395.73904842308
3397.0273939307267,3593.5287025370562,3814.597832859317,4048.9106853760777,4281.9438378604655,4510.0719983055815,4736.841054504949,4964.364719680599,5192.823686598616
1043.155343211846,1148.9749386421602,1262.0641775383476,1379.438847858435,1497.517839122381,1614.835723680437,1731.6841967073117,1848.3415901201006,1965.0067970349812
6074.610575337989,6330.091960715676,6589.064320607464,6843.930737853994,7086.876211731419,7315.662058911031,7531.22932660569,7732.626918001249,7917.921233666639
10205.039428422659,10465.107649687016,10799.007001102003,11177.509382453423,11564.654084526037,11956.212697060959,12367.61297201191,12808.499432624476,13279.81170472294
1482.0255191875358,1528.195584651396,1576.4953758797033,1624.2729345676287,1668.3781253202292,1708.6243814638533,1746.4622225337955,1782.5979574935207,1817.3571662823076
10746.838169389976,10787.813240077907,10869.706227709501,10972.155359885548,11069.827813579948,11161.508472441541,11257.719981352333,11362.695449151153,11475.131387906475
34755.73207644246,34190.13549931665,33842.06921386725,33626.855153766555,33444.058831892165,33288.729206998665,33198.93397876227,33187.6386873672,33247.072188573635
9886.595487389533,10010.608888841096,10174.981184777596,10357.914069140377,10532.500694242624,10697.667401374283,10864.859528353194,11038.44035975314,11217.008134572914
9539.508592722397,9820.404628780843,10149.728448573178,10505.04138596929,10858.064783046404,11204.934939758408,11555.103374417242,11912.844717513162,12277.556364514465
31287.702975763314,30603.593091357798,30134.138245541373,29793.739777367045,29486.077196092054,29204.634559424238,28981.99448574672,28826.87511018929,28729.57421879815
33685.6500005116,33378.93598508486,33247.78734738086,33223.95173607446,33223.184190182634,33237.43196789517,33296.286132679204,33410.233234724874,33572.50295517523
4423.228121890667,4598.461662053177,4754.734418887216,4888.760872322294,4998.688538441792,5085.6739586235635,5151.873294272218,5197.38718158609,5221.877029640494
7007.323054896503,7201.033883598178,7413.063423551081,7633.581125587526,7849.379247555499,8060.3422995102055,8273.22737699386,8491.609202526732,8715.95641393333
8805.418353862371,8803.66836347533,8853.01708849561,8928.040343096833,8996.812686532723,9059.005898728434,9129.002303152645,9212.47836942672,9308.008349134794
41758.84769319235,41629.2325590443,41718.60480142607,41904.72418465368,42037.469683595344,42116.91326374625,42212.193624006955,42351.103750342925,42527.83058652461
8269.774293383547,8542.695543024636,8844.397129688197,9160.049183528152,9469.83746758691,9772.689363678233,10077.584987642482,10388.647685115597,10705.55497332175
13120.468452675006,13304.70900024389,13522.347977351876,13752.691047054177,13968.982830898136,14170.309522538259,14368.71878599819,14570.139665576498,14774.641920904953
18387.105172428375,19118.383441671434,19989.520770329396,20948.904057118965,21927.4590565779,22918.415112150473,23948.48708174466,25028.99256168206,26157.2201473143
43960.450460232634,43992.40964260462,44150.90120308351,44359.66194234776,44522.0918325012,44637.527864338386,44751.27065535607,44883.49860327552,45031.90250514306
10459.398170527795,10611.228799058663,10798.097034050035,11000.589664007146,11193.711608859274,11376.99893177925,11562.31950416378,11755.308125565078,11955.839185432114
99708.89524372852,97663.5586926118,96246.97738301664,95176.22006611753,94122.30733323972,93067.11258903725,92130.22124823609,91348.6561432101,90693.62287927061
239.27203008017307,299.3910669264897,368.62000315036653,445.6947637432326,528.1846703835583,613.7928928075419,701.4807802613825,790.645234226376,880.4940037463734
130.38067452197967,181.97705210523705,231.41840171970435,281.0858509399615,334.24948483339676,390.32745799223215,447.23320790794025,503.4139603405584,557.6747620934929
30587.63940946461,30488.491930033724,30498.460015903373,30567.47401377656,30632.21097116054,30690.180719681382,30767.41689609747,30874.258384951965,31007.047941024884
38504.784268269264,38536.290674752265,38767.57611372729,39085.90353036399,39354.203612657606,39574.60038746962,39811.95995854428,40090.90269950478,40405.077482562905
6029.7608474148865,6221.898539251689,6444.826367221602,6688.309073076478,6939.492635932594,7196.433895578947,7463.333575574346,7742.4136759184685,8033.861714787618
25841.774993130326,25693.96423659868,25681.275013665825,25738.56676335569,25785.703730539226,25822.38864291993,25885.09790741988,25988.74099629114,26130.31285476194
47166.44082259493,47198.95572727339,47430.87978250303,47715.03888705334,47866.8683840373,47897.26813213899,47904.17618637533,47928.063845577104,47965.02850394351
33036.7189481656,32805.91308803229,32696.80073636277,32654.83656593718,32612.646458964922,32566.681411345915,32543.549746069617,32553.558329674124,32592.491987493173
16154.960604359918,16070.70383577471,16089.972552100242,16171.048982002632,16263.997767997658,16364.70392397263,16490.802203131072,16648.73633207303,16836.116441968483
15693.154005677598,15915.739638184536,16204.394059197626,16529.283143281744,16853.19491294931,17173.97138105668,17507.236657715275,17859.996179665686,18231.452965392116
33124.61740890261,32646.816816503455,32314.926110878343,32071.394955980675,31846.98841342636,31637.059711179936,31466.75690339018,31344.834325654843,31265.745501136906
11977.277880861659,12025.424745869244,12128.574321443431,12258.76630072637,12380.857951472177,12494.562064397676,12616.358803662859,12753.202081375546,12903.722375211311
38418.537492830095,38432.65252819938,38605.905913635426,38861.198498893245,39102.32743912851,39326.36142176924,39574.89976571347,39865.67088611817,40195.33939189422
11860.479965127717,12584.313114210288,13377.167815182216,14210.104569978232,15041.859088896503,15868.316716925678,16707.088797193075,17566.833029406924,18447.066109200976
27191.16740421072,27204.600525306858,27359.38140395416,27581.6697632719,27779.80946132983,27953.2091832015,28143.550016845635,28367.67854302817,28621.86294175782
54459.57206893309,53594.65608907685,53173.54833515465,53007.18872610998,52871.013995567715,52760.5478965449,52766.94606764808,52919.19340567702,53199.676197357905
6100.053551151442,6188.436078794435,6306.332554650957,6440.9257879210045,6576.265959000311,6710.397518160044,6848.695753628638,6993.527659240409,7144.161153106027
13682.059610744862,13628.437142508761,13685.35745771208,13812.194238753318,13959.636173383728,14125.107380862823,14327.956029359128,14575.406267161065,14864.914810835691
30942.114434450345,30963.467727816704,31141.982557042378,31416.358271081983,31711.108367359353,32018.045464533825,32362.54839641911,32753.513969695265,33185.002029295494
50211.657568404225,49811.684475633396,49704.461019161856,49746.9569284611,49769.10151564874,49769.93320638675,49823.430796749846,49955.46045431548,50154.97541801689
30371.65379274736,29989.72802973868,29782.521940879324,29669.750046730784,29553.41851846753,29433.172138877224,29352.08007262874,29326.148060552903,29349.69998005443
10052.021090269032,10220.13255014172,10442.96349061668,10698.55168046003,10958.32347943665,11221.23298895167,11500.21578470985,11801.050827306019,12122.934587827393
57633.37810932722,57232.854642928156,57130.771511179395,57150.113773289886,57082.333974186295,56935.977919179626,56812.09805977929,56745.74280591839,56724.915173916714
23850.343227728285,23711.431112956474,23687.578855463922,23727.0350722511,23766.0753949344,23802.910275555936,23864.52467576922,23961.64372523449,24091.075165536964
4092.7045852144543,4224.1251734223315,4369.347258797174,4518.966257632924,4661.398224927625,4795.907356350595,4927.567852326288,5059.085385351688,5190.878612349909
18148.271324417456,18240.924939408997,18404.125765817782,18603.68248701135,18796.454290732487,18981.447602315806,19177.49628668284,19392.31467968968,19624.067387335625
5429.2432180177875,5490.942291848571,5561.591361396693,5630.453605892548,5684.530398476311,5723.937450197451,5754.8318313161035,5779.246150228498,5796.3241708466485
52965.238188881805,52395.128874284455,52107.771969975816,51963.709193696624,51793.80852499661,51594.31462250861,51436.35329514476,51346.31459914334,51314.115612163405
11818.150505737309,11999.709813916936,12233.624884986362,12488.181609097213,12722.288029207339,12935.662645711329,13147.795566750654,13367.383087362663,13593.824829396857
13174.868006952755,13931.863552655432,14757.81573972147,15616.727584279406,16459.63246983133,17281.774458856446,18103.503753712943,18934.764840311516,19775.203371393305
34604.99749522799,34128.338151284996,33836.38018991246,33642.681871302615,33443.3792303607,33236.03306069021,33063.72765438742,32942.45937846456,32866.22720107545
56503.69083046486,55594.73968190297,54950.054189209775,54461.01339455793,53999.92255198075,53551.78417663364,53153.59392420436,52814.27284946573,52518.863693521715
16520.08283036952,16845.46939909323,17240.63183000739,17672.67928998095,18102.20287563989,18525.937296007483,18958.957167323173,19407.178704369788,19868.75804115977
2700.481217354167,2804.658729515204,2927.0476560345714,3057.8403558546056,3184.352994678811,3305.435340514515,3425.721297290733,3545.552057095429,3665.818400440115
10100.031791505347,10286.329769553922,10506.295013287083,10743.510595496457,10976.889417025557,11204.957631002579,11436.378387417204,11675.115200033628,11920.540275360985
3958.6523065696147,4168.333591251159,4406.005294234385,4661.290778257123,4919.926820078819,5180.353916215432,5448.491645066039,5727.758035433218,6018.559387191155
9263.29016610092,9378.056964219726,9533.994690528876,9710.553595215626,9881.34924818478,10045.505766641829,10214.849601608592,10394.920551614818,10585.59871488764
8783.84622867918,8970.423877382535,9199.056805072027,9447.078013544073,9685.135812772654,9911.909643403556,10140.580251207128,10377.254723999455,10621.71861897251
32287.50579754124,32214.614904409056,32355.46040425233,32618.93318317165,32895.05395825489,33177.451850938676,33508.20956574882,33902.71648041211,34354.44970727565
3581.053432828556,3635.49738321674,3707.489160060519,3787.472653447299,3863.924442629245,3934.4834983978785,4001.894584765399,4067.117836444733,4129.486512418272
6512.845037751998,6517.009045968894,6543.570327627807,6581.322283032295,6616.432394575255,6648.278946236848,6682.6107412719,6721.98898404886,6766.061644760426
35588.64011298046,35040.21695909306,34702.36584594846,34462.09878469819,34183.07832998651,33870.03318144669,33588.09859406317,33361.56399783272,33184.0452909335
8904.150776187133,9079.082388872075,9344.369834136716,9674.849791720386,10039.772892568852,10436.040588864473,10874.745697475548,11360.231572836019,11890.951066589942
18431.2842868894,18193.70894464303,18072.02520220388,18023.313815790963,17998.19148761019,17990.276809596726,18012.873233433125,18068.493043066348,18150.539152640722
65733.63854738591,64754.63923376466,64142.93234382116,63742.158025336335,63364.361035696034,63002.44026490109,62732.16282301229,62582.176862427856,62540.23735469087
17783.00186445938,17835.594492520893,17962.718135806543,18123.530875031956,18266.182396651642,18390.111251876348,18519.446105308918,18664.55293366257,18823.8378001233
32002.9934780371,31945.491014087904,32019.033093988342,32144.549576572103,32221.575884002064,32253.202689465706,32289.972801686592,32353.341860506116,32440.697801639966
4632.590638823216,4784.8135021318785,4957.38734757881,5141.798197219599,5327.87049875003,5513.87739044224,5702.594881099321,5894.634342109157,6088.855510138217
13847.537690347845,13852.037902964808,13906.743418163513,13979.333299921227,14029.771364528402,14057.772758481568,14081.801709938656,14109.751963561226,14140.648508219405
2892.840270847363,2958.7216313707268,3015.6485315547266,3060.0366089381587,3088.5838034496765,3100.0399800379782,3094.4106678678663,3070.91325670638,3028.185496476626
3535.9136794762085,3762.763909152268,4010.1075580935985,4267.312898127705,4520.170954583924,4764.757168058728,5003.877286819166,5239.707746433538,5472.091488513386
21579.054352471758,21889.828306475698,22315.107668087137,22804.46405199487,23294.126735846497,23780.92018943265,24291.92763268898,24838.977044318774,25420.077530115454
16673.84502521462,16928.645501879546,17263.154692084292,17639.88352971732,18009.889989211137,18373.470990465783,18755.0020803425,19165.667739456836,19605.2118591164
3917.9027725435694,4032.6439088683805,4173.143311366835,4330.0347766558525,4491.689769592913,4656.884501992524,4829.901177057355,5012.6279825339925,5204.790771649354
4183.837209301331,4405.815967174058,4660.6752233165835,4940.609681495917,5234.467369469242,5540.030861760088,5860.794093490418,6198.7799715963465,6554.251947154255
26359.423471218273,26130.473847501125,26036.446246636897,26011.28581329585,25975.01812312524,25924.983424860173,25893.78533104072,25893.199056310146,25917.864937190265
82233.10579263358,81989.63344499096,82068.75594572943,82297.39724021545,82470.31015839185,82586.99685005863,82738.96384012405,82959.61726754578,83236.87219576619
5388.3149815313,5491.3815439664,5640.481947673021,5818.24792075754,6003.571497166117,6195.444415230818,6404.550362359394,6639.600871534391,6900.09618236119
12057.746676446439,12307.61750186248,12629.735357585872,12988.176199565061,13338.225063673819,13676.686789805033,14021.370402757884,14380.018917372437,14751.704244283927
23824.189714659562,24482.158771785336,25258.778980757168,26088.698838759905,26886.861324904563,27648.743118618568,28411.39374741012,29191.499802959115,29987.158277960472
35317.87527304273,35003.200622140845,34848.50708399363,34769.73068182582,34665.00484773073,34532.88631150347,34417.80414916662,34337.37603082364,34286.78381257854
25955.851267613172,25637.93434204835,25446.68697519886,25323.326446174993,25198.362293324368,25070.02117013406,24967.041969826412,24900.272156184277,24865.745504586397
8091.115130049014,8230.380482361945,8414.443103722166,8627.173226712846,8847.91694786137,9074.178668589171,9312.759855968967,9566.363512772008,9833.8959914706
10412.663088314903,10539.110893095745,10732.74241125017,10963.638923034612,11194.360273505894,11423.389905472854,11666.806632215441,11931.43506825366,12216.31897171755
16704.654726551897,17484.155269076276,18352.339471245392,19272.00533222769,20193.565959746316,21109.800838112464,22037.994243292473,22986.868874396936,23955.815523980807
26430.66137531556,26640.051891741758,26934.682667703146,27254.027617241514,27524.4467963058,27747.40031525275,27959.289880195065,28175.129552088565,28392.94407947061
55810.1992049031,55212.6224783642,54860.02633338037,54636.79857853186,54401.371071211695,54150.69982174401,53945.48767979992,53809.79903739028,53736.43036079021
13718.061949828729,13815.856893245433,13999.700625875428,14239.967904711955,14501.38813594055,14779.745172307783,15084.387227542107,15415.906055163725,15769.569688265958
68697.89849566808,67385.41929189136,66491.65146094632,65821.94667098082,65141.9299051376,64445.58512985885,63837.297617939825,63356.054508544396,62987.234656494256
4369.5037304519965,4588.877581009635,4837.007861920347,5101.965348098454,5367.779695667209,5632.388680221924,5901.857088504442,6179.319755725031,6464.970531866144
12426.418183715428,12725.36126324574,13124.477264099507,13583.938946569455,14051.354293521605,14526.398921707498,15034.528095833357,15586.921075800165,16182.850407662063
13113.428933244517,13013.449455125072,12974.477551681037,12966.738302884212,12955.19107170502,12943.594357124408,12948.617766962032,12971.038520420892,13005.415740863198
22273.497303090113,22639.233295248818,23147.41955942549,23747.946056196335,24378.95464903653,25032.801876404457,25729.756313480433,26477.141767664638,27270.30670161712
2864.7977691219917,2975.118514749665,3090.9750814060726,3206.2073233331225,3312.6924284501624,3410.649119665686,3504.60411851777,3596.817280881341,3687.8299510920883
29335.82675859541,29271.9178410073,29336.009828557886,29456.337078451837,29549.502510202263,29615.364813959517,29690.56619296202,29787.41812426223,29900.351237141214
9559.84779837702,9881.090972586037,10245.964951520047,10629.351088953466,10998.27437748033,11351.914023655752,11706.221946669497,12068.986633702265,12440.492082527759
35808.32053584696,35547.69800781959,35444.21519421298,35423.23701410365,35394.38246497238,35353.97415148649,35338.741122047046,35363.0519062395,35421.880539376
3693.640343107629,3731.6458503930435,3782.0238516401196,3837.8068823005747,3889.994798331477,3937.8417054883694,3985.8166108293512,4037.477413968204,4093.045352523107
6393.7252943729345,6605.896256977717,6858.437026336764,7133.216909878726,7406.914757578043,7676.402904223457,7949.853409640032,8230.98847293194,8519.14640043129
4767.107243648907,4820.876479779663,4898.135061937733,4985.8085113163515,5068.696945214712,5145.733853423591,5222.922925251048,5303.271923980105,5387.105581177461
13458.862951570385,13612.654391219,13844.92708691046,14111.793334728294,14357.033270177508,14581.950862039686,14814.476873001799,15065.81120282466,15333.984873917714
51742.62984090791,51187.54575671688,50906.10078762267,50798.2706445165,50746.568806034236,50738.892074722076,50811.92948005154,50975.54396763835,51216.89060241743
14633.045336968144,14839.770285543374,15082.961919084208,15338.95366826567,15577.4614704694,15798.185860970594,16015.88889485998,16237.654841792106,16463.354214466293
11196.526906940127,11213.033959981787,11310.664860083185,11455.828149201643,11607.34056869838,11764.892943813964,11946.786052087506,12159.614595751893,12400.8473867959
103681.73314752709,101010.87289990216,98918.52975126602,97186.50381173994,95561.31474754239,94023.44701000674,92656.943545146,91485.53517593934,90483.2848384152
10970.71932124194,11575.591478281161,12205.24212579196,12828.899728551798,13406.964649344318,13936.159486780736,14434.034617063826,14911.015456166238,15369.520045987596
7434.840670942072,7503.1386589118665,7620.5984746112235,7767.06731039346,7917.265946293308,8069.599109998801,8234.253949687156,8415.402825493944,8611.940726220775
61025.22533951441,59551.64104463288,58431.67243700152,57506.20339510864,56588.33843998464,55676.53463266428,54848.77074833474,54131.68638514219,53511.98048161564
74886.11307128372,73606.95381548895,72787.39228266098,72246.34065720916,71768.63606154437,71345.33655638022,71060.31448584082,70943.38629078763,70979.50182286848
60144.38158963672,59185.65189632107,58523.09453026828,58032.27225212318,57563.58816767807,57110.75102953644,56732.53715225517,56450.093300667555,56252.74569115927
17878.161794586722,17926.902137757792,18081.698727533545,18290.399048261388,18489.08665437848,18677.0090402665,18882.40122793794,19115.915608993553,19374.36344810147
88984.18571342807,88863.71299183404,88964.87746340044,89095.54278499956,89026.03938446374,88741.33635688275,88330.07947257881,87828.30873961882,87226.38794800184
5859.035701605835,6021.598229580264,6215.848654250264,6425.246170886706,6628.760882377897,6824.996533644767,7022.726959038007,7225.813006600815,7433.891207738595
28759.528042125883,29255.7403530087,29915.313051030418,30658.83832344553,31388.16227368637,32096.76936426835,32825.31925344174,33592.53096190763,34396.72069168069
7196.182702684326,7204.026097009985,7246.9949710955,7306.403081391645,7359.560029051541,7406.132644185037,7456.283692564814,7513.997950107355,7578.398764188762
20667.866085157584,21072.01000515503,21604.3502410036,22205.705149568545,22801.014132316173,23389.1624863279,24009.478969018804,24688.90645100288,25427.28184382049
15622.946676540816,15956.011585696557,16306.542755936178,16651.84556192438,16964.617087586637,17245.11705103588,17507.218324157584,17756.891610107337,17993.84266901411
3689.003122953531,3920.7236728379476,4167.360772001726,4421.394086780409,4672.714260955942,4919.592736029636,5165.548470363004,5412.759932003439,5662.1227066746005
59129.71699814198,59253.37918896019,59581.48970578887,60007.98177369289,60400.869592885654,60754.67141847346,61124.65291897304,61533.22256285935,61973.41846981268
11684.390478113502,12035.49020802212,12433.758968389291,12856.082438044052,13274.735995333545,13687.219347633863,14104.376066563356,14530.198777743575,14964.656409481671
11550.079814672441,11578.533345054877,11727.780421994757,11953.735863425018,12202.233359975415,12469.034431570075,12773.150913742475,13119.921761137099,13504.358151774144
5560.100331208467,5603.769657205514,5672.709612975682,5754.29817198841,5833.107998201439,5908.2609853000085,5985.9524644312705,6068.678418853538,6155.766655413116
16272.47745457345,16442.137093593337,16698.287114651386,17002.67800101865,17307.943550693,17609.769251256213,17925.05150275074,18260.017952278562,18611.49674436558
8278.336073635439,8453.44159858498,8691.993752397228,8971.467015207028,9262.819973998687,9562.847945611682,9881.924784827295,10224.243617012342,10588.340924798218
3966.996544301113,4106.01786167832,4271.38286869108,4453.789146418911,4641.925585931116,4833.906243999302,5032.987344934538,5240.607807610067,5456.312100725434
7913.086162162979,7974.150222013504,8057.9902951754675,8150.281255777237,8234.414702678443,8308.37919245079,8377.590096037418,8444.086965206203,8506.783340056956
20818.618834369954,21527.78625837753,22329.999443776713,23180.613732354162,24021.16857237929,24848.219165269256,25687.883232201137,26552.865931522025,27442.536072376406
46759.99712035034,46767.09688299966,46930.07196344328,47157.68663740976,47335.81929399481,47465.03702655239,47599.924167086414,47764.20423631872,47954.910236295866
22311.66162975083,22411.082971009248,22605.20932732834,22842.806752663346,23058.889133195073,23252.886013226125,23454.98945639576,23678.21491747694,23920.66353706741
9233.710927847738,9370.664543824327,9528.585351929198,9685.987574247427,9816.60781250078,9921.339375318963,10013.673023327226,10098.774492480507,10175.816986750837
13960.005997615606,14382.638793736076,14852.128587978072,15342.780415981295,15820.514659400109,16283.077043155998,16745.203492293855,17214.162920561874,17689.80956548794
23434.95820307592,23427.06462503904,23513.04630745178,23647.795019175996,23775.428327368125,23893.87793843405,24026.811233115706,24183.994283167856,24362.916540885642
6373.10390275975,6392.527856729783,6462.714515677857,6562.162353513064,6665.210039535232,6769.372217167025,6883.008964443658,7008.681609463437,7143.998011058369
3595.97952228093,3677.328103376243,3776.3327184278946,3885.2756667520403,3994.280740475643,4102.174826465539,4212.328050263607,4326.07592604264,4442.913547280406
11789.098179233559,11853.280734309757,11964.081789821994,12093.645998654947,12206.365963357524,12302.758318029631,12400.08278034399,12505.847630240873,12619.242207074441
14325.577538494472,14713.359103805347,15144.898888356192,15593.367822737971,16023.818181355964,16433.551060992373,16836.919063076155,17240.44987710899,17643.34992210855
58269.622833364985,57074.709396828985,56215.900649786694,55568.92757333398,54992.21722022512,54459.96045425476,54007.73062234257,53660.83387952271,53408.65321473164
6676.097771488818,6737.9279147461075,6820.758465879159,6910.434107127348,6989.733518590343,7058.17340499322,7123.296998873015,7188.06021752734,7251.672782233332
14997.100936742549,14781.597608017097,14638.774854439529,14533.432374441369,14424.427178893557,14310.426418029108,14207.645092338165,14121.608229625112,14049.452707664816
26612.773420162423,26690.47394032586,26873.69884451651,27112.295197621588,27343.527306179873,27564.320009675623,27800.408647243785,28062.265154758603,28346.757977649835
6242.471165253416,6262.564296941747,6315.624327498947,6385.213130240493,6450.719439265513,6511.980954387268,6578.457921645981,6654.111051580779,6738.30246829296
17657.322485383007,17864.183086482557,18160.91085278892,18504.3351355504,18839.314013321353,19164.11531270682,19503.311256772136,19867.701599340224,20255.919668772134
55339.9064296218,55103.151924648606,55149.320764105854,55296.16044115868,55327.811767338586,55228.39682918724,55075.10426415114,54893.41218221547,54667.424934491755
6634.199672366601,6676.729629286352,6746.451059123932,6827.887440236243,6901.045262381469,6965.371403928273,7029.8210961258865,7098.173352766454,7169.643453639261
5423.754461455653,5425.381483069088,5457.629412487933,5506.82191565474,5556.461678775083,5605.556481999082,5660.662768343526,5724.555143512725,5796.606167315014
39605.73342070029,39374.62807469017,39330.88025788607,39366.16513435546,39347.477562566564,39275.729732393964,39212.42844548028,39182.14135751201,39179.440822848606
10856.773937269405,11247.392359897018,11673.186374879999,12108.022359098339,12518.453705945312,12902.119073543496,13273.519401100599,13640.084696521584,14002.375072430188
6786.5650359543415,7346.898283768379,7954.3099104856365,8596.740606248499,9257.80865675745,9934.83932001634,10633.582784331473,11357.320373278963,12107.543065647204
5237.579278280586,5395.854076658032,5573.270595839434,5757.071711885625,5931.676656681889,6094.753012735167,6252.290302122237,6409.529592548801,6571.808726589276
42385.47240932209,41671.07013104272,41210.053508567056,40892.10526715959,40586.12465329462,40288.44812022745,40051.827113747924,39894.18570019912,39808.01360934139
4083.210995653795,4168.017379955206,4269.80928395546,4381.487682483142,4495.497457089356,4611.33931156929,4731.924594930129,4858.026861359842,4989.153095178482
50635.60283598486,50664.316924650215,50865.604175405315,51135.49660843759,51343.97926854674,51489.51051124808,51631.16127414667,51793.86192208624,51972.77765675591
47807.41929051782,46332.66165719387,45170.3518557405,44212.37059967422,43335.91497965466,42528.689267079644,41826.775079718434,41238.50012552064,40749.74667033207
44787.23764188443,44619.032970457374,44665.05099243064,44824.800163531996,44974.54336654202,45110.190170081354,45283.90207116156,45516.348758386965,45800.858575509184
4712.0823899948555,4768.485355833558,4834.96645509628,4900.904008069867,4952.9000993493,4991.266075161846,5022.923275927953,5051.164835417225,5076.243149629644
9994.245599102296,10148.995992326045,10348.648768614687,10564.581431138331,10761.150169824283,10938.145873569008,11112.698772743039,11292.891311715208,11478.916606256456
2478.7702457252763,2605.6815111288533,2751.2060377506664,2909.82872864679,3074.9019477374904,3244.1273619747126,3418.0944668530374,3597.0125598530617,3780.3689864049447
14288.371548143627,14250.786683117345,14312.95268632844,14431.172389996149,14551.760791509278,14673.569255978975,14819.535020585323,14998.027566467941,15205.80176717133
8097.483082836263,8238.124278533842,8413.322054867134,8606.676798001896,8797.612086941115,8984.665721846324,9176.221429637508,9376.104394436386,9584.118326197522
6286.385429994612,6465.552647210711,6670.175527306992,6886.274209511337,7095.5433390380285,7297.934612514566,7503.987978020926,7721.409430348062,7950.5379986868065
36291.2290572884,36435.125177785056,36779.55632709463,37232.03712450619,37677.2237041641,38111.695586102,38585.13706597143,39117.076896924504,39701.55610103626
2608.7540044698644,2663.919899076714,2731.281514567675,2805.5739119768514,2880.5313809715994,2955.1364974656312,3031.189280421496,3109.4785903540337,3189.843665192865
10341.627048516404,10264.89508372452,10225.299808437096,10202.094887719904,10170.046040976917,10129.444156189775,10092.31873803435,10063.935809949513,10043.690839650351
3806.4382412752816,4086.9828034688903,4403.105767898271,4749.613341077761,5118.926652473068,5509.248243101932,5922.846484703126,6361.055034292379,6824.2867434435375
10946.76412581784,10989.249537587048,11086.845693005569,11205.923659386783,11304.669627517575,11383.380171048037,11461.61361160612,11546.956215543894,11637.475638039396
13459.549139192357,13993.633652772685,14580.303855932696,15194.050598528816,15801.170656629758,16398.30483235259,16998.710421524356,17608.427432173055,18226.36938743441
3099.7011765042143,3160.606959028107,3222.6379987580403,3281.026295890137,3329.450162350254,3367.0948184124377,3396.3182127378122,3418.2936114141708,3432.933984866794
12864.864900408773,13139.734272453139,13454.191076377589,13785.308278697928,14103.120135867,14405.999718338531,14707.109240823325,15013.193566007121,15324.756977986122
2031.8609872987806,2161.160080822495,2307.5475260071394,2464.7933773001587,2626.454614340944,2790.0384232812385,2956.0035129171447,3124.9520354622955,3296.674316285216
7373.607632479467,7471.990721472551,7606.820411120635,7757.1150299873725,7896.0315397320965,8022.841300359159,8149.818811171337,8282.362111829158,8419.850166983968
10337.216932993071,10341.351474751129,10382.9324711054,10443.001951728205,10498.349112892498,10547.84571135263,10600.733217758141,10660.345925709416,10724.973725699816
54158.61126508328,53800.79944831828,53797.42261033561,54004.673046528915,54250.98623993589,54525.75345358391,54892.43124194703,55371.50457467959,55948.442746015055
41092.33718426299,40343.830021033595,39781.73214292959,39325.233667322034,38877.428218170564,38435.02105739733,38036.81059050929,37696.952416310116,37408.941745990836
40104.005744048205,40602.06195014383,41242.80320832644,41952.00390972134,42633.56095135227,43284.62577704787,43948.59578983766,44644.621361989906,45369.537806579174
58784.41333949844,58006.90506255522,57466.61317129126,57044.035150665506,56595.516070129896,56117.3452980246,55669.90205701497,55277.072363693966,54931.77338921494
62502.709654963735,62976.59707463773,63569.77201281687,64173.24367400418,64660.37931828322,65034.37711403477,65357.875875671,65655.67176841268,65923.28961353138
47515.636757795815,47624.93196515661,47905.11225859379,48253.10098730476,48538.513092788475,48760.607109906945,48980.263930651585,49223.62838111946,49486.516807123764
4221.821083324209,4309.754049491814,4431.02705554729,4574.460145503332,4725.892558478819,4882.503054748843,5047.863464031841,5223.3362148092465,5408.087686060132
32425.67968346574,32230.44014056877,32214.10153198752,32293.544151553702,32368.398131186237,32435.85020041504,32538.14377720274,32691.574734218975,32890.89183482778
16182.935324915323,16854.754037203376,17583.801042411957,18338.32498576539,19075.923623318038,19791.62630684415,20501.76420179101,21214.50894212047,21929.873616792993
62284.6126152908,60862.43380747741,59814.743041714566,58972.35548861367,58136.98906534408,57305.95472585277,56561.371684296246,55932.05119891011,55404.89594823618
6577.591654614224,6723.739334116297,6902.816934621197,7100.969391180822,7300.1274616663595,7499.128625898172,7705.534223170104,7922.832804073325,8150.739909271125
11744.254377932053,11931.899187976216,12165.590857766572,12423.665230768747,12677.70536261168,12924.0874653562,13175.108880132486,13438.9895412524,13717.346530854962
2031.6393640509602,2055.986233004627,2091.8384946045453,2133.9037237579137,2175.4347517110104,2214.242119390052,2251.0441485280435,2285.889648939018,2317.900328114858
26218.347321376878,26536.32208168109,27037.05264696286,27641.52018633001,28249.89184750127,28853.472861363156,29488.64930763257,30168.218055660083,30885.150369991083
2140.1548735268098,2272.275609876143,2408.7413482931706,2546.3499339223413,2681.0246421260263,2811.134408096927,2937.324928924169,3060.3526817159436,3180.7783817624054
13381.68950701702,13489.514167652953,13642.402981579633,13810.460256860659,13956.896447651228,14081.132493772957,14200.561931033562,14323.890080468962,14451.794684480483
29834.600942187935,29463.607746505535,29253.682411546433,29137.559628339157,29038.287044654502,28950.977086669416,28902.540429736684,28900.34359018149,28936.825718726737
2571.8522112276682,2637.7983295273716,2696.7591110989392,2744.4676264889713,2776.4940817964766,2792.058487525742,2792.7122987326597,2779.4576726623136,2752.8025468190217
12226.067378691256,12665.272196795277,13160.6820596298,13692.622352845056,14233.995888196925,14782.42902369007,15349.588197328692,15941.726366427496,16559.483029603856
774.6617913046064,769.6727884913138,766.0175061101178,761.4250671701514,753.2795246320735,741.2004920802399,725.8256374364918,707.15634787576,684.6987264847411
28067.667518359453,28367.566765494194,28811.670802673012,29339.0632675713,29873.068733485885,30409.60737711238,30980.672807752646,31600.077377832204,32265.239446265557
12994.745390357566,13193.801442717859,13431.992703439277,13685.647516588986,13925.978485147454,14152.342254385461,14377.74733010876,14608.808681874743,14845.982301132768
88743.46930720047,87270.5846286883,86360.92549018191,85811.70544042849,85383.12293138276,85058.4716700759,84922.3104924073,85000.96920255294,85272.16567557066
3930.142244664434,4059.017868490741,4198.759537407999,4342.389802675157,4480.869494367788,4612.993145111498,4742.053588236476,4869.951229670649,4997.126451160365
14971.84683831308,15186.338976916302,15477.173271312187,15819.118955179636,16179.686035197092,16558.01919760797,16968.621448692025,17417.307156179624,17901.92093412725
10634.061349255511,10532.763693985156,10485.554051026505,10465.163766144544,10439.709618611523,10407.787880633488,10381.803641575787,10365.932995845618,10357.801139111236
23166.827645184614,23127.885314994044,23185.87166738305,23287.919572178824,23369.61622033743,23429.547330162546,23495.885307920726,23580.271264085677,23680.257161224385
24203.26440840574,24178.107660840415,24245.1103935137,24352.88680901533,24437.806048247985,24499.577900234668,24568.019340564064,24656.448409917164,24763.67648887332
28421.90355171061,28572.534943391292,28784.85693089606,29008.173495489642,29180.062155585616,29299.639217935306,29396.582832586726,29485.944755852815,29569.485075643286
43288.756290113095,43440.37806952221,43751.71582661475,44131.21886346246,44463.561179064294,44750.732231702525,45048.41124913559,45380.58622615032,45744.31142038603
2422.145336625622,2433.0203143827475,2440.078906326011,2437.983312663199,2421.6334967773482,2390.043762183899,2344.0553173009516,2283.1298455320143,2205.9791684726756
10224.82837142199,10414.96394486222,10648.515408580419,10902.406464463314,11147.101484280282,11381.015236315456,11617.059122028308,11861.578006550686,12114.703482251582
4357.739011793921,4393.683058835258,4443.851508892126,4499.163406230989,4548.1727568703145,4590.641799061975,4631.856303966668,4674.209914838191,4717.465432083086
10479.193873158769,10862.81406768989,11279.186341172568,11710.236887326872,12131.964411461136,12542.171250142306,12950.850043089866,13363.41114664861,13780.388241708664
2892.419806253087,3019.2715990547213,3161.974527347572,3313.5075834233003,3464.600203327401,3614.272098588994,3766.294643001282,3922.579681093628,4083.1834542473225
14525.434966685847,14998.714599816698,15532.345616556146,16097.304718887774,16657.613962252715,17207.969208124454,17760.031883785676,18319.132322087615,18884.757431243488
22384.414739853364,22087.568327545872,21903.074264535866,21780.47766030699,21659.341346173915,21538.59433521514,21442.610127551663,21378.81758992115,21342.56864086444
39759.83544105268,40137.442256649345,40727.32581237337,41442.98483242616,42176.04663836137,42915.18481629741,43696.97609240514,44533.30198601171,45413.8271049627
12387.264261664877,12641.704064358251,12961.54433935452,13313.361011431027,13655.301673075517,13985.257654015175,14321.345691317569,14672.175363580736,15038.913244707179
11211.434596565801,11180.129528311372,11235.59647550138,11344.717068944006,11469.587058074823,11606.067671917617,11765.763950532744,11951.694979552749,12160.069293941611
54217.26704473886,53719.71630202784,53483.84234590991,53399.252013961566,53335.80350099202,53279.472303812836,53271.530884958986,53325.68082492028,53431.84490613681
46606.44446946466,46748.61743391321,47106.59477229732,47554.94791117579,47938.38325591049,48255.55046853914,48577.415633223565,48932.944123745285,49316.39503226396
6725.980945392005,6727.368949745198,6784.144257084679,6879.308133225751,6993.559246988708,7123.138473064335,7272.057747465907,7441.062873220979,7628.160237484773
85318.59909712357,83113.4797162615,81348.24913264246,79846.42025324075,78402.6848289616,77003.7809785304,75720.28936551958,74572.65579018719,73540.30525440887
67547.05331846052,68188.67057986178,68980.01945951015,69809.09331152742,70533.94646797088,71152.4087059512,71731.48897075739,72302.45170518637,72863.48266066892
20452.178892713466,20373.38149329529,20414.85825963833,20528.064452381146,20654.932914444966,20791.692407986888,20960.064104978057,21167.686396598765,21410.366271078572
3933.6661663393184,4294.956610150074,4695.9624927777995,5123.404167039112,5558.849203309838,5997.579349145863,6444.614019240866,6903.203945342983,7373.917170552786
91944.93882744847,90097.91830878731,88843.44067309405,87904.45951282681,86957.53464307268,85989.75482724638,85123.06470062997,84394.21864729356,83773.93491440252
11291.427040354267,12234.408865545432,13226.489333481933,14239.98976395642,15235.664142936881,16208.357795937853,17174.2854343879,18142.749544531747,19115.20933855395
15554.939606133568,15631.47952152569,15796.4421029009,16001.443306977613,16186.792039364971,16353.919134342394,16531.10056292051,16727.480472429263,16939.236358424885
5722.559724531081,5869.1627653095,6037.062550742907,6209.926196983858,6366.47871429071,6507.413015765215,6645.150157879569,6787.338866479179,6933.975303734466
38673.88473966334,38303.83424017009,38085.96039651617,37943.845010122626,37785.11416908686,37606.72371980639,37447.38933939197,37323.00384278685,37229.30435373904
5047.111081940718,5267.591334483571,5504.1286274432905,5744.422566203428,5971.68728236858,6184.936015288623,6392.026452821935,6597.280707502092,6801.351616383872
5310.446163676303,5479.91497264731,5682.277578424134,5908.603431457443,6145.793014923372,6391.208228272131,6648.381013167249,6919.166832681622,7203.758761694538
9150.010905705532,9299.436660170479,9478.218058572897,9668.604889161457,9847.926982308285,10015.22477580277,10180.54498573412,10348.48699980624,10518.511920188883
5488.061229695701,5473.279720225216,5502.19306539653,5556.849667615014,5615.66631685054,5677.456847778839,5750.264055552171,5836.6141685271705,5934.910564200116
56151.69896586331,55490.70379471379,55087.00827052803,54816.49919886758,54529.19114321629,54221.23689976997,53954.72931673322,53752.23312277488,53603.64605465681
3522.5491804492367,3620.206810552552,3742.6597692657474,3878.9022422817784,4014.9196211932954,4148.647661092188,4284.547448193347,4424.255027506676,4567.264261510064
48026.160841902,47510.278241950735,47237.61313110829,47078.55106278151,46876.200172778925,46633.29094404796,46423.30793115901,46274.660372547616,46180.29832049289
1606.173094090119,1718.6854887132272,1828.977343153185,1933.949470441834,2028.7776641359196,2112.273296936743,2187.3899543792436,2257.642576698308,2324.913128346902
7590.165458500342,7813.756661546223,8077.121788057169,8366.150625325961,8662.997010999927,8965.25968918729,9278.965855045873,9606.735772754673,9947.86202655691
15309.536030485462,14738.353883279902,14308.339430231215,13968.984092775483,13665.165223777416,13390.58062512284,13159.538224616275,12974.179241618647,12827.408933727085
3618.48061619799,3927.60151718587,4268.781724655747,4634.706377651029,5015.097654813163,5407.404423286614,5814.444228098314,6238.05097826817,6678.785367958939
5450.340207982379,5599.223704642534,5779.090829260382,5976.831019685456,6175.632248367215,6374.441248135211,6580.338919791216,6796.3649700764445,7021.899921461123
20785.746478572026,20754.619676414088,20852.943424729547,21008.556161632863,21133.736058648978,21228.482424098675,21332.95829117972,21463.34812529109,21616.906868024882
23310.150014329673,23204.083419548497,23294.159744409324,23514.159173514316,23783.312127193585,24095.679856366252,24480.505353249053,24947.253896082148,25488.707854320837
29441.303732982153,29135.454218657273,29026.540131539077,29006.902055052455,28946.904797313055,28849.56303959906,28774.87177179317,28744.361871736426,28751.562101311214
39164.51954778715,39390.678331231524,39794.2613373049,40301.19102548271,40820.26237970669,41345.18052389366,41911.28750183846,42532.743600593836,43204.57250370065
16495.764586101992,16681.746067127136,16940.706144738117,17238.83476948888,17533.110990465848,17821.109299472675,18121.070709454136,18441.621871547806,18781.76960536358
30111.85190485513,29774.90952989734,29573.31496307084,29454.147166800347,29353.566744092517,29267.269491111372,29218.71637281077,29216.33281704769,29255.292361331274
27762.336932478567,27807.037304183163,27935.681588666015,28104.63388301284,28262.063810449356,28406.46017984458,28559.355308557213,28728.23361873946,28909.397258099
19528.39580184147,19555.365674508656,19670.673596100463,19823.92592620031,19952.648624988342,20057.040248346853,20166.350309633788,20292.840904633376,20434.537740020995
18411.94794714735,19001.328860812562,19693.221306940126,20444.59391777208,21198.475926266663,21951.846560516056,22730.180558069635,23545.487548204754,24396.83279348197
63877.0195847168,63055.006685664295,62514.16306206549,62106.75730572331,61651.52202598792,61150.207056923304,60686.48309104036,60293.56266637051,59963.19624785294
3440.2531070333566,3577.94480082118,3719.3637176457223,3858.8495100889836,3989.258057186515,4110.212362244357,4225.213382370853,4335.994386921485,4442.719693581238
947.3850382894353,1030.5613675058896,1116.5787229033097,1203.092994448134,1286.6114512811841,1366.4466326422787,1444.2448052535424,1521.3580000243167,1598.487482805105
39944.68938089674,40001.559397277866,40263.319245993545,40628.13284358622,40969.94133213442,41284.840875239905,41626.532153672524,42015.80980154352,42445.62198585764
28079.142747743896,28129.833288143425,28313.554799574467,28566.460011353374,28809.99852574541,29041.33368504834,29293.6628191133,29580.460982658864,29898.07975013737
12724.89180458357,13031.215419718257,13386.884526455211,13770.41819090954,14156.631719751469,14543.027593058905,14938.30766890058,15344.899283136323,15760.274616262155
2520.267858692211,2764.473723884548,3024.463344890672,3293.0548840111496,3559.852861263099,3822.5445955814553,4084.3934627770977,4347.181756167345,4611.010233624783
7163.16453179992,7449.092709757136,7760.012671329313,8079.877787644091,8386.880768232759,8680.67432511445,8972.669590075522,9269.026928561794,9570.73153748236
21896.994520215245,21773.489053080913,21781.756883933074,21857.826333014185,21923.806086749642,21979.76729024109,22060.87027788579,22180.34598258128,22334.15106843516
8188.7520388070925,8314.640901428962,8470.148257227569,8634.172753076375,8779.231455023408,8906.081591872084,9029.022184994175,9154.404797246327,9281.9175470931
157555.2494178372,157848.3062888573,158299.50691124712,158811.09270572453,159257.07660978037,159637.5908619447,160013.00976643225,160409.41381296364,160822.76836415313
5740.148442292773,5746.600053077211,5785.285537318199,5842.903210192606,5903.453114092685,5965.341545753916,6034.217170821056,6112.183915780933,6198.157816875362
5930.9234181445945,6042.36854989331,6185.752774878914,6347.288213226709,6510.621384548285,6673.4417436605345,6841.09084179416,7016.170893608173,7198.699236246185
12706.623396084204,13554.299238134576,14429.952042393128,15303.447461321986,16133.052594164188,16916.086614791864,17673.666377707108,18418.506896355433,19153.967129770444
6810.891526563828,6954.81845670086,7138.672064464896,7347.166052510423,7560.747872069347,7777.545454826521,8004.963972528529,8246.215794182528,8500.498508295374
77373.22546189523,76904.29195370903,76760.52637136416,76779.67127381447,76763.27144084447,76707.81457459457,76699.89530409785,76772.75513981235,76915.21246528107
16576.999337677946,16552.861324377078,16616.490000279657,16724.33355708705,16823.297403094035,16910.50026852061,17006.849091868928,17120.218182454293,17247.635163590767
663.2874198264211,759.5548135833282,853.9888755600177,947.87218295945,1042.8356363591452,1138.4686540429304,1231.9185058483517,1323.2202685605316,1415.3361096593985
44474.167395310345,44191.94175228138,44124.81427038014,44177.11126235763,44233.245563459845,44286.84348171921,44382.42060967823,44536.27964736185,44740.28135741227
9701.00604977731,9834.522275765792,10054.058660709894,10326.371993340423,10609.47613887747,10901.496933959685,11220.024701833248,11572.004320427768,11955.700788460763
131440.3617592479,129831.16086509553,128669.78031136307,127634.8373075614,126346.35363010544,124787.17602138294,123106.7575777644,121362.34869673238,119535.96284301762
5149.42320840846,5177.133996028742,5207.589887327252,5228.059242588145,5223.222561017855,5192.9768356600025,5144.948229992304,5083.226472359309,5008.499282218064
29722.70631242631,30073.281083352234,30627.33590371447,31286.65878237004,31927.89055203135,32548.704595432842,33204.56440378844,33917.5699010143,34682.78593914998
41316.452177034014,41043.961500044985,40975.78445322989,41017.45895683498,41056.70444253441,41086.590773371114,41148.39945468045,41254.98740561538,41396.48418193807
23466.363482242014,23334.470730268386,23293.137502999998,23302.52433880333,23313.466073276693,23324.66912642468,23355.49438016698,23413.545753076196,23495.77671319451
10296.232526247933,10230.784876695197,10217.664172564408,10232.656668734415,10246.088756274454,10256.598609688388,10276.505281907268,10311.57807113207,10361.41388603401
4099.540690807363,4290.980168166279,4504.639936734599,4731.9120107295,4961.5987844324345,5191.906668090825,5426.629183130509,5667.776764934915,5915.45535698839
3663.540197861304,3820.5173877456155,3988.0375266175693,4159.952571215184,4328.181523807761,4491.214000273544,4651.540144154832,4809.892035034874,4965.416124094801
33319.4213119305,33064.49942404588,32919.01023792119,32828.21631202448,32722.78757511913,32602.611463116664,32499.624555298848,32427.099807191422,32382.034191733106
50778.4440118285,50621.55063299121,50734.78154893266,50996.460564348316,51257.45205034301,51511.64138298214,51820.31229284485,52207.63656821205,52665.689501587425
24923.427784727628,25090.29511563111,25356.61967391283,25679.206937861407,26003.954931093565,26327.460225792307,26671.394132945286,27044.8439250494,27445.26703012224
58793.394082437175,58487.28082795867,58412.15604053699,58446.39303536203,58437.95024068445,58386.28474184337,58361.39896637411,58392.60761489318,58474.332827439575
15137.6608425934,15509.930279869519,15907.421663395637,16303.62323660483,16663.98574427828,16988.662474453016,17295.645016813036,17594.305197425754,17885.664431525267
47298.772527840054,47506.17991779992,47928.68431530878,48441.81301337242,48888.50625112182,49268.88398841393,49656.92418087295,50083.489768801664,50543.20312808314
7884.451210359834,8136.0177939081395,8427.980183600155,8733.996060806558,9019.720763090003,9283.780000655628,9542.24155503611,9802.830936083239,10065.828809689343
1989.3793898370916,2108.4273733289365,2241.8221567841233,2385.114893088035,2532.2842755937095,2681.821511144327,2835.568814941106,2994.717477463734,3159.475881806561
19594.00932420208,20552.742018314555,21568.413224063013,22601.185866221505,23597.17096605662,24552.4626895834,25491.640117836112,26427.856142039866,27362.02408793741
5650.626189070907,5807.626068849924,6001.579142240578,6216.0513352820635,6429.5853149324075,6640.6711151823865,6858.1723339772625,7085.961479427875,7323.529804412754
606.8225948103379,635.8858014021196,668.9091402886892,702.6488044438407,732.5958428218657,756.9334783768583,775.9186682348884,789.4714365246067,796.7858162182126
4018.4079552239946,4182.770391674997,4365.426668079094,4557.507404951227,4746.809596442649,4932.072172721967,5118.31483721108,5308.473382075082,5503.293032578551
21820.9106072425,21633.110688875844,21363.482741992757,21142.646867091782,20946.268477707134,20716.09525320579,20493.108958004694,20289.750304888057,20103.88642477337
9992.451842487557,9949.232303716992,9966.539893807309,10015.92849954732,10063.92295188647,10109.474592620918,10166.023114852078,10237.86402059062,10322.447364032316
15133.195793534174,15328.810772745292,15621.724950243322,15970.650095136356,16323.567589422186,16678.324076679375,17057.20558501023,17469.285260514334,17912.46618031392
14562.634849020611,14776.397424895522,15057.841212266749,15383.247367685271,15723.976515314127,16081.602248504523,16467.92548783311,16882.940099198062,17323.635576622124
1503.5578088593147,1571.3569806923763,1641.471195001393,1712.024376706251,1780.7814575444565,1846.9400268524623,1911.0838190471075,1973.666509836335,2035.0719184782922
11513.874408094869,11884.898319133305,12356.394005185566,12902.761217222647,13492.993250701777,14119.362880575583,14788.137982704302,15501.217777896345,16255.83900455878
5809.207615591293,5984.199572705364,6194.059447930416,6424.149263988108,6655.378624520508,6885.050814851387,7119.6713851450095,7361.998541502492,7611.188248565107
8965.586536046138,8908.948214604341,8897.489002257784,8912.239170925619,8930.264226333062,8950.077307799338,8980.244168529314,9023.809834851569,9079.089110553268
25541.11092829711,25109.101597591416,24832.899930473654,24650.82418021783,24490.1457579511,24346.920501772856,24248.134927709638,24202.531046287164,24204.086026834142
6330.779526311084,6453.323397552895,6600.6165527788935,6760.499108734268,6918.27739890314,7072.146036760578,7227.224538184973,7385.6620804697795,7546.900155839241
8847.927685895078,9293.819983200583,9815.261056963207,10391.540448926387,10993.934083946157,11618.202890615563,12275.088238249074,12970.120594321994,13703.627327987982
97824.90864536629,97073.95348074417,96622.45600306135,96232.01912747558,95613.32819479998,94762.6299418048,93808.11538661095,92803.50416102109,91740.56080360699
74666.42109277858,72872.22502900792,71599.25952014538,70601.85946292934,69592.78337095297,68575.24452924516,67674.24003557982,66931.35755789753,66326.71159937645
18810.422987231927,19269.133762719688,19856.171695014902,20533.822417851796,21254.130595639603,22006.550014834735,22799.45115799495,23631.57370350709,24496.350615900545
41700.27765481245,41205.591717556454,40895.070174191766,40685.62615772472,40477.50739226808,40266.579219504776,40092.99218247202,39972.408311515035,39899.3561406788
44886.34693976697,43806.853946314484,42918.413610496566,42125.91964302923,41317.17689294611,40490.99046821149,39694.66324928525,38945.834690684744,38237.84170836522
6377.985537458485,6554.19179942949,6767.901218788179,6996.7824177850425,7211.582673726585,7412.631740586735,7614.789928376848,7824.61281402416,8041.788270061491
7711.513779481104,7946.488373762075,8219.283006567068,8512.228072304762,8802.154810729779,9087.45173668906,9377.983287519219,9678.151525576088,9987.387510244991
25394.28182332062,25594.62017480519,25902.1181780265,26266.128502673593,26620.741485481132,26963.509660289063,27322.609775743593,27710.25833950526,28124.339680175213
59363.23498581631,57288.42843762318,55779.73047992605,54624.67087207615,53588.63074695492,52648.27687633846,51869.27846589305,51261.75243933093,50795.24800329654
6254.1189347393665,6427.477630221019,6623.83169214623,6831.64323089723,7036.281916064168,7236.51689523951,7438.31693802341,7644.572359712667,7855.083028785109
16838.83261021873,16962.54927578878,17182.499334718665,17456.858840830108,17733.02746831957,18009.743881120707,18310.366110579493,18644.57698898545,19010.386689208917
76668.65777934546,75208.75172881609,74130.81608905169,73257.97576926496,72381.10003190007,71493.07216988751,70676.8059151137,69961.31534456341,69330.98089281791
8986.142952150876,9113.061601596208,9250.734328073935,9387.035979165268,9506.725682513199,9609.327570924212,9701.810811391713,9787.489101348712,9866.270168665673
2893.19415639796,3026.2697125579693,3171.1756007051904,3321.735428880639,3469.151253874735,3611.666043826574,3752.085803803818,3892.2783910653816,4032.8491854740796
4029.1883814234297,4067.879042430719,4115.259091043657,4162.344213909753,4197.918237862069,4221.811135932189,4239.432508437402,4253.548967012806,4264.387264928647
33072.47923839114,33100.11126703257,33314.8741907047,33626.90417088033,33924.025038028085,34204.692423085435,34519.12172048759,34887.43849227152,35304.76498112247
17091.350166407505,16874.63580250654,16761.09961695676,16695.387736495246,16611.308569186087,16509.94807543274,16421.51399083328,16356.60542605172,16312.217035787275
5640.912963591787,5807.632086160078,6007.3380421027205,6220.1910823732715,6421.409136169401,6608.509623351536,6791.207663506695,6974.1112411094855,7156.9716436794115
21920.182205643225,21919.701637756418,22065.420663519588,22296.626441638597,22540.502101649196,22792.838419536878,23082.54248634702,23421.46565366476,23806.72577677464
16339.012448924483,16468.785778197507,16664.54773352531,16887.539542423507,17088.250459080824,17267.162612007254,17448.573289198437,17643.08748787637,17849.591298043135
62182.119800280656,60958.44878765098,60103.84875231744,59475.111755697595,58907.43946095853,58380.23082795843,57938.5910615562,57591.92225800002,57319.83590759087
14171.258247664406,14459.678065675309,14810.207559006296,15200.099509138883,15599.929084408894,16006.619340622607,16431.02517584139,16877.844849896872,17345.89944104193
6998.059788185251,7179.785355069719,7414.438131377203,7685.059255575426,7970.552372436051,8268.066343454788,8584.533918571355,8922.748742121057,9281.733759460165
3723.1574255493924,3930.6551663045925,4155.578744422806,4387.520314679608,4613.538635517296,4831.9069696551005,5047.302323937232,5262.2115865668875,5476.897772323211
38944.995603102434,39558.351138148515,40294.688810355656,41077.22205696859,41807.66659932248,42482.83153772284,43147.35558921359,43821.88664115402,44504.58258307134
29309.668199582866,29932.692899756807,30713.364137880966,31587.122621619477,32469.942106074493,33357.05752516794,34284.30286020016,35267.18862167274,36302.179845457526
24723.156491013553,24651.61228458549,24741.103963307225,24926.525290922542,25127.83471812705,25341.84154216399,25601.19842578315,25917.962367087413,26286.982450043328
7153.936400698589,7448.2464785221055,7782.739310313487,8139.03011022757,8494.183832900339,8844.30217505501,9196.883221764638,9556.096379539053,9922.438850686227
13150.713865597978,13615.441537658218,14173.169574783256,14794.331582051645,15439.530126918844,16104.899933429828,16805.762533159686,17549.006851817645,18333.42114220938
17565.149934346315,17530.726704124347,17563.53854628476,17622.29818259985,17655.006602391913,17662.955253260225,17672.02886408687,17693.371492357543,17725.803812545917
50272.18383764252,50931.67099443393,51812.156449437614,52816.91833489529,53822.651167444164,54821.45639250902,55862.82120008217,56966.57002158405,58125.443254283935
12300.174598579897,12633.090345838566,13060.311826672505,13544.028575891021,14035.47666517996,14530.933363636597,15050.189663805413,15602.047995889783,16185.78600902267
1379.7058165900303,1389.6823788447261,1404.316600469343,1420.89782141212,1436.079180639845,1448.3274120583756,1457.719024514947,1464.063149439143,1466.5958355142648
10390.69076013279,10412.136112679984,10467.93891322194,10540.941264015748,10609.130326313603,10671.586189961277,10737.655345246696,10811.361599815473,10891.846097424084
3664.3053919737536,4115.037255126549,4591.732429602315,5069.005931146501,5535.096310277919,5982.386022355936,6410.996807516592,6829.636938397947,7243.729065298523
51694.02163714683,51788.19438786428,52116.748012536416,52570.72188420974,53015.03828749334,53441.88264254527,53904.91259198822,54425.301481293594,54995.195503954004
16498.217828346566,16724.648723421968,17000.21790345679,17288.843725241903,17545.92019578981,17769.86556046952,17980.713474019678,18187.985888801908,18391.706802091037
25399.033261136556,25568.45482434202,25828.019045837907,26126.85207483275,26401.250562916553,26649.50140682803,26899.79438455611,27164.305036712452,27440.95962783471
30442.92538652166,30127.93622420627,29939.09997016651,29816.885360211996,29688.36620768131,29551.971996909102,29439.12720289259,29362.586898951482,29319.066607802266
77308.01486385347,76242.55696359796,75547.66547465179,75050.09406222656,74540.42179697065,74014.02768117397,73559.10133092153,73209.06554894416,72951.5349146181
5918.1287095783155,6008.143845824087,6117.14205607437,6234.240584021403,6345.456446688018,6450.162615703792,6554.707045230337,6662.651168671898,6774.67917237549
5465.883292447583,5575.452560790381,5711.677752343072,5862.9560384181705,6015.333306687356,6167.033254820849,6322.405229626699,6482.859350580809,6647.337723019833
11271.923634268005,11379.039490950476,11526.48931581606,11692.723712019915,11851.85701545331,12003.685787428069,12159.955122422567,12324.894889490304,12496.87864520648
20551.905842096065,20859.024299830588,21238.502236544497,21652.38150448317,22051.35900527009,22433.465661903596,22820.570963175036,23222.585743798547,23638.230537723804
28265.18487175127,28588.465444010595,29141.335250417036,29828.417390290702,30528.902361320794,31236.49519248696,31999.511722029427,32834.53171341546,33732.59777012421
3476.947800129941,3587.5064140439126,3698.0326930124525,3804.726828749894,3903.937425251943,3994.5451571757917,4077.1118466255625,4151.731411400625,4218.450475880517
5387.6189056738085,5514.813231115448,5663.136626176099,5823.651606791074,5984.985603366518,6145.791920044338,6310.291900292158,6480.678560771939,6656.992298623466
39349.29816859336,38738.3348278905,38312.68006350757,37989.174832403725,37667.28551878629,37345.33182155003,37066.14377818232,36846.1818767892,36679.797392979795
70941.67717224227,69623.72317827851,68789.37974303156,68262.63483197374,67849.38800598943,67525.26959908947,67340.40568220051,67300.69049915636,67378.26654092393
22633.7503523936,23213.153200096534,23918.041382807594,24702.072008811607,25507.90565129556,26326.134459824025,27172.511432618532,28052.935138010744,28962.562365107733
12876.832069059594,12917.066660577799,12997.948227970595,13092.889955128672,13169.688277689482,13229.372826020475,13288.28650536722,13353.3119920312,13423.207873602512
44826.94045593952,43965.52723195772,43362.989158751385,42915.43153553488,42502.587119737305,42117.502793844236,41803.49982894273,41573.9560941373,41418.19710934572
55658.41128326822,54861.727017682206,54473.61054348158,54283.32278714246,54040.32021845283,53749.72067882991,53524.70701148915,53402.715429878604,53367.31198562535
25051.911929788508,25174.824137617998,25397.098209266394,25664.945470788734,25911.706354920334,26136.070260763678,26367.868488744756,26619.583294024524,26888.863653748296
33159.628350298684,32838.05043419244,32659.513205540374,32554.62554984332,32438.457143511318,32309.82304940113,32205.819034921697,32140.92312960393,32110.77262861392
5780.700154114774,5895.183700788218,6053.985794147828,6239.966226389032,6431.236467354944,6625.078570988707,6828.357851803343,7042.667149449003,7267.032025725274
42208.94275842028,42430.47818401481,42869.75543974312,43453.71783708721,44092.09220019902,44777.4235670388,45542.753272390946,46400.324014057725,47343.462197884866
7071.304907548789,7292.190253109334,7524.152182328762,7754.731948124236,7968.278574130662,8163.975050130609,8349.194839713215,8528.192011273852,8702.044298622084
6875.27076323784,7102.2174866493315,7365.792290401207,7652.27275941424,7943.260854733107,8236.076238023432,8536.380754242147,8846.442630299838,9165.660274916345
21219.31756069783,21375.296874713582,21640.03023692362,21957.494394731697,22255.953279054644,22535.213480565773,22829.299721223757,23152.78681093173,23503.623413292426
12265.296046238851,12736.308156190931,13274.835064414927,13849.170836677631,14415.938100633733,14973.227730468692,15541.095767957955,16128.66773311108,16734.86504161418
29041.554756093068,29136.112953525182,29398.262548159753,29738.697489643702,30044.963321790026,30318.271775256508,30612.71029180524,30950.55343438891,31327.91937804366
9190.530597701258,9293.512032196775,9450.50032777229,9633.50921002521,9806.735412187412,9970.076639388957,10140.317609528134,10324.132352497283,10519.951847526041
4052.553371366482,4252.62782576921,4480.630617187672,4724.615742425859,4968.210385551235,5208.09442396329,5449.106142374093,5694.652603808968,5945.413705585849
12884.183149084129,13009.370278538396,13203.830930660217,13438.459592072026,13677.301669624478,13916.808187323715,14169.503409590028,14442.278401223895,14734.496809897897
8145.4788443826665,8554.32586618645,8989.023511589012,9434.349575098033,9872.14998157009,10299.18080720571,10721.015845987646,11141.250910820849,11561.24754249642
21450.692144506083,21589.153336974665,21868.28261625178,22229.908636349017,22601.1834703838,22980.088131372595,23398.606608801583,23869.977646278745,24391.513391027
54782.23870536566,53832.09001076067,53238.01378768186,52811.989041656765,52331.7102467603,51793.78679732187,51289.4316212432,50847.97472624501,50453.22474020373
25728.724516682527,25615.85747566363,25660.16568562517,25784.817598474445,25895.925172319636,25992.643403612292,26116.50243618011,26283.261180718724,26488.14157383539
870.0126856090743,910.1184902486417,945.3000816468327,975.4601441682266,1000.6790376978618,1020.242915041768,1033.6931978640637,1040.6485102268064,1040.7238891244797
29232.127070655333,29164.005470539225,29206.192497147444,29299.73559909186,29373.01049802814,29424.106975015544,29483.823221316758,29564.617354096263,29663.611206198013
7779.232604218848,8045.39975034493,8339.039975114212,8638.064395909212,8913.41215679597,9164.56917057893,9406.290581920093,9646.4493838061,9886.27829781146
20276.96192589001,20717.239622221146,21324.060113680287,22044.924203407107,22815.38015275035,23625.21753251629,24492.192188635432,25421.302290934465,26406.21146254006
11728.210959404214,11876.791773617075,12098.250494626162,12358.191580897987,12613.747917406297,12863.25814660883,13125.164697540724,13407.251897538734,13708.17354923568
18180.028404451452,18283.545818259925,18491.232078067795,18757.00297121918,19023.361740356868,19288.634036704218,19577.873094077382,19901.502303115398,20257.412688973025
5032.824209659452,5177.6384424592625,5332.893563814,5489.949893016542,5637.57608675308,5774.995074990251,5907.282268666485,6037.377463908871,6165.976179206
2853.0448364141553,2901.468379988812,2956.7708972505507,3010.453405170528,3051.9338983239604,3079.401896055124,3095.6355109755314,3101.3483980394712,3095.584820805533
24576.03566366263,24482.40157599955,24503.44507220687,24586.9497266211,24668.594166907274,24746.92620213872,24849.964599454957,24989.241353105554,25161.94996351322
24987.028327235912,25339.19602828751,25783.221702895193,26271.934998555625,26744.741819279225,27198.90605989678,27660.766602708216,28142.103771169597,28641.238942258457
757.6934270446195,817.718131149672,883.6171881314347,953.886187989392,1026.5315901483339,1101.3593268135216,1179.0268335101064,1259.362580429642,1341.9954356530718
4052.259261029361,4227.3444216075695,4417.292352606982,4611.787103193523,4797.02591748155,4972.624782350018,5145.623415233062,5319.865764883209,5496.063921698864
5178.434102377732,5401.677211568709,5646.578469648112,5902.67509281304,6156.471915980741,6406.28370551081,6657.362742943527,6913.02380327474,7174.5399635232
6567.546613658112,6666.950328484416,6786.7314361519875,6911.058801572048,7019.797011194124,7112.755826226797,7199.803426553003,7285.691867969596,7370.452879146329
18080.199119511617,18420.88382485099,18864.861687539284,19360.274915923135,19840.201415789823,20302.55123119824,20777.387495570136,21277.637809567907,21801.632672361367
6325.244501139111,6442.178625308541,6587.837764736683,6748.885271508106,6908.182005298109,7063.628484746929,7221.118005412702,7382.9670223806625,7547.9807421918995
7125.448830998053,7242.864084972007,7388.933357250032,7547.945720963266,7699.645662819328,7844.061318885531,7991.145777910795,8145.833200308295,8308.158180495178
1549.9582559501778,1575.2731637576794,1616.77170011828,1669.3630374632958,1727.3015008622056,1788.8776568797666,1854.5750821836114,1924.1381079363111,1996.7024493553763
20018.63472875699,19791.38452309693,19668.808391796374,19598.395073827814,19516.909948844113,19424.5679957476,19350.30302132402,19305.90324835593,19289.142529758476
5909.967240557967,5939.748945459542,5994.192554901378,6060.481655714849,6122.470527984157,6179.716955697649,6239.300533429535,6304.2418140055115,6374.053046133093
16180.209351422465,16077.64297870921,16048.387747535604,16056.457853466329,16059.070043682286,16052.302456507537,16050.622385008337,16059.333810670616,16076.004981315058
15627.451725857329,15593.997788175997,15651.942968441084,15753.940854448889,15841.637964717307,15914.917422690232,16000.312486735997,16108.305517644476,16236.54271495537
10263.34800243714,10353.519874258394,10517.077894692402,10720.219571071832,10920.163648659185,11115.514979724865,11324.749424318052,11555.010951396867,11804.086589309616
44270.821851077795,45038.28122852721,46037.460722074575,47164.19797896003,48285.968678747275,49389.08498299053,50520.36801952516,51697.09253898279,52909.413699534314
35608.72491672416,35171.274494672114,34929.73390327674,34802.67229844182,34692.25535083963,34594.20537722093,34546.869078741256,34563.77562500211,34637.74383412207
9866.578144432593,9931.388047263745,10053.528342980531,10213.851339497782,10389.989950152456,10577.596373373146,10781.509253968448,11002.77621135284,11239.186508969551
23533.08621533674,23928.185842153478,24418.46673251525,24943.85761111941,25428.10122536984,25869.124530139376,26301.584635115712,26740.749408703377,27184.73984289675
34758.523761999226,34767.80730666466,34933.61672065091,35170.21737181292,35369.471672235835,35534.37649571871,35719.29491349279,35947.30770009791,36215.528604734805
6188.046126099672,6385.101079869541,6616.721759269719,6862.352082108596,7095.958959165895,7315.392865213719,7530.809809518739,7746.517327416711,7961.875966025793
64577.958271509364,64447.41123088566,64559.192142445485,64782.6651417161,64954.560691560786,65071.67151288922,65206.1015908565,65387.57502583122,65608.71794976378
35730.47053605158,35277.11273481998,35022.54293556432,34865.9921366408,34686.45537163853,34485.00285172441,34317.79811273723,34208.475586174034,34154.05823516587
36542.58430191816,36260.02940269695,36199.87839093902,36267.06429790043,36346.241782550955,36433.01043713938,36573.84348892643,36785.438243892044,37059.786048243615
3042.8611021187926,3132.218823593187,3231.6600133247784,3334.0497942971533,3430.3480055799664,3519.852572005896,3606.287555985412,3691.359370125823,3774.9157567607103
1979.370523471449,2117.934331155025,2246.4161631863167,2364.305518421628,2472.0379700031276,2568.9107762379294,2653.7512010652827,2725.284025686924,2782.696562787368
3535.756617698176,3719.2917841886783,3912.745880200264,4109.554653563158,4299.676901918644,4480.734169388753,4655.171228801496,4824.060346177916,4987.059497779449
5468.4144158466215,5894.127161928778,6340.61390790427,6793.804981335497,7235.02793816524,7663.081896784326,8088.06908744269,8515.661330474395,8947.6424796961
14618.741391178679,14667.085801125375,14774.717001398394,14907.371813558395,15021.565960119116,15117.741756737612,15217.127440613875,15329.084150256553,15452.841809989599
9752.58136828523,10111.932355065337,10585.747396228704,11141.627658860387,11738.743602875376,12371.581591628505,13053.398619566486,13787.767373536411,14570.901599406412
18261.869868313974,18951.192146586778,19771.03357209053,20676.216356094592,21608.536568315158,22561.82959656898,23558.319552164165,24607.56980960276,25707.28814486637
8079.723599480691,8175.456857019964,8309.624841890027,8464.805014243457,8619.576273406326,8772.138260067732,8930.39512089919,9097.265740002616,9271.482031611999
14059.842342777996,14213.21025299044,14402.62748902966,14600.127998747987,14771.368564810604,14916.111165649023,15051.458648682026,15185.572321605126,15318.575300816723
17995.488030669632,18102.286364433952,18341.021591865585,18663.579364373127,19014.508154777486,19388.18177061083,19803.90678986436,20269.450193881512,20782.53231691389
50570.436212674795,50410.76556847606,50451.53325605164,50588.310220751686,50692.666878518095,50756.041150315825,50827.052508408924,50923.7257572121,51037.432680509904
6505.621511505462,6618.274249704268,6753.768261246142,6900.567324983139,7044.054425175216,7183.262353013002,7324.269606087192,7470.095390664375,7620.776888264507
12004.355436938076,12135.988123206811,12302.796549721314,12483.66517187419,12651.592122508755,12805.311764684653,12956.944037173975,13111.70440691535,13268.812264208571
93902.67085284893,92612.11227500219,91750.9607627172,91136.69729619483,90552.30032932012,89985.60519183874,89517.47183612191,89174.80301830971,88939.8089092402
13761.377637682352,13938.24059636288,14155.519457987151,14387.967302754922,14603.367148103871,14801.419167281398,14997.662660001262,15199.88399832937,15408.478800657906
12052.215562764166,12441.247018029897,12881.436541921812,13348.104116030536,13809.320720110538,14260.124156922015,14710.482908133199,15164.090018951643,15618.53070808797
19326.980003403183,19414.488447737553,19583.483605647976,19791.063966899976,19984.78219005696,20160.8202669238,20340.127686142845,20533.467168409552,20740.494015938548
51804.10565212479,50797.730677568645,50083.309398993435,49515.95232133005,48924.15025319034,48302.31335503387,47718.10898331367,47194.31396226587,46718.430233298925
636.8462987142531,781.1628019323218,932.4106532884635,1087.8717850044106,1243.994629242997,1398.8930101011151,1552.5106293901354,1705.1180282214466,1857.266695205478
45811.014151079755,45476.57982702679,45357.05702141681,45339.72242142991,45289.92132180714,45210.23589403498,45163.939261539985,45174.87457346557,45236.35958300358
717.4836891390488,781.8665492298882,823.6106591341455,844.1487872066972,846.1869365429435,829.3015909359972,791.892806558904,732.6387790086566,650.6252356961282
7304.562241227396,7218.399546512214,7179.827546081891,7166.103156123291,7150.165107884571,7131.021323521538,7119.571615324573,7120.185178189222,7131.594844908322
7019.326006451338,7142.852168336359,7304.752652660918,7483.770429697819,7652.512164885748,7810.933436008903,7972.16812268087,8141.48632233329,8317.927918824333
54373.41348568934,53409.22813165613,52740.4483700167,52252.39109465625,51810.86604742713,51406.658366342876,51086.61547171236,50864.855540433084,50728.57862298994
21265.02426031405,21685.946215708973,22171.299935669314,22676.9154857176,23145.47268131723,23576.055270190423,23995.91981919759,24417.19650488245,24838.466718587526
-567.2648650590388,-335.0104547728576,-97.3032498704347,149.46572082029607,407.8249320923662,675.602595663074,950.0773517063004,1230.2645534657368,1516.396658460147
28352.37755274642,28922.36042727071,29529.105332275838,30128.38651646123,30668.773021700537,31155.100677692753,31617.807665257307,32069.06286196988,32508.060112239913
4704.31750277731,4752.422431396661,4837.167169503703,4944.4799820281305,5057.030588198603,5173.231152052201,5299.192444156946,5437.0821534660345,5585.665641226562
2733.301646765225,2804.467797704461,2882.887172675896,2961.7356638172146,3032.183383475284,3093.4234978335257,3149.0891191508463,3200.9651500987725,3248.948931803852
29469.20739740484,29506.351541183205,29716.81019184984,30034.353658517644,30379.24675581795,30745.221577419416,31161.114399850972,31636.837833027006,32166.202093412965
4166.211987204727,4295.747876073344,4425.622134552094,4547.447771214616,4654.083373471764,4748.6040237610905,4836.351102541655,4919.972179384006,5000.373784054351
15650.109662799001,15694.85709397311,15784.492433292697,15888.242583624533,15968.49199244588,16025.644806496644,16077.897444181566,16133.038874369655,16190.266226887596
7046.945112485838,6919.433333718811,6860.233587791285,6847.8785147179915,6857.720838035694,6886.061851605538,6938.823529558085,7017.177604350278,7118.532733065288
8908.485063247006,8976.092115553829,9076.075541526901,9190.323312792647,9297.329273141911,9395.549855623856,9493.257900869374,9593.650108181677,9695.640505314494
22955.62768055116,23018.324214898505,23191.481893178978,23415.432759448726,23621.40767887967,23809.53720800401,24010.703771659242,24235.562929774373,24480.05966066468
3873.3550705859816,3978.6171684116603,4091.4153758319403,4203.676177993623,4304.755582775203,4394.9552920954275,4480.291432868149,4564.184200197452,4647.39984943822
27557.38841972471,27499.39693272386,27565.17692794037,27688.12324737428,27786.175383889127,27858.924300025083,27943.920602064027,28056.65276196901,28193.897987253982
19439.420309803543,19717.739261002313,20062.446577253948,20438.79098810384,20802.67703425299,21151.887056505333,21505.36846597728,21871.7709152833,22250.19223286228
18677.025740743906,19266.787728200412,19902.484190196625,20539.032729085666,21118.90305019527,21639.833848786988,22129.073077510515,22601.180623894827,23058.209124066936
73812.26067760117,73019.66263373007,72597.45237648323,72371.72653539863,72126.35999312751,71863.99875735832,71685.79911872056,71631.82328214559,71691.88305344185
81675.56233648986,79345.91405300325,77577.46622788503,76129.38287043081,74725.35963085444,73359.15977691984,72135.00465491384,71079.34599327543,70165.05587894194
11065.163829370065,11240.745577439882,11436.955567075494,11634.258699071224,11812.0677773683,11971.117495557375,12121.867535283525,12268.344192230836,12410.406846975126
17009.447879619063,17050.735523622814,17177.313411705112,17335.013760541515,17455.898219040093,17543.02185632696,17631.568577639136,17736.015970073648,17854.812128741905
38229.30368433486,38230.796707582165,38402.31771194051,38672.21389883647,38955.69018120855,39247.03407886378,39577.839908523376,39970.176113514295,40425.0490238698
12920.315157877692,12980.40657217404,13126.931230432123,13329.490835827055,13550.223074758525,13786.147749037895,14051.43846162823,14351.776125714647,14685.233419770831
6837.324619133646,7002.027948349281,7206.078860443015,7434.005735287487,7666.709647408775,7900.769525468823,8141.480346836989,8390.690793673264,8647.16295710198
33289.92710043018,33397.00402017714,33685.6348953049,34063.625632060255,34416.32927437874,34739.14753589485,35079.27235606344,35454.44842177488,35858.66149840889
2794.8121555863327,2935.4131808936986,3086.535352851704,3241.923662279312,3393.648238751563,3540.287066492903,3684.8339544084647,3829.0221512397616,3973.1661639268523
14465.334277915545,14731.540324864307,15046.179845527802,15380.082202765301,15696.040845715312,15992.499673851207,16286.290228876876,16585.841904280445,16891.632086509093
11477.88719694473,11735.13501457844,12038.942103584164,12363.277847970885,12674.792145739626,12972.605639510768,13272.43580653782,13582.063031708032,13901.91425682324
12848.536443530753,13186.62857213741,13569.585825603372,13977.399246115561,14384.843337881313,14790.548284367937,15205.528826991498,15634.537774578392,16076.536252293405
80731.01885391855,78569.99976379066,76913.12974592004,75557.83448450355,74268.92454515352,73034.05358298068,71937.80229680591,71005.483055407,70215.26764014509
2119.7532689468367,2191.03244641421,2275.245908835392,2366.515321121817,2458.5545008439226,2549.799508896552,2641.390759765776,2733.6416555945307,2826.4396073186394
3237.666997142613,3290.5890068295585,3362.169569171343,3444.3400426658577,3526.8674686001273,3608.504964197796,3692.6545830535424,3780.5075571544467,3871.2487818868467
3895.4163067375794,4083.806878323987,4297.4488337379,4525.119931201259,4753.349751201042,4978.195959291761,5201.404982039378,5423.542737223139,5643.869226494846
35432.33964876862,35318.40811194192,35375.447517259425,35528.09283417915,35680.692455717435,35831.52984801876,36023.227410358384,36272.796289214544,36575.63403029046
4543.950927723422,4624.168787872744,4721.860328102489,4825.8592377003915,4922.315876302317,5009.783069770921,5093.682243475636,5176.947754586309,5259.968793447314
23577.007643740868,24978.44619028452,26483.933248470963,28033.370140641597,29551.336834903923,31019.605427834253,32454.63369633285,33863.29180427393,35241.47985946217
9464.674176325303,9703.277007518336,9980.408941621656,10276.337044387317,10565.052832658068,10844.503605224463,11125.636700436253,11414.081390707775,11710.111608230322
37698.44992296621,37469.32646199816,37454.24221277751,37539.619223354995,37586.246776015505,37595.2488735261,37630.974311925165,37718.57453927468,37852.142164159304
18572.380673533095,19505.283729586467,20562.92889908618,21694.947167428465,22834.92977222282,23975.150706948243,25141.290811195206,26345.85396885677,27587.857690823945
9942.476449793228,10079.982272663116,10267.408844830223,10482.372398519148,10697.793654358107,10910.780428486092,11130.69154535167,11361.34174201651,11601.743698509297
28946.772123411833,29170.67584375419,29493.061243758853,29862.184378973776,30212.062618672622,30540.89448807429,30878.480361538146,31238.315603056784,31618.866784437392
58147.648548234094,57233.77818183397,56581.45122340223,56067.478340374044,55542.94102630421,55005.10092398649,54516.76410416983,54101.6000921007,53750.79632633738
2145.383622038098,2168.8476751600465,2218.8205253469973,2289.6834685481595,2374.8436792637644,2471.3506704662295,2578.8288026516625,2696.3462804279175,2822.4494701850217
52142.67869791163,51574.63765226487,51231.43522881603,50995.60606879867,50725.617302927945,50419.08990576223,50136.88986595362,49902.812891889305,49709.75649333853
5063.911849805995,5280.104462985531,5513.818090021721,5755.3819094477185,5992.915393787843,6224.964978814608,6455.800949176581,6687.8596403517595,6921.418866579192
18837.36452942144,19618.019761777356,20466.396898904786,21347.996838578987,22215.1788071858,23064.4364328663,23917.069900630053,24783.707880421156,25663.856285512506
25894.213343791205,25893.95766121748,26008.16007456095,26192.13884842916,26391.088521354162,26600.915243964188,26842.14562791639,27122.74097461659,27439.22257784633
2737.4784342535872,2904.7313016592775,3082.7975898048862,3265.547961206133,3444.8364391894333,3619.55333330265,3792.746951515912,3966.478533154529,4141.862860418016
16850.40341545282,16838.803432217785,16884.61351207181,16957.449301546996,17020.819472435538,17074.216300808213,17133.420954961985,17204.452125966753,17285.590804756288
19677.190387441988,19377.6822386,19205.06647226097,19109.010814620437,19029.480168009613,18963.422518591477,18933.41688350382,18946.91214824982,18999.078263199423
13328.672332029055,13617.271378472073,13973.602956902567,14368.421443388905,14764.446956142165,15158.296004624297,15563.988864467741,15987.092800916573,16426.381247319427
29493.380439386845,29053.669770537774,28769.70635250886,28572.704617068102,28381.032383901882,28191.03776686612,28035.097861744965,27926.416090610986,27860.9077409043
23672.210135062276,23890.94789227349,24176.956980291758,24489.759682864707,24784.260263637094,25061.065271554467,25340.224215349746,25626.851650327953,25916.51953549129
72209.26597992722,71510.35273309855,71131.10240182576,70934.66906454801,70754.7032621244,70581.84659436646,70479.63459243311,70470.82297170396,70543.20474470538
5823.26800786738,5882.77026193504,5952.542846359837,6021.604543406024,6078.593872574194,6122.554698465296,6157.028808001816,6181.853819390044,6194.377976565948
26481.399562515264,26021.136085529073,25764.30201276501,25623.306873347276,25493.917413051957,25376.656849275758,25317.140460390252,25331.298577183337,25412.782844572124
4210.134078329828,4287.362311924257,4375.957479617187,4468.982403703307,4557.898020252996,4640.848578070366,4719.7599723327685,4795.41842131938,4867.550383421071
10942.379493279399,11012.024688837493,11143.83012114238,11314.69215420644,11496.372911198323,11685.835917076867,11892.90213821418,12121.577124356874,12370.388238515212
29385.698195864792,29398.790911036136,29598.23428437979,29898.254827610912,30191.82374899583,30477.093673386098,30800.69924092063,31179.77444808428,31607.52748130888
8142.568743001053,8532.100655941507,8941.797011926548,9349.423322282033,9726.55459731391,10070.744842856993,10394.32004376288,10703.818125801894,11000.05661840445
56030.01195346145,56298.404052883634,56762.52866527066,57325.74688037354,57865.58441283875,58378.08811965034,58916.46047972082,59502.917429309106,60131.64565304419
66158.39218437791,65896.1009539409,65987.46151314308,66269.91873281871,66543.84588496384,66807.64177652604,67150.65038030889,67607.79492368344,68168.95863849376
27068.120227683252,27107.73927784768,27321.716061032006,27634.95308267776,27953.968152946894,28275.97142256092,28640.829696681674,29063.94685448977,29540.25316474557
2355.685110207439,2478.7310793624024,2618.95132266916,2770.2305706718275,2924.946754496705,3081.2256514089454,3240.7724227386666,3404.414945307843,3571.8814705192735
-367.49252641046974,-297.9435197282836,-227.57815196250968,-158.31607746010326,-91.21261146742272,-28.66504017798087,26.915728832939394,74.00124856868575,111.74904096759
16371.304744890398,16473.200968751848,16652.32559298391,16861.05461123342,17038.727832650653,17188.48191085286,17341.33566924834,17509.326314614817,17690.819206797445
4860.631034136308,4979.712125396557,5119.543940411703,5270.186253544504,5418.798042023397,5564.393243358508,5712.362765631727,5865.285185952396,6023.081558559005
3318.115564420706,3364.0782558848337,3426.9285319926726,3499.5753614680325,3573.507788857737,3647.66122982715,3724.766141730274,3805.8082722546706,3890.1959310228485
55024.50602215695,55774.67803717097,56709.37336927997,57715.70315296429,58648.06866530318,59501.20692609612,60339.43041661827,61190.96398977759,62050.779934858765
7061.286550083047,7277.486054308751,7516.7506486726525,7766.808765402007,8012.372054489901,8251.150797143915,8488.539089322974,8727.909224877847,8970.175201067543
26974.344110831822,27367.314243541983,27807.86807387157,28252.975156787586,28650.398544136387,29001.970820206592,29334.90891297942,29660.393796565677,29977.031362179237
10288.329941177175,10499.972032534386,10782.3836775105,11107.4236719621,11440.091563260643,11776.599484173268,12129.259124597525,12502.742874160578,12895.091777363987
1446.0495912813265,1507.3016402599294,1567.7124653430783,1625.4627590538046,1678.1180287987663,1725.7840295270846,1770.2273823648748,1812.6926533457463,1853.8067972949316
5948.003840406052,6054.385770113269,6177.32778476435,6302.805102378374,6414.336679476172,6510.793682710207,6598.486454375082,6679.452419105641,6752.639286749962
21390.046736583547,21701.95548781023,22080.767272249785,22487.363214795514,22872.978340592195,23235.515671258854,23596.490870379035,23965.76535692903,24342.701860864574
6115.621624663399,6223.495206931633,6345.990941122892,6472.491576819134,6589.311019303321,6695.257828857332,6796.050273394998,6894.697557498424,6991.533801672614
17439.81617052197,17433.108889429444,17520.97230960854,17672.29875532351,17849.14807714182,18048.224023843813,18282.907285897123,18557.948536653854,18870.301299677125
51777.46982255208,52075.068546057424,52574.956121332885,53179.8537238431,53767.22084411279,54330.94580828335,54921.7551212662,55560.75603339848,56241.85326204601
5639.193891470427,5669.168536066823,5716.542299283636,5770.777511006778,5819.421872084711,5860.781881597057,5898.931026011916,5935.679163351591,5970.6352471856235
7551.158462654477,7811.499662840403,8101.5551641717775,8406.038152140316,8704.867763648883,8996.429039417999,9289.216110138299,9587.51178244437,9891.474538275612
49354.30087943338,49441.18625991821,49669.72678492589,49946.43721105901,50157.50669428725,50288.72537297774,50375.85770753438,50432.08776405111,50450.40321919284
13021.066675011409,13439.92273075128,13963.714526359712,14566.68238932222,15215.685245911205,15904.32443040874,16641.243703963104,17429.604545001028,18267.106537554824
26261.5713532028,26601.12677335142,27128.718271069076,27767.694821874153,28420.9374454759,29083.075319936765,29793.878553271472,30568.879343817232,31402.9791865606
3134.928047482517,3305.4028379692118,3484.8767097640985,3668.0797952799794,3847.899668380719,4020.1248471659464,4182.542128583313,4332.57783367045,4467.66972187642
39148.38575444815,39069.851965364716,39148.3437256548,39313.990215552265,39479.906732812,39642.519347692534,39837.78454218299,40080.087925120875,40364.58972992622
50970.095088743175,51201.42276455166,51600.190394036705,52028.72973347848,52316.80390560062,52459.62055592704,52531.88962733755,52565.66306051349,52556.809534416214
15868.469292215646,15871.152484914966,15971.082803438298,16128.915673162166,16296.057375559672,16470.409775517393,16672.03860795678,16908.942321018516,17178.707587114688
13424.988999018244,13340.750978743314,13315.286338467477,13318.761078424806,13314.366098226517,13301.236800962597,13295.22298691297,13302.795164440346,13322.432969296722
10521.109362455702,10670.182658427408,10851.474990646535,11047.333819912761,11234.54529195753,11412.820208615574,11593.359399832414,11781.61932817098,11977.636006854067
9604.755539725142,10056.994303724383,10559.81322887095,11089.64093061901,11615.609360939641,12133.46842022103,12654.29371950885,13183.564932348674,13721.321591391146
-3683.0890322944742,-3378.2487752242937,-3103.7370298037004,-2849.430503344425,-2603.926551755031,-2367.7399614554556,-2145.8824361729853,-1939.9939418242282,-1749.0689212000875
17538.671008893754,18290.102895481912,19145.614453084952,20058.478486959826,20968.459009270344,21867.276816863214,22776.12576147535,23705.081516536327,24653.056178244824
36458.59373390485,36856.566176709006,37506.16695320271,38297.47926439593,39090.661433147056,39883.48075928699,40739.34015630784,41683.504066786605,42709.71727589949
171.74820763607164,257.44829257201366,349.596746455942,447.03807180552536,548.0173930990176,650.7808416188508,754.414730712522,858.395549781803,962.4192070872343
20315.094327867417,20400.70963962394,20608.25184432586,20887.8901771449,21178.069246713334,21474.783194801523,21801.6586824076,22167.46386395188,22568.049431547173
5131.762394484861,5319.48878583936,5530.036637255413,5752.185546953727,5971.246764542752,6185.985295469941,6402.62575121488,6624.375952981109,6851.368260416778
5751.808548123059,6067.307382986535,6420.510361533277,6792.16422709534,7158.2563044516955,7513.7171916125935,7864.917204994792,8215.385308228597,8566.575656901916
80641.7104404064,80592.74299557744,80828.86133271767,81191.5757661352,81488.05758923733,81707.90619538601,81927.92351368359,82178.25678551373,82447.74902865193
26780.701653940003,26957.63067154795,27298.124522771504,27718.632757763236,28115.963104333317,28488.132572019495,28881.033685947736,29313.441149156955,29781.773692479175
30849.49639442482,31112.588166165533,31476.04519729849,31883.660747778657,32262.052612060812,32610.69534000888,32964.75087314109,33340.46196855878,33735.613672317115
27820.449244037976,27902.465922323438,28114.54779255059,28402.801375685685,28699.288589737087,29001.294502110235,29337.441885368266,29719.348440762296,30143.388488692664
48221.091845599294,47566.92975300722,47316.87118288168,47307.59870711746,47344.685822708794,47419.51639046927,47605.84609674847,47925.9739008814,48362.82294261486
22563.43841139921,22681.737443830312,22908.241872265946,23190.01055390847,23459.946218186273,23716.460334156447,23989.158211626633,24290.018000876687,24615.6965372954
7972.581340141263,8085.959176609459,8225.896808042475,8374.616365523038,8509.691751259375,8628.788945249162,8741.941473591809,8856.519130508248,8973.755683380727
72218.84766922904,71037.5992894044,70206.98950074588,69593.48968582391,69047.23265124818,68547.81187697203,68132.00979432437,67802.70120403157,67536.8727682864
29710.69808268977,29686.44130758807,29866.48979530885,30145.835061934824,30394.84505177192,30612.251843746544,30854.721241985208,31141.94045226386,31465.541385897915
7267.990454612112,7338.64200230368,7442.97686356216,7565.950722171867,7688.867334952728,7810.595827219306,7938.834542950963,8077.123638083369,8225.314509732647
8061.971792825242,8181.284499245024,8355.623679792858,8564.74832572385,8783.369908797087,9008.738345915,9249.585676440782,9509.299197005634,9786.560477573505
11255.301210664302,11541.607079405072,11913.607014294703,12333.934986477156,12754.96764456599,13173.311612057138,13608.418493856883,14067.398554472935,14547.509552045904
18405.750078143825,18474.935547738933,18632.353544518362,18836.686530559953,19035.69963699477,19227.515937886834,19434.778307246932,19666.995376819315,19922.00643789082
23354.895186789276,23139.664564627205,23042.64363449463,23004.948406477903,22954.48512307452,22891.675110064065,22849.87032192465,22842.59258997616,22866.98888464108
35856.27414240142,35182.18905395564,34720.77087949856,34386.951618877305,34080.746263480956,33797.545407354824,33575.10011566961,33425.70228786548,33341.22543186776
10522.01899873652,10794.819530637857,11104.6924810651,11431.544333270529,11749.082349785582,12056.31312059945,12365.446914149898,12682.468737970137,13007.387700445604
20347.53544253411,20366.06432336372,20478.03759075507,20646.129493441542,20825.10892429436,21011.555629072125,21221.801695519986,21461.16256776089,21725.88094199958
44512.57948353037,44211.59457291594,44181.10929588441,44269.98767063993,44294.41357185907,44256.02962546969,44238.72846853399,44272.00015167159,44345.25187353982
10689.80779561592,10746.115807104643,10878.66422299436,11058.488751333176,11250.64490689802,11452.784762773448,11677.824592957377,11929.64875068266,12205.193475460703
43453.630960296236,43099.934383949825,42909.0006324361,42794.33848947328,42648.470106045286,42471.141809968285,42311.42611468499,42189.67715675942,42101.70441712344
5958.408218243569,6374.570483837191,6852.158561440565,7355.836283346127,7854.242891642866,8357.297633145312,8873.26564619942,9406.825170590482,9959.235947071827
4820.560340169589,4979.277242161953,5162.939118754875,5359.527290352899,5553.267601541341,5742.277599826932,5932.276185450653,6126.237975645227,6324.470037329166
16122.184402758161,16148.018270495299,16305.944767550578,16553.546072381065,16842.358851670015,17166.202707002005,17538.36356537522,17961.099540629515,18428.62159844385
4438.557220546043,4585.137693380215,4750.016212971287,4923.300975596136,5092.432639521961,5256.432837616949,5420.428513075851,5586.833065646294,5755.573841484886
34095.569505813895,34313.45797880605,34741.55285363338,35270.720413891286,35762.15490926571,36216.54472655215,36698.98574603207,37234.71222059006,37817.25746073515
16084.298259913561,16776.933370797185,17526.856768444966,18301.053747341033,19055.038723170397,19785.80291237248,20513.687687358553,21249.73503651346,21995.408165808512
26572.10638090342,26437.824829778965,26407.99017302998,26432.13341689688,26447.871423983714,26453.732347647314,26476.7316294862,26527.84947900908,26604.239076439884
73279.17375776298,73566.72816812496,74121.1352047043,74820.3121858397,75511.94462882506,76192.44955575714,76930.09781219956,77754.73591366976,78661.67005961342
4365.588355456028,4608.586561746774,4877.569684803115,5159.117331396034,5436.801340453087,5705.720235070261,5968.78385730577,6227.7712087321715,6482.883507136879
22993.18982251544,22798.07663370321,22694.136511919376,22638.19712841091,22578.483789259248,22513.626208650454,22465.847312230762,22444.901377774902,22448.693860397743
8097.175641438894,8154.105855042872,8259.556853719632,8392.219313386538,8525.321895420917,8657.866575984528,8801.319409054924,8960.429826634676,9134.194060272952
42261.029449456255,41876.327223866676,41681.4852278139,41591.62245086629,41503.16557862943,41411.92577146516,41359.88195735047,41363.29736905525,41416.18043700986
63794.96281148684,64289.414761800545,64923.69614455885,65575.1718037489,66094.09886182094,66467.43482473475,66751.28682621819,66970.3588828646,67120.13764791924
26271.509827129572,26691.24147140973,27238.047596987024,27845.51983168111,28429.134120621864,28984.66550215488,29547.704614724928,30133.074362565945,30737.27866855719
15416.257447233102,15584.122639079267,15826.807911508728,16107.849865456748,16381.128238619736,16644.783769243448,16918.738544219595,17213.260438670426,17527.955011884096
23724.88104477254,23810.846144718053,23991.026298054618,24217.54059121334,24429.254805768254,24624.439326869957,24830.16876739449,25057.974780158725,25305.377961025977
28191.636022430706,28325.83236749211,28561.57169335777,28851.70819975773,29138.864641791908,29419.558980581456,29716.276859790414,30038.10822038332,30380.612307749565
12711.553375452322,13227.241521839538,13784.876087440698,14357.481038545136,14909.858128115919,15437.950577183732,15955.084532784762,16468.209215196133,16977.382130632745
26210.140690071727,25681.280707091188,25368.683654831817,25174.155178066037,24980.785669370576,24789.500476201396,24651.729367106964,24584.841497351194,24581.3971342095
9105.672443796375,9280.613148318456,9499.23064536448,9737.39657190717,9963.682903091125,10177.207580145892,10392.438318409548,10615.722484153175,10846.25335215202
44243.74456779668,44686.571507421206,45248.01616829988,45839.09250384296,46346.56858860062,46763.98747664837,47138.14023591727,47488.93147683577,47811.55692040153
34650.346781988024,34592.08434992521,34627.36419674054,34687.039671690014,34684.88427300166,34623.17583431084,34544.939916276984,34468.79701135789,34392.69462679418
12005.479626243852,12091.297537822782,12248.354540881453,12445.756318599542,12646.3566916299,12846.945768524438,13061.043517421364,13293.99076920566,13543.94479525553
16624.1529632864,16674.47753322834,16794.509460178084,16955.808034350437,17123.72234461917,17295.474695086064,17484.237909336818,17695.76076017297,17928.817000518535
14035.644698572816,14165.162253897284,14332.634159063231,14511.489414649746,14668.770678384039,14804.325878733029,14933.870999223129,15064.574316265018,15196.071778786709
3318.9573967205997,3445.5600177643996,3578.2698930924635,3712.1174145663526,3841.7898172377413,3966.8589470125726,4089.871378639013,4212.197006400605,4334.489809351462
69061.75243215622,67867.27812180012,67052.01864136108,66436.94127656175,65807.20946803132,65161.736244182386,64593.91997239085,64138.40595722193,63782.84020242127
31345.81910075959,31008.550790297813,30900.60032734949,30913.858220825994,30918.009835019297,30915.324121488633,30966.39904041574,31093.979317352874,31292.409791204205
1334.010178282288,1426.5907116612736,1526.3644127776504,1629.154644862467,1729.8480667111905,1827.2433795468996,1922.9733657367556,2018.818502001831,2115.938179362636
2299.334339477963,2376.5986280272305,2466.5855581571777,2560.849418721211,2648.4467448243895,2727.9974093579435,2803.276524787913,2875.6744412171342,2944.4703572217154
23011.421541559554,22750.151994747488,22619.35509897235,22561.870531412485,22509.984343348428,22458.788565428138,22432.183417195727,22437.88135924175,22470.131984900807
30258.35614057155,30752.161406440388,31385.488830923343,32091.261420482428,32783.6442509164,33458.721898164506,34153.28633482172,34882.410418999294,35641.976522699355
10855.462766685483,10809.770309787069,10820.964478820897,10865.354133810974,10914.964970185396,10967.743154353533,11034.928920219143,11121.578919618541,11226.22532926834
24097.54324112587,24360.229617820045,24724.9438057828,25133.181385741198,25510.55807208092,25856.887115797344,26209.48744140711,26586.784337441724,26986.2449416374
28567.541352085344,28508.114246725276,28623.688175785013,28843.02878888508,29079.94893066504,29329.5374785796,29625.135443920673,29979.12442930076,30385.985203662607
4287.2416495152165,4351.5488339912245,4442.794045856293,4548.417375672678,4653.374799237692,4756.0137745956645,4862.179948424876,4975.590820277919,5096.104616193479
37364.7797185557,37073.652499130774,36992.63246390596,37036.07548454751,37099.89216556403,37178.701453729926,37313.02086422149,37517.51620335676,37784.69388850595
8096.523437184575,8477.908972872136,8900.238329078948,9348.148267191846,9804.00080274946,10264.508508098304,10734.325744985692,11214.610730671086,11704.345204075642
66140.65832792682,65739.94602614777,65622.62163800679,65642.44992407162,65618.46768448729,65549.9029013807,65519.154534756715,65560.12184522812,65665.2311171873
10373.813147007835,10622.64197615082,10921.473402558377,11249.523369067834,11580.46810389501,11911.481710345652,12252.323160567323,12607.40823241059,12976.180965498397
11482.19458677241,11544.270623845507,11656.261333334034,11792.296844245322,11920.756835616765,12039.481413944686,12160.818404922704,12289.955077207833,12425.729615311544
6579.760900442816,6803.014728344517,7068.531140739327,7359.143951237269,7652.13152717461,7945.494874566605,8248.32267230539,8564.641490866095,8893.84200891807
39626.34389085991,39373.562852233496,39371.17523314825,39490.60155356007,39584.86860892153,39661.92716500067,39791.35734559545,39995.97577788213,40267.186992758136
6968.045227585858,7143.1411613564405,7340.3325430119285,7546.339799986699,7743.897465715688,7932.515694015345,8120.691901843548,8313.029203469818,8510.279322556438
21160.068140909545,21009.636144011598,21029.844799943665,21154.044466091847,21302.59006408742,21473.756482778168,21700.83451761328,21995.78651538287,22354.7612301768
1618.4857737020734,1651.7187029556762,1684.645636134054,1714.5723144042997,1737.9159029250889,1753.8486091814575,1763.3872704609746,1766.9557002982342,1764.1771255874355
20994.136293028885,21523.90325778682,22170.3552332647,22878.96704535031,23579.37209403187,24269.68248869115,24981.500760313706,25728.391852733323,26507.96450109598
33134.89765512777,32905.81200327929,32848.77728255203,32885.85767074328,32922.332386940965,32955.07914923081,33023.20165725549,33141.62036339537,33304.9574347519
14096.378805392707,14434.260815577314,14804.030182127077,15166.296269313727,15471.870528689351,15719.32685702613,15931.381931314276,16118.358226168923,16280.327120893802
41730.11147541831,41693.66347112733,41773.50595264041,41891.64380620495,41953.426161275755,41961.31992645966,41961.3531556858,41971.47040573005,41987.35313838826
4981.188599825288,5155.221242124912,5348.564040243786,5551.356474222699,5750.082434056246,5943.469623170128,6137.306860074368,6334.682060014588,6535.735341649654
15834.521358423266,15794.767856530107,15855.242607492924,15965.519388711453,16063.897982146671,16151.92662813193,16259.972511662072,16400.776589916335,16573.461950012144
11907.811039701426,12051.23358472086,12241.550119484695,12452.495206718075,12650.702887883404,12834.710583939708,13018.992028349492,13210.32065587528,13408.600231671575
5345.529644941336,5594.756404638112,5872.501291961247,6162.334705817991,6442.795304101297,6711.819790614446,6977.939291221815,7245.282263629523,7514.12792641391
20967.145344443823,21192.51135094041,21524.770445540125,21922.62422997488,22335.354540038097,22758.028330806555,23208.540641089756,23693.73501675707,24210.601658289528
24638.23912808085,24663.39664358,24855.73753238717,25140.363394850905,25444.81673469567,25766.59231715208,26127.000092535767,26531.323645636174,26972.661994631602
2907.2975759037517,2998.7580652422203,3090.636019967723,3178.4618547402265,3257.285946441071,3327.233331118328,3391.044728966524,3449.8974378819025,3503.869206845668
-72.48736618523348,-59.66095417364933,-50.42240198100961,-44.88729350417439,-43.49757180247245,-47.510917861061316,-57.982466526952955,-75.61711245289374,-101.15957146233787
6515.63119443097,6813.683150271338,7123.597705392786,7437.946997211128,7747.148475076056,8051.486488954479,8356.953372015989,8667.165183668225,8983.627526140415
55552.20001492394,54764.6845435752,54189.716864209724,53736.64927983101,53296.74619509319,52863.00380406875,52474.79453555997,52145.16950600306,51864.67450704516
12603.526756260908,13093.910861150427,13688.751483617887,14340.747735842338,14989.712064109051,15628.898101649484,16279.949001256544,16951.296824103058,17640.75106123621
43900.11567354861,43514.685643673925,43403.79992716371,43446.319310612926,43497.30941819975,43545.47200130006,43641.48489522632,43801.28823443204,44012.18578585943
14093.25643621917,14580.827558627758,15110.359297604871,15663.592768087783,16216.123188414607,16766.71629071673,17326.54229250451,17900.654824471076,18488.5870763731
12186.998708228208,12002.445051775943,11899.425354645866,11847.808887909092,11812.978308663001,11791.20872604065,11792.932466034834,11820.889969743856,11871.39275509812
58413.5092771272,57621.086705145506,57189.45111658163,56960.15956112717,56744.244218853084,56537.45347104088,56418.15316739299,56413.380841123755,56510.05549968526
63737.16955483136,63296.067498555545,63140.900708978406,63140.34103105542,63133.11268451124,63116.711802825776,63162.05825771656,63296.93929091989,63512.90785442502
3348.991680015689,3457.029881089786,3566.7256446920883,3672.2860783639426,3766.9873490289497,3849.327497838374,3920.8307740670975,3982.1376827914914,4033.703543028786
30276.509849140144,31156.197570835917,32143.751629290065,33168.23142432464,34138.01976830774,35047.49480773825,35936.138973054694,36822.51542250417,37705.190259376854
74822.81175723193,74695.60678861738,74863.90895188453,75156.89329658555,75361.48378084275,75477.04210291264,75602.11837102474,75778.05880982167,75997.2096136674
60038.713958264896,60520.32020692571,61222.56550373934,61990.58138818226,62633.57827859592,63142.63578278151,63596.90697440897,64027.89287594673,64426.37208127727
4553.374998976336,4773.154965078936,5021.146815559547,5287.642079665573,5559.047065352496,5832.892914532065,6113.654818342292,6403.577060367562,6702.560335409428
25706.45823064291,25477.64752280966,25386.45134235901,25363.491427864865,25324.178302207278,25268.99227022594,25235.803498677553,25238.195895895282,25271.46906068238
24218.943410380496,24101.523622330496,24070.997150713352,24086.563727140987,24097.660246228865,24103.001724531758,24124.308649377133,24170.187484726426,24237.85977034084
58161.350321436425,57522.5235970052,57202.631232337306,57036.18947395759,56823.73757879754,56563.67527966599,56342.80060620618,56193.43349361761,56104.51742823104
39659.69098204644,39564.72076404041,39650.75091404822,39837.402791255656,40024.72648417406,40208.939017809724,40431.5063724246,40708.59455319251,41034.27246108654
7088.639699111669,7171.87930057745,7293.2932188010545,7430.147873202356,7553.85371490619,7664.520103879354,7775.98324480185,7894.295245770577,8019.186516207391
11903.696465138475,11997.635801716595,12145.04574495431,12319.083463690218,12485.910439528612,12645.429234890278,12813.951248320685,12999.051235680323,13200.569420357593
13807.074745988715,13933.297649792377,14095.381259967175,14271.251479238008,14433.13319413283,14579.88672447646,14723.360882065128,14868.56930910959,15014.550216391846
42180.35200923975,41736.80813840703,41528.365321837184,41439.56433087101,41329.94867965253,41200.95045991555,41117.07802433184,41102.77785764898,41150.788800601375
1830.3111824540758,1960.027524615128,2098.8528975783574,2242.4968002070314,2386.0697782563457,2527.923682714273,2668.4704202527673,2808.038275616392,2946.970322474648
22635.376256500185,22668.19354314342,22824.432961302555,23051.945124639587,23286.472165970255,23524.337948325643,23790.959040646496,24096.29541471942,24436.771727865857
1919.865022465157,2045.094390387767,2179.340026872953,2317.892548020303,2454.521051496312,2587.0193997412493,2717.174262414391,2846.9750961791224,2977.745133725531
10793.528868713935,10818.339932804894,10887.092562572741,10975.69141075048,11054.181771565054,11121.902935740416,11191.826104907872,11268.885530444557,11352.692403967765
23521.770045065245,23659.437581981303,23911.11448662628,24210.178398276505,24473.874937000066,24699.174211361536,24920.827640549454,25152.53199934592,25390.320079573212
57989.202980737864,56829.94897167318,55903.8253844803,55114.31202083045,54345.44967927131,53592.649073137974,52901.434377944846,52288.21353055685,51744.55495395493
32650.874708949555,32606.808408759684,32691.772410125282,32844.729410884334,33003.503542645514,33166.50515749503,33356.78058248208,33580.294168190325,33829.97805379305
18580.862299900244,18850.933566996588,19208.690814471098,19613.52293092331,20014.349311706857,20409.763911786908,20823.471958060676,21264.35836657505,21729.144388660778
8702.39113801529,8745.346198991609,8829.252078136667,8932.531069486771,9030.806434563405,9121.209578737393,9211.269074212207,9303.278836329802,9395.341568183809
15298.299549520767,15457.867281242401,15670.513550901003,15911.366260288065,16149.25988949349,16382.172308036648,16622.899869135024,16877.507247372094,17145.579436393153
72056.7358983228,70777.39210297173,69882.23386699245,69197.69573044761,68517.57081597426,67833.27843030104,67223.47558140138,66713.10496999296,66284.40545957726
30105.646817037705,29542.874494629606,29194.196504159372,28959.56138278445,28721.502971683807,28481.04238494996,28288.61909873453,28159.409112431244,28083.95549605058
45970.21255823663,46101.673333240884,46405.43317146149,46807.37762223881,47215.890295567006,47624.88798212707,48069.76118933957,48564.25504320543,49102.43393887483
15246.579684502514,15459.718244732927,15722.683064053224,16007.316088452448,16278.124898476563,16534.575785510966,16793.033824094928,17061.016700670014,17337.959790543464
13630.475473525523,13773.196002841683,13983.326597901472,14230.661469691979,14474.624683433234,14714.252777163461,14968.548543290924,15245.65988081162,15544.270795803777
19582.14526959229,20491.088548264117,21492.725727023655,22535.739901198907,23551.6190210259,24532.769215544045,25505.150089292438,26479.811541056395,27453.749895190576
27806.480748629278,28255.91910774767,28810.697341599694,29416.634809691615,30003.141550503704,30567.07783553628,31139.32393993661,31733.60693063447,32347.692627689317
44503.91135240674,43418.23687448221,42547.772071478306,41804.91235778077,41088.12684460539,40391.28121606903,39750.32149332523,39176.601145538,38661.09366182444
1775.9530044552982,1827.1441209673985,1882.1689670090718,1937.9790327463397,1990.962925666843,2040.6673919771736,2088.517083126243,2135.5218039517936,2182.140443080596
22968.443088794465,23289.271013193564,23698.466085034284,24140.62437002555,24544.838144883077,24915.904647427145,25295.16363123208,25703.05112650536,26141.54027584205
78636.72180429308,77753.1687281595,77227.23022060294,76843.73742694805,76342.70628554386,75724.7816238523,75107.84542671949,74537.50595656672,74001.35350228912
14789.71462007029,15342.7714204373,15946.354213036202,16573.865726258075,17191.262828053674,17794.848974206627,18398.01611873284,19007.85512886183,19624.94720971817
23368.187717766777,23465.25599592949,23688.96162140816,23973.296078350246,24234.851583976328,24474.555528527726,24732.403498100855,25024.469881954567,25347.40983187438
40379.443326241875,41389.60724891368,42556.31226205143,43799.47620386336,45015.6857734997,46193.45849335333,47369.42259662612,48558.07745264579,49752.7911822906
7928.2405069138795,8055.185756046791,8188.621795718434,8316.147705425587,8424.398476446839,8514.01163126054,8591.940449343392,8660.59212199465,8719.422352037085
19099.365383002845,19404.737889201817,19789.537446549453,20223.07259003913,20669.474918295295,21123.99255354333,21598.30652289276,22097.495752839714,22621.071493198626
16639.169327202944,16608.87424543571,16658.378237258494,16748.284783575607,16829.787638969774,16902.334930243353,16987.807913737764,17095.03984514308,17221.851183648367
25338.027180284087,25444.47371099589,25620.915492179472,25823.950271848327,25997.99124922652,26142.939775238796,26285.17271192857,26436.56429713576,26595.759441800517
1610.0658565501888,1685.4737173407982,1771.724293683559,1865.028854496619,1960.1007631497448,2055.1517454482732,2151.022419977932,2248.3282897010977,2347.1062320571514
13133.711066753986,13207.896345483381,13348.996108758782,13521.747541782674,13681.70598341064,13828.847307265107,13984.160443887917,14156.705190559629,14345.483482302625
16152.870376395349,16213.305219365779,16365.39161823447,16569.609860335688,16778.24448193801,16988.96907200751,17221.04708059197,17481.759158700348,17768.51907114117
17590.824790753784,17939.732083554645,18367.049849826468,18835.73316550532,19297.269010909633,19749.62355642915,20214.507835254946,20701.84463378712,21210.429824228733
6061.400217113869,6147.901762886987,6282.270509928756,6447.0220137181705,6620.388341617189,6799.400740450435,6991.16603161891,7199.240815728778,7424.935544337246
24255.283533634753,24690.51505095655,25217.420990364604,25794.080038717148,26366.504493793367,26933.614823298532,27520.79923616619,28139.78410212395,28789.783783383686
15500.63536342991,15454.037970780993,15543.139055714168,15717.521567672844,15916.095100429227,16135.33392204319,16398.308392389354,16712.55236263764,17073.190421896248
24926.86209341799,25669.85181326943,26476.38492865736,27307.240902413287,28111.94879718726,28886.72631952814,29652.474327680462,30418.243090593212,31181.975843235843
2736.9648681085478,2826.514573491782,2935.3525680343487,3056.4235559642025,3181.1735256846473,3306.9345877645314,3434.8316224666005,3565.239869753778,3697.5939836993207
12233.816600724193,12479.618942703966,12763.632954995213,13065.686754097896,13360.333288995189,13646.006545761642,13933.430304627014,14227.421130435974,14527.406944329285
1753.9854396102455,1829.8163038517403,1908.4450038924824,1985.9937063398224,2057.7648152742263,2125.1146479499757,2190.1997465779,2252.9490195836347,2313.4066868074146
2289.6917988503046,2429.9132245350097,2582.349429800598,2741.7873886980947,2901.0009076345086,3058.351746900347,3216.0035840915825,3375.103170155772,3535.417697045419
6203.4206283116,6329.3234832212165,6472.317945264274,6618.199776846506,6749.178237208249,6865.17345382011,6975.006392318748,7083.329587607678,7191.00197641337
18044.923331999395,18465.9588533728,18962.208108711853,19491.121176752848,19997.65086524984,20480.306844937582,20964.528497935033,21461.320619053327,21969.035333708325
37863.10878481464,38145.105219172925,38657.629853999344,39305.36750257919,39969.00158784425,40641.43382787828,41370.0217546452,42172.902073172656,43042.6513503968
23744.07273856967,23680.83066766671,23820.652863786618,24095.3894393184,24422.774124312236,24795.346073688404,25241.066618589422,25768.722837001333,26370.872486997945
47499.72418608768,47079.28754576157,46870.131414513366,46777.48671529139,46684.82766994893,46588.908959192035,46538.86289088102,46553.81746405283,46627.08279018355
4765.898639016486,4860.918432225437,4972.342632890785,5090.857730568496,5204.529758031908,5311.903730951408,5417.619510756289,5524.210179445096,5631.817598022188
18679.479871173105,18853.969866881438,19112.368055654446,19413.232225973476,19704.804970256664,19984.918139063167,20276.06605030925,20588.32638693064,20920.485567362288
38098.21018867206,37675.689360902164,37422.52453537647,37259.28553988694,37091.25196448923,36916.31157494399,36774.303066925466,36680.20352275681,36628.59337686856
6699.392073402226,6917.434841568661,7146.897943788359,7374.327310752957,7582.7723047702075,7772.319009817729,7951.93683281346,8126.029681047829,8295.03274178242
49219.521677533405,48504.65325768183,47985.366833695014,47553.40981818627,47076.580542982505,46556.0445226407,46052.440158306614,45589.90302597756,45162.4708613885
49605.09285243335,49806.63174614651,50169.5909449484,50604.648276488515,51000.27994377098,51350.90492452861,51701.80016634564,52070.97950501051,52451.52658590881
30069.46514529991,30450.211373171525,30950.54389863189,31493.055643576907,31982.623118656342,32419.097965886296,32847.614882990194,33286.41383736976,33732.27618906036
28407.835055763866,29156.91441108155,30042.364717616056,31005.257606900526,31969.3586865236,32928.63669504157,33914.055371688504,34939.75011995406,36003.512808924155
11661.94132296853,11824.807151564792,12042.127166472346,12283.432914474786,12510.454998573752,12721.785360647527,12934.062778927373,13154.460938661012,13381.979858955701
29726.43790331442,30010.012476442393,30412.00379206438,30863.810406767705,31279.307174663332,31653.6890350504,32022.1824659362,32399.014647631353,32779.890904014974
6511.482632981991,6696.954350411951,6902.542265575721,7114.832450248311,7317.3599072868265,7508.8292536170675,7695.927509201715,7881.458330544666,8064.971656632692
29128.826430719797,28852.211732418888,28766.81260572403,28803.103269326617,28878.770620638617,28986.69361332288,29154.76702257637,29391.878625273526,29690.795480532975
19270.214528329332,19518.7823435306,19873.648859568988,20285.19768897725,20692.24765025702,21090.533613830637,21503.686953342934,21941.185506184753,22400.09310997104
12175.900437989625,12131.088112350495,12137.497214831053,12170.136285511066,12198.726569786142,12222.01605998405,12252.51877900146,12295.177522016089,12348.40722307871
23630.14707136228,24285.0704849156,25102.81390831131,26003.11990563708,26879.736190554384,27729.7785151197,28601.81083996645,29515.59143485211,30466.810774836656
10966.87799924679,11235.724118840102,11556.10473268287,11898.031513922344,12222.482852907024,12528.243826904632,12833.381085675375,13146.389928149372,13467.182142129692
11038.586272036717,11104.374124151824,11248.283802081534,11443.976116780721,11659.058365995872,11889.435081009022,12144.835135039344,12427.851637252304,12734.945582170802
5398.348324909001,5485.44594628587,5575.43521183601,5659.827368629111,5728.242887987568,5780.4732347144,5821.413436618419,5853.160042869009,5875.509038725799
3100.421493910896,3272.6884366616373,3448.9740379143745,3620.130510920559,3774.252338850006,3910.7850742730166,4035.9236790681016,4153.445481736396,4264.441391740597
65191.70543762012,63639.43625613435,62491.6798511003,61567.22937602611,60653.57590351013,59745.64675940584,58927.98218817968,58228.259368167055,57629.84413653059
104549.1156463079,105943.89884754262,107618.20643856702,109360.98930464871,110907.29242296217,112239.62680413348,113464.52420350464,114626.33960324051,115711.13568010365
21396.544117002646,22537.522276896318,23739.792457000953,24970.199034126214,26184.203808630496,27376.745190511487,28565.820249488155,29761.060054306494,30963.205697250465
6173.397843688603,6216.736800464705,6277.419934082473,6343.341121853113,6398.9637136949295,6443.915889444496,6485.219168001854,6526.077809845104,6566.165540174738
1488.3399702906888,1660.498676104972,1846.0468950257928,2042.4733740568015,2245.916141572038,2454.9459778260516,2670.3510248990333,2892.9159955757386,3123.238978436609
7673.718872913091,7764.778184167938,7887.359049934191,8025.323288182083,8160.5601413492295,8291.007899646984,8422.090245500827,8554.649926072123,8686.142331432027
28636.54534648802,28493.856003229514,28504.03297887944,28592.167823947657,28666.52661135432,28726.52480456499,28813.299551050113,28943.094518146274,29111.684800960495
3992.4723904527928,4069.573388590704,4147.361643057282,4222.385308776799,4290.708434732348,4356.6533489934955,4428.545280879378,4512.523363526672,4612.770500340929
17833.14292369991,18166.60114045604,18585.203916515915,19047.665765400445,19501.636518698528,19943.516813272054,20394.3234084462,20862.311447508288,21344.716913818807
15441.013663804568,15366.841764956973,15375.649661647796,15435.13374168868,15504.711613968793,15583.853523577027,15690.450094046553,15831.222698980482,16003.58659004303
42330.69528973298,42502.4056977797,42903.029787945845,43443.208669097374,44011.69911609124,44601.546772391805,45256.555806316144,45993.88260422853,46806.72241243759
1556.2440119444202,1572.5649307692297,1596.092509180822,1622.5600057517377,1647.400774442052,1668.9507483785499,1687.3691775535135,1702.2462805936736,1712.6668092781154
1820.154568652363,1929.7679038852839,2047.8883699926346,2172.5770467468296,2301.849617799064,2433.8857658845336,2568.0592842344035,2704.083176051311,2842.078510247219
9401.27074029427,9418.432083533979,9461.929549562783,9516.208364677814,9561.486003966267,9598.035732352575,9635.63452357791,9678.701679210257,9726.92584786201
6021.103319556022,6170.810805752095,6362.824086008862,6582.448522623932,6812.020142646153,7048.37345133994,7296.1978236350105,7556.465042686252,7827.291886058784
1964.8992700059036,2059.3317383540443,2157.602512031307,2255.9130700940705,2349.7397285982997,2438.19765501113,2522.968912574963,2605.0662748720956,2684.7420790111682
40803.88994677482,40364.74456633436,40212.009143853174,40228.00733896174,40275.86648183735,40350.82974958652,40506.4022394088,40759.04115887488,41097.09543679004
70805.2332961154,69221.89366657863,68099.52853555199,67232.3083402761,66378.87349503137,65533.44198762482,64792.47696185828,64187.820156954906,63701.22926162482
14743.262211104256,14541.94104388658,14416.042760154924,14328.38672308788,14234.419369544774,14133.262194969626,14043.794488072019,13973.366433982475,13919.873948386006
11590.5902521664,11718.406614170346,11873.311037888821,12032.090897139888,12163.850986510643,12270.25300933386,12368.597188365153,12467.293420913335,12566.862500669913
12186.026352289824,12290.422259851783,12455.558007221915,12650.217015959332,12837.165770867126,13013.706284612439,13194.179388144055,13384.695984675267,13584.135713177331
8612.505196074775,8600.967333033363,8642.999737881963,8714.940034090505,8788.75916176741,8861.713762889956,8943.070272937905,9035.519239504027,9136.399522854137
23721.582025480537,23249.241954849975,22913.83766834123,22654.830689723593,22400.568718105565,22149.434162950394,21930.75009683256,21754.96245798475,21617.3434281929
22285.927127402552,22478.52205091842,22799.04886380484,23175.883005581916,23518.021727646064,23826.775996505003,24146.52380449647,24495.898608897845,24873.011009884165
50398.50295933903,49772.032247290794,49346.003265940446,49018.12410689704,48666.44501728669,48291.16425623928,47947.2736378652,47656.2408189285,47411.94107292926
3426.96431022644,3532.940311884369,3648.608902697281,3764.091814584281,3866.7906892258297,3956.36409729751,4039.0475104159987,4118.080407588038,4193.850985791175
9489.653685151938,9784.759737919097,10140.513024257509,10530.069913478039,10918.758114580807,11305.414418826891,11706.266096287456,12129.152870911163,12574.45845428858
25472.95321528462,25630.991306505985,25883.206897662545,26178.476609431487,26453.501177356615,26705.479867945305,26960.846872461992,27230.761657941584,27512.424190836457
41126.18411157774,41250.34098645181,41596.297445497206,42059.02981990169,42510.41560495107,42941.45631849216,43400.40297389198,43904.97342177628,44447.38349140772
7053.756140895328,7294.499928126214,7566.15735402166,7853.451304367962,8135.898745121134,8412.180311542148,8691.29069297376,8977.679897863838,9271.408412357114
18815.929832105732,19291.28109696501,19858.108404882634,20476.65847747447,21094.94606869473,21709.308101304134,22341.44617951651,23001.112416009182,23686.702747049196
50275.144717779454,50060.08740768464,50099.574302738205,50293.05485721153,50516.46330716714,50765.80899015507,51093.18302189912,51518.72522433126,52034.98447235807
21201.71993852606,21295.453913043195,21487.591815223146,21722.17686016045,21928.912036971375,22108.76447343209,22295.97158831166,22504.663638930222,22732.631488802315
21235.02145998545,21550.160245858246,22002.85359435252,22520.418913554713,23008.36907208068,23468.67645397188,23948.405202105667,24466.535467348123,25019.987426784723
15044.800770820524,15199.961854441483,15430.109590881473,15705.714464263663,15989.982352958585,16281.005990172878,16594.083587070352,16935.63715205289,17303.99854118481
5702.8903972054595,5852.553439305873,6040.835149318046,6253.68744704273,6473.787812174011,6697.317116872138,6927.298881399923,7164.269375716916,7407.355770219847
26938.170389526993,26725.716562859307,26650.72682907313,26645.478364506518,26628.354696476516,26600.040076268233,26597.818752377305,26635.56186244481,26708.820381193138
10747.86557360713,10739.071283697513,10785.895942895088,10862.408858685749,10935.988939220426,11005.95112919393,11086.606211452028,11183.814605074027,11296.184732309835
1634.606184272125,1737.6722567824386,1843.2337852777443,1948.5849185403167,2051.1093507685337,2150.230365673003,2246.5506314920094,2340.423997398377,2432.257266459829
-4.721559960025244,29.68168501040968,68.55016608677042,110.41830396701371,154.31430926388302,199.1770390718452,244.0860938649506,288.378293363453,331.7749883398579
1253.4353622699596,1298.9739662613267,1349.721699206952,1402.4920252557697,1453.0044932986962,1499.8325488344353,1543.6886572113322,1584.8288543503602,1622.7149277288693
7978.157335604836,8327.20902666346,8713.886134752893,9114.718974936788,9498.767986410336,9863.668144444755,10222.788143291997,10583.22698173337,10946.325413682367
8610.260918571654,8708.054788712961,8835.719809266304,8978.470098116371,9117.35993084505,9251.305423671593,9388.19391185772,9531.561703333477,9680.875422374804
3177.3302656056153,3288.7444569540216,3392.0720420606094,3484.626137232929,3564.314091750418,3631.1037783171505,3686.5927483855976,3731.7025908423693,3766.8964666042607
12736.313100686215,12917.56615391783,13188.392503163383,13505.592191376905,13813.851757165019,14112.117726509252,14425.376524710371,14763.384890691283,15123.625229811858
57287.90100143656,56409.05592323476,55808.089722845325,55361.6500240895,54920.34377246132,54480.720726066895,54105.19194302468,53817.136045177605,53607.339581265944
9736.056439861562,9687.156773572522,9687.173968016441,9712.664254585343,9734.697725928581,9752.867357670699,9780.024868279215,9821.506506401109,9876.277962739257
48091.583259355946,49140.23408170339,50296.21983415447,51477.548481267375,52578.017894051525,53594.873452101056,54578.2302615419,55552.035090860474,56515.304743983674
15587.942588235821,15827.957751180224,16122.653759472856,16440.766444358553,16742.395496164085,17025.98414218841,17309.336333272484,17600.929563696187,17900.560958033027
40571.63909741007,40696.45708665871,41005.79224646652,41411.02872027707,41801.990755129904,42173.75285170611,42571.13505505665,43011.353740756334,43487.949431144174
3342.6437143776875,3599.180766048803,3875.6130228341412,4163.59834950768,4451.402101281499,4735.028582601131,5017.008102159608,5299.223389798107,5582.032608812652
40437.706058600554,40275.25250471761,40237.68431715288,40250.67378019945,40221.952335664166,40152.037677379456,40085.34968912385,40042.224063751615,40021.474813393776
29419.74436528978,30212.216742229724,31107.784565480528,32055.140168320075,32989.80726438562,33904.62871290286,34823.06080383346,35755.64834993107,36699.862587158925
32755.529646285886,33101.71236330834,33544.869156354725,34033.51549090759,34502.642426215534,34950.004488262304,35404.132063631645,35877.154360372326,36366.366584449184
9406.515752000165,9552.283321596187,9755.919690595365,9998.0959036135,10254.46169015745,10522.665517209138,10811.9467161856,11126.520074847193,11465.80331016218
56858.17213998589,56124.71786017751,55599.320916033124,55180.87416139503,54745.67766919246,54292.027927248244,53874.15944909067,53514.420314181494,53207.60370836803
12792.677383589145,13102.761120869107,13447.114543036936,13804.224044801822,14146.658067871893,14473.591160323838,14797.832379537496,15125.166687353729,15455.049348769988
31172.600613574938,31062.68848210323,31101.66589796834,31226.521354726756,31360.367015749183,31497.79991905396,31667.648123406387,31880.895093722036,32133.062084402267
35852.98128086689,36008.34755425739,36300.849165300344,36642.009511162614,36920.422538497594,37131.46516428087,37322.117330627334,37511.65840836853,37695.38029744789
18442.23268884656,18685.388089739194,19052.66819688054,19494.193906983422,19948.026219686864,20410.885396490652,20908.104370150453,21449.15121632805,22030.221552029925
7054.812871149504,7239.982625658951,7446.792826043048,7662.423915312835,7870.106421724954,8068.506096924381,8264.59575254997,8461.750822171323,8659.774520533923
23250.966839562872,23695.951315906088,24266.00561626994,24886.04561597808,25459.273181034576,25985.382270068258,26510.978989816897,27055.986560566533,27618.241785874783
29931.30386940618,30086.078752324356,30430.98479802882,30866.471477176463,31266.703811993928,31633.71405281509,32027.963738204297,32472.97770894958,32963.35379336638
69563.92726284721,68411.18605531298,67789.07792237919,67425.4303834724,66998.41420692549,66512.60817840057,66109.00607405911,65831.65762557826,65656.12724765022
79070.97990944255,77298.940823054,75875.46341004678,74622.27782927743,73328.29033956563,71993.17364901236,70708.80120168677,69510.25412079917,68386.92097957266
9835.678753711289,10389.367954755973,10996.564774108174,11634.193341943777,12269.097330417007,12899.197785490132,13540.46815749339,14201.567663901107,14883.336973255744
28268.064973541615,28620.98259487253,29140.042867437336,29752.541434270486,30366.048771315454,30975.572156288883,31619.287231801598,32312.657670640416,33051.10990712525
33121.760538623435,32664.16784195784,32420.091038630108,32304.960256643888,32220.030650296518,32159.263316291075,32153.9847232652,32211.22193814866,32320.852295203735
8746.558074994744,9117.158319762295,9519.413234295042,9937.842162512727,10352.583999517976,10761.504154496177,11172.689103577195,11590.809817468895,12017.082521890301
20907.750712617046,21161.668452205653,21564.630978651257,22057.35791815103,22564.588289761603,23084.25783635335,23649.87517937104,24275.52310499074,24958.646474320318
46766.40973352404,46684.92163662021,46827.94027559267,47090.48495611866,47341.971539167476,47579.226428707065,47858.84363143133,48203.41495434498,48606.44519174319
9355.275105850458,9494.508738012724,9667.395513173933,9856.09272449227,10037.369945719598,10210.349446637843,10385.359254004365,10566.952336143548,10754.469650151803
32463.23214493277,31890.56442826329,31500.279125590783,31217.09873604155,30952.604041124767,30702.726721346375,30501.10257955621,30359.2846457816,30270.883038259148
25845.44153680589,26005.299971239736,26233.622519752793,26478.956673673692,26677.23881929973,26828.03228803447,26961.668011857346,27092.333451803617,27219.69778844902
15730.457464455136,15790.466088968242,15945.066470447919,16159.477455037577,16391.56345251299,16637.517298705705,16912.55032115709,17223.47881176377,17568.958305746728
48101.002712515474,47122.40986636226,46537.67259101577,46179.19660889732,45851.286013224424,45550.208775477746,45354.56762220141,45288.9165430855,45337.53677683448
25385.716526889744,25754.103503068043,26151.54146055263,26544.951943918364,26896.130414657688,27207.998776831653,27501.903266291698,27786.123408692114,28059.472171019737
39648.353430843046,39334.87934574171,39212.419693393196,39170.18883538238,39072.2613085035,38921.53243796046,38783.02968539362,38682.99510875618,38616.68896735548
13054.317250939406,13204.884527899176,13420.93062910455,13669.872504340425,13908.970361816228,14137.43704326484,14374.318044246025,14626.812549109054,14892.429408751226
6927.68273975515,7134.017762352351,7368.397032338312,7615.854126474646,7856.2934075642215,8089.209809559785,8324.36244052135,8566.441343473496,8815.338071380596
3794.6229221698354,3869.77031343102,3950.2105582463673,4028.5931789254196,4096.215445457123,4153.5354099518845,4204.717714304195,4252.00768528454,4296.075152380083
2297.13430044418,2372.87027588812,2463.1287215313855,2560.5416850632546,2656.4424621509447,2749.4908211246793,2842.23977642672,2935.576022904645,3028.871695297369
6754.398393435032,7121.322339135777,7526.719538980385,7953.39919408151,8377.746383280848,8795.77279582529,9215.531930830322,9641.193355901944,10072.465683755127
21542.60395028437,21942.861999631077,22418.99181950705,22924.431826146953,23399.702204517696,23842.38858173749,24278.919636948285,24721.27175292047,25168.3609326498
6757.109249949464,6823.775051538366,6909.562233415599,7003.872390665035,7093.335125091938,7177.219450515015,7261.083439639037,7347.502390105895,7436.283744012053
8417.486674963578,8532.479356166748,8681.151940574517,8440.648059970177,8491.049776087486,8614.765928982408,8769.38457265972,8930.34486544944,9096.846328195148
12507.911116020185,12658.202786912972,12860.156084440134,13087.113693639112,13306.825544157255,13517.8171140017,13733.436803788409,13958.593857874983,14191.417629822652
11173.228708325349,11192.060184794458,11260.979234863677,11353.075997470658,11434.12914513405,11503.968958229712,11578.606739307766,11664.95967674421,11762.207822914774
8365.1144536738,8422.179879854946,8510.850794159596,8611.638172100382,8700.80111312801,8777.154178572318,8850.529107087366,8925.226001941983,9000.727943734468
8755.483717118925,8825.571400749568,8930.752726411885,9054.694840981447,9177.67162502085,9298.30082669481,9424.257075988247,9558.753643273965,9700.923061956444
18934.94057423086,19148.758085246387,19416.865729726716,19710.548123473938,19992.816999361494,20261.29550985306,20531.023494095272,20808.625150471275,21092.640799936973
14889.670568266942,15148.433490504958,15448.002186630594,15756.094564033549,16031.0905553153,16274.095008738634,16506.859776249174,16739.292130480408,16971.223185335235
29620.637123560424,30179.21592965814,30800.67568665228,31431.64062447426,32003.42149226083,32514.415890098204,32997.067815930364,33467.29313158199,33924.65183429765
29667.3797527352,30212.199265119314,30931.306798693404,31768.985190196494,32653.44262400101,33576.115148394834,34563.36054404772,35628.85204090105,36770.01710914712
20697.70481166171,20906.200230909046,21193.646621676216,21518.197754571458,21825.868989340273,22115.931471955395,22414.10811561213,22732.380079139457,23069.996382463192
7432.526390118339,7439.7019399925175,7499.86687116905,7587.7186986267625,7672.26937550382,7753.507928426726,7845.230548818987,7952.373686176468,8073.315727955782
25069.805059702987,25159.992592177816,25307.530742967625,25470.635811815355,25600.39796687148,25699.916298864642,25796.061769917986,25901.08274342446,26016.853768005407
19177.391174171356,19606.866088256007,20103.80525431865,20621.182608301984,21097.923945909934,21533.74307612588,21958.8397826158,22387.37146355395,22818.924511632908
7838.641096248579,8086.484553065228,8358.125553353739,8634.594699469146,8891.440315913624,9128.150816815458,9356.840326065068,9584.06953909847,9811.097621328423
67336.62981655676,67670.811505148,68222.36150235322,68851.17158714685,69391.06776894997,69827.84361670492,70221.17075179145,70593.1003006513,70933.41317878815
67336.10098263582,67472.54782356,67811.98972390263,68240.87155662329,68613.97981797293,68928.61613995775,69250.3581873095,69607.02708880953,69992.38813226913
31705.680893826273,31464.94719011085,31390.551348079516,31386.990717309513,31336.390664952098,31243.256876279036,31165.80337791181,31126.742586823708,31121.434506673228
13928.64178207598,14317.817575404071,14742.610436935685,15172.22536588071,15568.70947002371,15928.952618799854,16268.965456368865,16597.83560845005,16917.623973782967
13734.314208790569,13879.233662163659,14122.875755667757,14428.35217624355,14749.81368082094,15083.40666477372,15446.084238969575,15844.407465496868,16276.252509195516
10977.375710942719,11321.417585697827,11732.663899163375,12178.419157497763,12614.81226954337,13039.138002971265,13471.043657743863,13919.496280032718,14383.435204571975
62591.703709788,61687.94531048948,61156.14509135968,60860.162485962595,60642.28167400053,60484.87514378059,60434.31670913224,60501.42322973264,60667.59098207356
9772.274820544764,10019.019741513654,10326.885385047572,10672.751786994837,11025.977824676429,11384.873846034965,11762.859653528163,12166.035463185197,12593.845596408599
94218.23745969216,92115.36810310282,90517.15998216662,89213.30803912587,87958.16850225338,86741.0018574013,85654.23068327598,84727.74955417271,83940.93821356462
15693.975928577654,15560.822308061846,15504.087134408872,15480.0993238201,15435.274730930765,15371.066811908864,15313.55465834853,15273.27529094428,15248.304593695339
26671.119785035473,26539.503333831814,26575.33006362682,26693.345007619642,26788.17461265983,26860.66513639732,26959.158985084283,27102.13486544398,27284.948509691443
24173.934687238216,24462.83917405307,24857.340094468553,25311.766978887237,25769.11275073596,26227.014061597074,26708.499591890453,27220.618849163766,27758.87469477202
17756.288014821726,18006.69086824473,18364.30416306889,18781.630437225464,19198.66485575236,19611.660263417147,20044.910357623714,20508.468848813256,20999.964160949705
6850.089193028327,7093.413621333736,7350.322555237716,7609.985370188861,7858.747547114655,8096.32905243913,8329.835266421373,8563.608463410517,8799.091685244597
1325.25260467489,1353.5966990647469,1385.8112078838512,1418.279136443864,1446.45848173824,1469.916614983452,1490.3407558963265,1508.357921401065,1524.3217362255268
13546.676507848828,13502.368618550727,13562.651734998633,13679.16104264633,13792.84950892605,13903.81152044375,14037.966728006388,14205.125902706732,14402.307019770093
4855.026611542402,5008.642272010004,5182.4818628350495,5363.506931057498,5535.060615389681,5695.924303491106,5852.891618322138,6008.86176045345,6163.361608729754
7810.015429317149,7870.046877122651,7967.848605594629,8079.075312736132,8173.146485792135,8250.689326688647,8326.867437465464,8407.95563067671,8493.131647806635
29834.550072337828,30104.00272585891,30514.09408808286,30999.36103969177,31476.711838381314,31942.27314847362,32431.173049843605,32958.102836760576,33519.38427297952
31440.827678154114,31004.347822592976,30798.75031713656,30712.09450687094,30610.9905472391,30497.107135969276,30430.8359086997,30434.412181547996,30500.06970539468
27167.223638444535,27589.312291044913,28137.699397941607,28756.455415960863,29376.309204591267,29989.950360496063,30621.52429598492,31280.652588203735,31963.672394636582
22581.76199767334,22429.848879020108,22453.287951284325,22584.404442834108,22741.0042824185,22909.70196537827,23118.49463232593,23381.861784626006,23694.55263994316
5990.202523761647,6083.769288776094,6195.254634008416,6311.861020888932,6417.111405270978,6511.006229433086,6601.72974596393,6693.239858358831,6785.686899843829
18254.670128269274,18425.879466069826,18729.909878815215,19105.118018939003,19473.937048270658,19836.14729753058,20227.63978023165,20662.04176481258,21135.598314780527
2874.9314139006374,3146.0051559256517,3443.2344442818166,3757.035439778864,4074.272081895482,4390.529504020723,4707.065858775556,5022.251369202777,5329.524229664306
16985.202121563678,17044.651368860992,17156.859868155734,17287.569339610505,17394.065590625396,17477.604156673886,17559.915997120508,17650.145753189994,17747.35003954472
3585.9143063517527,3677.994440320571,3780.1803384080686,3886.261046215699,3988.6477656711395,4086.381478428045,4182.098148885791,4277.001989395805,4371.135100793335
7242.357836048549,7299.246877810093,7420.416661381606,7585.35023839123,7767.948418753251,7965.5848006247925,8188.3026584278405,8440.400525356583,8720.890375897956
23783.84266360802,24374.333534515226,25096.59870193634,25895.92501853707,26701.232569932436,27507.76146649732,28345.123705595808,29226.478063788672,30149.587740441515
5840.294391398317,5885.734448006416,5969.867422828094,6075.243284976105,6180.901712611305,6285.223598700741,6395.820758718393,6515.09879871287,6641.296474892762
8243.42778917303,8381.981197333427,8571.115295824571,8790.756594215436,9015.41497721321,9243.135085228787,9484.141424245305,9743.05199392803,10019.214643561045
21397.54872731168,21046.227177702644,20807.390823499336,20632.824592749563,20464.81755735989,20301.5232868799,20166.21932499506,20067.415121717062,20001.38124340837
9415.337777211758,9665.242814807529,9942.099281897234,10222.212663802946,10475.488255308279,10701.285420709863,10914.740244142704,11124.467727873223,11331.882027242538
7370.987576593329,7437.295753015423,7532.506125038095,7641.158423890546,7743.850014245538,7839.457577627394,7936.101187684546,8037.426274112503,8142.888448477313
44870.51146819707,45343.26800164952,45976.33246630383,46688.52032581951,47376.49963495513,48034.83510053357,48706.86596985056,49411.20304568875,50143.387418490805
3315.1760693843485,3404.2415702265776,3513.877535442,3634.863536771819,3755.15646300797,3873.3614275507734,3993.9790569809306,4118.934849551226,4247.695998001219
5708.667541570679,5667.191665589044,5665.769400644039,5689.439693357403,5721.610871910239,5761.832236585492,5816.222657678402,5884.859896744063,5964.019835221222
12173.444938529621,12394.35259158276,12681.782035804212,13005.526889150462,13327.492480413186,13645.82624336506,13976.862373069675,14327.582281885745,14697.257550821349
44368.75033969644,44245.293855369564,44338.00093015681,44539.899911942906,44719.316515750674,44871.163719851786,45049.854961084784,45276.518017655406,45543.90371959747
56599.03973282502,55948.805246090415,55790.36604368013,55950.56827707873,56220.23002933478,56594.45469707653,57159.63307414327,57945.435769344505,58936.67937485981
8511.408102163365,8767.048201570882,9064.509363179788,9384.308504224831,9702.051942565122,10013.2147039341,10324.216038000908,10636.739644024661,10948.095709484218
8055.547956556343,8384.083025257803,8750.291871403162,9134.384341075862,9509.19760883516,9874.279856505786,10243.536391701662,10623.988577410839,11016.243246697533
33284.1447592099,33762.40138514774,34396.37071142584,35101.77675319792,35771.58311885909,36401.507299008976,37038.542243085016,37703.265635340205,38392.612163334095
10724.795837237443,11042.973600603806,11387.199086707991,11733.223271290435,12051.145887758821,12338.801718295937,12609.229773008345,12869.82691815529,13122.164089681335
4083.161707442326,4276.99418785196,4490.261862137229,4714.456742179202,4938.637945396446,5160.655064474467,5384.019568272128,5610.86490017288,5841.651875622646
59705.57712435264,60332.68834191697,61206.7524516135,62209.03673565265,63186.14724575842,64126.673387154966,65089.06905959473,66094.19991471467,67128.82194832321
9154.860535366422,9185.537434098305,9264.583121511243,9366.544077017848,9459.84872533451,9544.367720718374,9634.555697899432,9736.36532764025,9848.76548398439
102417.52603312675,100268.42567862231,98591.9369107221,97179.66212440972,95785.57461293596,94399.35574121671,93114.95109078388,91963.56384666916,90927.53221401342
36616.86227838621,36557.668522365646,36658.45620977158,36845.13033814191,37027.400842326315,37202.30180324868,37407.81915923096,37658.631934364,37949.643768747716
9873.989006351452,10132.592675988737,10430.031496210977,10748.004929632601,11062.928823582726,11372.91358104578,11687.553819272136,12011.450028162128,12344.281632040183
42166.27690386525,42010.225287892725,42028.24416958982,42122.2481873079,42171.09296638975,42173.46077742101,42183.6447891163,42223.92662977821,42289.44918865085
-334.66824190535914,-304.13513981038614,-271.348450490628,-235.73878905160558,-196.65527619255514,-154.9184981510182,-111.79211593122608,-68.03461463914482,-23.916648961137884
17333.01810679811,17452.59955836411,17674.489646074195,17958.276064806407,18253.3445658206,18556.407175232598,18887.354773262505,19254.088119536125,19653.999034667326
6348.2280773895145,6393.255151895134,6470.630489280534,6562.836555085683,6648.114945119983,6726.8998615494,6810.075806664859,6902.603186221955,7004.4769174592375
56473.56332508327,57055.36492410087,57859.058194766614,58758.18373879876,59598.441480436435,60365.31392033171,61114.28264089034,61866.965181390144,62613.501280761775
4113.527347735117,4229.342064498655,4368.537625758521,4521.379106832467,4675.419383731382,4828.52343623333,4984.440706912831,5144.822023978841,5309.1499086621325
54985.18631431776,53931.82778761388,53175.135582453695,52574.6207722767,51962.558580743236,51337.24485796058,50770.28120548388,50288.35741649974,49882.25450109029
53161.59146782426,52121.220939271865,51411.76005784018,50918.785138219755,50508.74009355625,50169.760586737255,49944.98548387362,49846.56143149498,49861.241793759255
3364.2383829129194,3495.5882091981616,3648.267741356308,3813.118378685031,3977.720546144504,4139.418821605334,4301.551742794513,4465.39281579712,4629.982497510514
7734.344292546674,8012.320920910996,8332.563043413482,8678.417638001745,9026.580332994781,9374.602701194763,9732.19957337785,10104.22621202574,10490.49977683391
25810.329080207346,26078.558466990387,26496.03305119205,27002.769626575035,27524.114174968818,28056.248094904007,28630.218849265675,29259.116554015196,29940.03804978566
25914.796928268366,26000.15434323808,26216.93401706374,26510.40014949373,26813.753231819217,27123.545323740716,27466.6557488921,27853.488829046593,28280.454808311624
15537.734110148007,15627.067274667159,15789.727564819133,15988.710221721269,16177.158656971666,16354.13195055416,16540.883346194467,16746.60523317243,16969.895660756494
8019.879826256626,8237.641052141491,8460.96287072592,8677.091309086427,8870.012206991858,9038.786206241586,9191.0009937505,9330.787654525326,9458.666179753156
18599.233967151835,18961.45775738336,19378.334716815814,19810.320442961944,20207.06237325232,20567.99911505892,20917.676435674042,21267.783685279996,21618.426817443447
2729.2409569572847,2843.4688055079896,2963.4062003709187,3083.2065956330107,3194.8972110906716,3297.3219435689894,3393.7969890432323,3486.4266219303695,3575.6557345894894
10629.656545070764,10811.108002611463,11053.815225050294,11329.920300380909,11603.57348614574,11873.84125922426,12156.974734565385,12459.76539996086,12780.846368607716
6444.880929285652,6572.010270879035,6734.816711821154,6915.059155086519,7089.904377363272,7257.99207400779,7428.788937390781,7606.540626783232,7791.027559932581
4620.850285742183,4755.783358093523,4906.932017609272,5063.828698574308,5212.637958093946,5351.464575753212,5485.001579303568,5615.219491776071,5741.3321047051495
8276.361581585317,8594.376132945554,8937.821728395451,9287.414103281979,9616.695297576942,9924.666977662866,10224.036417632049,10521.070368080664,10816.011717651014
37205.656839101655,37433.27462967786,37773.23833867892,38164.79613088037,38529.53869909709,38866.84230089437,39213.929980872446,39587.48369834737,39985.34189377936
7073.353385661816,7216.181140592183,7390.069458288432,7580.075291994238,7766.846218370091,7946.920110599317,8125.34202881389,8303.41265285,8478.976065680827
9050.327052371664,8943.89926388146,8894.817208923125,8878.256124280724,8864.182783750255,8851.881899261527,8853.869537474533,8874.842226527142,8913.197749731362
7728.993857183061,8308.991187289575,8948.406564924306,9634.80055506926,10350.48963781151,11091.916498542061,11864.37812395492,12670.239772270175,13508.973739907166
23370.353385598508,23663.391315374014,24085.92334831167,24585.36424865593,25097.692159885944,25614.502035992733,26155.67199480622,26728.08805768962,27327.738477621584
56263.300206214815,55362.9269745938,54883.435076384194,54660.09578544987,54498.577449078795,54385.71410049378,54389.311469236236,54528.365938536976,54783.05854121562
7260.208884070378,7350.95791148478,7463.685119725342,7586.478104088813,7703.868197365819,7815.341332373306,7927.758864988388,8044.258433904799,8164.643504982895
28105.742327411856,28287.17787839237,28582.973515608333,28945.15779908699,29314.16163828628,29685.882253858443,30083.481417925752,30517.596177724183,30986.441362623318
36906.4104237972,36616.00080355526,36535.04845776663,36567.7026834942,36600.70854286099,36632.539863008664,36711.393195004726,36853.98019261356,37052.7326792115
39640.34661042148,39387.58392859237,39286.38247728264,39255.96584042984,39195.180505251905,39104.05857662696,39029.12404003598,38989.51165202024,38981.10780193898
13385.946644446834,13623.287047965787,13903.588941525606,14202.815498629461,14489.874246674708,14763.228139596524,15036.384223418107,15315.493117051707,15599.760327412223
2956.0340111096293,3053.698648152736,3170.2973669421363,3298.952080122184,3432.474627523061,3568.8842384966047,3709.4075068331067,3854.501406161384,4004.1730085438508
9254.808426572508,9462.449029716297,9702.170968797454,9956.29586530937,10201.947980305114,10437.712625188185,10673.388636628071,10913.658424876228,11158.43706451879
106982.4565432996,105243.13336354365,104095.3282255158,103283.13385094979,102501.10889670851,101735.48088560492,101103.62452345088,100645.47577107788,100337.11643872118
87927.42738740527,86521.81684864846,85618.47049034192,84983.61189126287,84337.60009866327,83676.79056975947,83119.85125092472,82709.79580632309,82429.12163445144
29939.255046203303,30427.649995147724,31047.901174444993,31740.53871063713,32428.06938713049,33106.96254047871,33810.95241070662,34554.8096201248,35335.74569182852
12512.871204083582,13158.186905795119,13888.655058724858,14673.816857942706,15474.092253631121,16280.165955743649,17101.47359925173,17941.95886792396,18799.812603459977
3769.2762746203853,3884.059620417045,4012.254565866056,4144.625863463964,4269.867138933267,4386.983256670922,4500.543333658596,4613.00929224331,4724.708294431428
11895.561121878336,12187.259244507284,12519.57655079771,12874.262300548344,13227.319696616101,13576.301474869551,13930.543494886797,14294.528251721425,14667.732212901701
89247.50691925437,87495.14570569659,86176.30175766708,85086.32094277636,83980.8335383685,82855.26954698339,81811.63043660038,80887.1095610766,80066.50643356482
30992.276979219296,30042.95743039584,29371.46965091919,28895.806473580895,28526.648491063635,28252.12355116454,28094.399683509153,28056.865857584104,28128.27456461219
44506.07239291892,43557.94223701378,42888.325653052925,42374.8086741734,41872.83202472642,41379.79010303278,40955.12036021129,40619.476271176114,40362.960264432644
28746.837644491985,28579.945039814436,28526.018318653874,28532.0726655812,28531.827298320033,28523.499130193184,28535.409693220343,28579.026278432317,28651.15695777488
9182.05716141303,9435.890958343265,9747.263121297672,10083.543519851015,10402.52819668642,10703.045208945745,11004.284851349175,11314.132334114463,11631.383986101499
23127.46436594682,23713.344260848662,24428.377852190533,25223.642937058943,26035.103773532275,26860.431188553124,27729.269146977163,28655.893981224846,29640.092393511215
10902.776742877233,10913.835463273406,10969.74059602111,11048.660156310503,11123.506973089063,11193.281186914537,11269.660779150654,11357.911959268036,11457.565980751911
10016.695499792573,10126.688690326244,10294.80428458058,10497.656095098755,10704.680741695087,10913.768796566106,11137.124375684161,11379.81732013766,11640.587566631897
7251.78593279711,7547.57910390586,7867.867187311351,8195.54541601939,8508.223676823503,8805.534170406929,9098.900013260589,9394.647243878735,9694.144411499437
35701.79608536884,34891.67639346119,34287.10237702652,33811.69508298934,33376.83763437391,32974.88666863963,32634.376596509483,32363.50987494172,32153.590602008462
9267.893244960347,9479.321484907545,9724.049212568567,9981.937770180682,10226.777222260718,10457.914169963016,10688.159543888887,10924.060049479329,11166.157835223657
14700.711698843354,14919.634035108385,15193.73226199563,15494.133193174257,15784.200038191902,16062.697015324138,16346.42376080917,16643.582859928887,16954.33856213657
73003.56009236544,72126.51001969214,71682.64750038738,71457.97690111476,71195.65681036332,70884.64349335138,70624.22083028972,70446.19285923374,70328.58696543008
17733.07361324056,17786.56072952062,17962.294431184386,18207.36148375851,18455.627753846074,18705.197689908746,18983.939795444938,19302.329395645564,19656.86339835178
14002.771445495859,14425.940468712464,14919.096771581599,15445.72022100145,15957.827760127115,16447.911530667105,16937.903637795665,17445.786163019013,17973.726607889057
10955.27059189341,11025.98485670564,11143.783900389188,11281.836076608819,11405.824810575747,11516.749381047479,11632.367290135153,11760.733702462054,11901.557461011624
16718.35801308254,16653.432297954136,16672.96412442188,16732.931403905328,16779.195799620895,16812.216409404296,16857.36218796069,16925.02509750568,17013.228883289332
6965.609809616629,7120.44946901576,7306.327693457648,7505.15427946847,7693.355354004025,7869.858624148342,8045.030350013327,8223.400624123491,8404.203122352725
11422.763679905382,11854.43809246114,12314.656612776622,12781.684940007306,13233.997990874097,13669.7249254138,14095.996677995161,14511.680832449068,14911.350094906998
21263.732226443295,21232.40921350654,21301.01971170493,21424.727497215896,21548.908361134574,21671.35145047609,21814.600506307805,21987.529643246766,22187.328968327438
36205.076856672116,35516.05454936314,35070.67458543426,34765.91376900348,34481.62399640469,34214.1025445941,34010.50850423084,33886.22825146824,33831.90507805526
35901.47766760839,35964.27376857193,36143.615286033586,36372.9387504741,36569.1986923327,36730.08748830366,36892.25000017342,37071.64228345209,37265.299104241945
49498.232151418495,49046.93537471329,48894.15380253979,48904.337703022145,48914.14468306571,48917.39984498555,48979.569034548585,49124.514012205655,49340.49002383093
21371.385056489977,21333.94409169704,21419.374675868716,21570.803692893704,21717.766288988314,21859.344139297078,22026.896254521096,22233.011068901596,22474.756043758192
21611.11082229607,21480.876107330812,21482.36487810374,21563.246452743195,21660.114332606398,21768.847960652627,21913.318672116256,22102.139538243428,22330.744597146993
32808.07290112823,32462.57205367527,32262.508502285345,32146.694777948152,32042.10727577901,31943.81132714375,31878.516523814313,31855.598122242794,31869.396724088692
35942.56141511295,35315.67656188634,34883.61089845345,34551.004924507004,34202.356390387526,33837.84578314246,33509.12463842469,33235.99561088896,33012.596184964015
33940.36159999323,34400.3561921944,34940.206795420185,35494.29688983592,35979.9401971636,36395.54469691561,36779.17106561357,37147.960522933754,37499.57830292391
868.4211602466205,902.0851020070112,945.1933022513476,994.186195448827,1045.1883222382908,1097.71862655733,1152.6153708198551,1209.0851854109412,1266.0428041508198
19201.51618507147,19257.6023709421,19367.273815707264,19488.626933348125,19570.219815967597,19610.4602100955,19632.29620196498,19646.9282921204,19655.15162206213
6908.721764249073,7058.1413152949435,7248.03259939675,7463.69095248701,7686.724558250356,7914.2511972514985,8151.625443260588,8400.571324305238,8659.475817588582
1705.1130888259772,1805.1051917469565,1916.9451359633488,2035.8062082422384,2155.4307002880696,2274.232263501225,2393.9262140062688,2515.6126026959987,2639.5032402294605
17358.336363864204,17359.74618395682,17431.822098855926,17539.0480506804,17637.13315302874,17724.43959677819,17819.78536295691,17930.903752030146,18055.696127507963
33855.030650327,33945.545585481545,34156.34404489102,34417.66910283275,34640.39884031543,34824.65305232282,35012.90630791344,35223.53388496904,35453.92045781775
30536.95974773459,30099.256801247622,29808.833241992237,29596.105775432643,29377.346071249947,29151.04025324421,28952.56921055546,28795.324815662116,28674.73433392078
34299.88686573646,33986.10512341406,33834.18906694657,33780.748222936054,33749.25878796561,33733.41551031121,33759.815201385674,33837.27265597857,33958.931202911655
13905.06463046457,13844.77594645386,13835.930286435963,13849.752322644872,13850.31434698421,13837.830907914085,13829.19541988388,13831.5887571035,13843.970033492302
53203.59450232717,53478.37004491134,54008.721806027395,54659.4054294486,55258.00851344957,55806.086200197635,56386.950296490366,57035.18576967447,57744.29531467194
5225.13353227983,5327.534553818297,5453.782653802136,5590.720470402934,5722.425644171648,5847.648389123705,5972.706032343959,6100.677227872061,6231.763554008612
78105.06324616804,78068.16817708233,78256.47486155201,78522.62261038658,78681.79308415364,78731.45025742312,78755.70589560534,78791.01120568406,78831.81069990683
15814.545779976595,16261.417919093927,16783.594547890152,17344.06703283026,17892.65394948226,18428.84545760733,18977.52349172246,19550.313476919087,20146.7133209037
44241.7366511519,43879.187374568945,43698.89312102127,43599.77395574022,43457.03451366346,43271.733370122376,43102.16329961325,42972.48622384761,42878.26248976435
19029.830959971852,19342.626410448356,19722.314357347204,20134.99050031735,20537.42018717407,20927.14446483903,21322.6344787054,21732.665533256008,22156.006785680616
29602.946256630185,29455.76934286,29432.634748683293,29476.461837259878,29515.887384466645,29549.432230840728,29608.367502268713,29705.43299569537,29837.220690590744
16012.580139488455,16187.448292708968,16440.928009713298,16738.425673303427,17036.7423056468,17331.059096111454,17636.13267767986,17957.427854954585,18291.811973843516
13604.998341986491,13629.629943932916,13734.014435405406,13872.037105219672,13985.591002795438,14076.995803849959,14175.569509217106,14292.986585702774,14427.42026470233
51330.30256638113,51164.56382098979,51229.767721857956,51431.58152582174,51654.76543322874,51891.71723184604,52186.29014170774,52555.38194128386,52991.79621292015
8687.147904747302,8942.03274318759,9213.77180321631,9484.758718530733,9731.978157652367,9955.304785048409,10166.568289267212,10371.992970190548,10572.41528105281
2078.4049932489243,2144.8800153105226,2221.945991534188,2302.9195908989623,2379.35604713055,2450.3803010514257,2519.301369443477,2587.7169350168333,2655.802831740782
7066.48841093125,7102.42503524954,7207.01861472686,7355.892841787031,7520.020108798904,7696.234414045029,7893.899878520815,8115.808686091031,8359.365589989873
52188.64860821898,51556.35278341892,51143.44981588487,50829.86232623923,50470.14892162571,50067.10383360796,49689.375188394,49364.484263661994,49085.83530208781
5233.785970335003,5553.680842144415,5899.672018933799,6262.853017913584,6630.651501725405,7001.3884256209385,7380.896364957536,7773.682031472006,8182.0337094552715
12115.14841343961,12340.0583201832,12619.094540244043,12931.795959216795,13252.05014039599,13578.22880348393,13921.311576750033,14286.35343447961,14672.669109392464
50844.212224705145,50465.86568724507,50302.89865676196,50240.43955852136,50136.11644969243,49990.60046505905,49869.94775635099,49801.0320133716,49777.86308419319
3237.8385208958493,3301.432344267205,3382.3711749973463,3471.0452739140324,3555.089892862146,3634.187787907777,3714.06738755317,3797.4663106351018,3884.460817435669
6490.386078471896,6496.02079636391,6538.041859448756,6599.066719031255,6658.927227553012,6715.532851688135,6775.807946413682,6842.620832318899,6915.336229759102
20934.203817977075,21697.05169494505,22560.17652728631,23475.5185676951,24382.435218923845,25270.35049553934,26157.048695275174,27050.271640116487,27947.723028284036
51402.07158670051,51091.49765166402,51041.564945511636,51139.101691792035,51246.496096987576,51356.27080883907,51521.592613981265,51761.742259463404,52067.20008043105
19047.870635014762,19071.92184733577,19180.881081114865,19329.554553472888,19463.947464677854,19583.24473363807,19711.0910438827,19856.55396906128,20017.127320124517
2061.196729586367,2102.81767176231,2147.413528837037,2190.521817373285,2227.227123895293,2256.915671794724,2280.887681599863,2299.5783602870047,2312.5435804382687
5249.676937565604,5402.6468656146535,5572.87499118808,5749.355079249922,5917.54355149032,6076.973595626728,6234.670355661234,6394.083818192579,6555.372845905819
21996.354045088025,21818.67516195187,21766.615827100595,21784.64891472616,21806.434150256162,21827.85784059413,21873.619065102317,21952.59454327704,22060.221813859054
5259.760509577443,5517.468812210154,5790.46992256501,6068.654108018586,6339.310397584593,6601.11257814455,6859.398169670568,7117.481977013344,7376.572458492411
1155.1284896581421,1379.7883140927709,1618.1868798479675,1867.251672295651,2122.2059654043105,2380.2890103534637,2641.1970014467142,2904.7824875876313,3171.1041681970814
38523.59825428464,38001.80161645581,37706.71059352753,37536.78910464775,37370.80813073697,37205.41810740366,37090.21577748199,37043.01580464256,37055.911227985074
16724.576424525752,17141.95921803119,17633.720006687166,18166.00364652833,18696.57488239046,19219.673195246025,19749.350714190085,20292.172179766756,20847.05873819089
21273.711059298104,21010.370761201186,20831.34309644046,20691.08734099391,20535.55433969007,20362.381155405088,20193.094012334637,20036.138245241476,19888.935582086226
13140.699478329188,13576.497648517043,14112.936173453403,14723.877153638581,15375.654347992106,16063.74316089599,16799.85201109362,17589.548264400117,18432.169434965643
17071.936823398544,17307.311674626035,17646.91210616222,18042.592133410755,18433.605260171167,18817.77601275588,19221.47881417983,19655.557105133877,20117.753785141467
37470.18835840221,36643.09785878564,36094.44754832702,35719.2777924527,35396.464949938745,35118.353034165564,34927.16763151367,34835.10968273125,34830.64557843656
7389.29255863555,7660.321695355576,7967.008334206975,8288.464272509053,8597.590265717918,8891.480884340008,9181.026449953331,9472.164615230804,9765.582853131307
33983.53539773069,33526.812462900045,33294.44132068098,33189.09866039297,33097.21310167937,33013.948878992844,32982.72963335176,33017.34212700742,33108.65897745624
3380.218411911016,3671.1488115827337,3995.8342383680665,4346.262341458271,4711.689923529187,5089.010159969877,5480.557215668042,5887.990194430416,6312.049455927023
2324.729378600257,2320.715973443876,2322.675177862046,2324.6894164995624,2319.68778291348,2307.947794479833,2292.526424740913,2274.1709058508013,2252.5976808182677
4952.007655178044,5060.917654594586,5199.286290044271,5355.826068217734,5516.776959104183,5678.954614184772,5845.384378066729,6017.58604163212,6195.490681635374
22182.17119907294,22353.96542628938,22636.42404728937,22978.698775185054,23317.67435971464,23649.61554770707,24000.052789188372,24379.587093042057,24785.416593611502
51095.731718131115,50391.65321360884,49936.68155404456,49611.30734201776,49271.820291422446,48916.03069386988,48605.66034863551,48364.953755293274,48187.05811941446
2608.7574186545517,2707.787760170944,2831.143570897749,2971.7527463004308,3120.661264706396,3276.21963904977,3440.7804267138363,3615.0703828794954,3798.310301083627
22054.435372203698,21493.791149558387,21054.140748855993,20680.014650456447,20306.444863310782,19932.987153384758,19587.003569726596,19278.31788403646,19002.95685669311
7436.536517772513,7638.499693419923,7877.403939118011,8138.325586273092,8402.346883280004,8667.41353878694,8940.650752642567,9225.557974404048,9522.15035032216
17116.686051454737,16668.372557289385,16381.669765861965,16188.83037906535,16013.803631411542,15853.777861727187,15736.755532906365,15670.652091474773,15649.298693193294
48802.37829639417,48724.19988082588,48923.03388987156,49262.09366628752,49570.63981661956,49847.252773240696,50168.38528130231,50563.28963939524,51022.80105784403
63009.885256198504,62662.40201003103,62707.83064850091,62992.54248163325,63331.86450025561,63708.50941022237,64184.252883591216,64778.21084866098,65472.83284795796
2794.1058418489456,2889.0242662272944,2998.621019075955,3117.4100262518937,3238.2967502739493,3359.827516161149,3483.903392235116,3611.2792692223443,3741.527469421767
6679.281863780179,6748.01786688495,6879.861681997706,7051.434925685292,7233.234315689654,7423.035056865272,7631.951814952259,7863.69536592387,8115.938309744396
51511.28448623044,51454.42223452238,51713.599927246134,52139.16759331206,52546.91278284611,52930.2426479635,53365.22430782204,53879.67509722474,54461.73929528659
8117.370937056803,8283.986957868725,8469.484543848348,8658.827872041116,8832.029997266669,8989.054357641204,9140.105893155458,9290.738138439372,9441.991318870914
70074.66991503461,69674.70779497562,69634.82173808463,69776.98067903986,69881.18546723772,69943.88121572693,70061.80688823102,70273.04081120269,70566.78300560263
4262.50990619911,4626.078482798603,5048.31034421531,5518.312275322992,6018.9482626698455,6542.957197326584,7087.693518085331,7643.220885663398,8207.296292860552
8104.060953149305,8358.170648870248,8643.68780644283,8942.675793590151,9231.022494624338,9507.376368337771,9782.640830085486,10062.717296632616,10348.571337669062
54882.29274777274,54532.86872587095,54416.83103956355,54433.29690260561,54459.61617861167,54489.21064222443,54570.215145897884,54721.27748133257,54934.31641070872
41838.54996965017,41417.052896376634,41287.52096706635,41312.09987036551,41327.414041633274,41330.727696894166,41391.07399101211,41533.12723559934,41747.542634884994
57339.043046982915,56238.40907970643,55465.15265693448,54862.44792986605,54244.001371096034,53608.52005184378,53035.58791310341,52553.98886593501,52152.89692536186
8458.209191760296,8792.415160264243,9159.763454799122,9546.1027695901,9932.297100640792,10316.56064715545,10706.961309662187,11107.994111533184,11520.340175662257
20039.52000535861,20772.762728214017,21577.66368825801,22412.80661148219,23224.334880013546,24006.8004982407,24781.299152202086,25558.03724229753,26336.504215171673
5781.577817805232,5957.028959296178,6148.198532094757,6345.782074080621,6538.144344172174,6723.683602882051,6906.352246038737,7087.72972516803,7267.389965255376
24002.192601121675,24158.59559588521,24459.167605770654,24835.978329732257,25203.563775901806,25560.95565310184,25947.246281115513,26378.506882468228,26851.66730062112
5573.631665254606,5731.547336276487,5898.9466276514895,6066.750855801516,6223.196662178435,6368.1433774926345,6507.730834276116,6645.427735236559,6781.957947355309
8232.434955261688,8517.425503205857,8819.6569567503,9122.464059638854,9404.283071231843,9664.74755257861,9915.235457400491,10162.36029691579,10407.68327896341
21835.107659466517,22217.072856884854,22709.23423035227,23262.004394374424,23812.87544390816,24353.690114449568,24903.831358058716,25470.02784216775,26047.471253641605
22359.111054819303,22513.000988751242,22756.769969275938,23045.160159631443,23323.015947953576,23585.975705867022,23854.981588607796,24139.07512772879,24436.01955214772
47846.933626267564,47422.49608055357,47183.08783513697,47041.6663420574,46891.15685978071,46729.1067749223,46601.347140849866,46526.008080551575,46497.29420600426
101834.70819592268,100490.37643502676,99540.81295002413,98800.18614105,98040.95822523537,97252.75591631178,96524.5566199803,95888.21619761092,95326.69934830155
3906.2673838022133,4088.178945102546,4295.172283314546,4514.376181114909,4728.579523542826,4936.374870891093,5144.979754540056,5357.454426405193,5573.334599316504
62623.010614897015,61680.3915438406,61109.90011293405,60746.25986585475,60394.90399092447,60047.06679054935,59776.84969882172,59608.00005762267,59524.406825341146
3357.874698272887,3424.747279643126,3525.1675132780106,3648.670087425918,3782.521764715862,3924.324979496038,4076.944154923741,4240.67172679395,4413.685584963663
6079.857547573037,6082.536422465547,6117.0230424754,6168.546980403195,6218.75017827447,6267.272231557144,6322.590658063238,6389.002162999091,6465.971308145132
79089.43004436923,77293.52866018303,75969.71906151682,74918.99100744884,73908.50165914606,72927.6344926914,72063.46834247558,71343.77248455783,70748.92904118192
8365.04632785836,8828.839511657392,9365.41186880628,9948.318870650992,10544.134545305707,11147.980291849255,11770.620580179593,12415.832018584038,13082.089891584299
4691.525710385751,4892.89035188724,5139.517981377617,5413.202626045425,5689.636401486397,5966.215731749662,6252.205357789315,6551.294759196251,6862.25590487485
78894.60964859523,77639.42279478586,76759.23591189354,76082.40359099119,75404.42721466177,74719.71586185027,74111.64780255903,73610.08812416712,73201.16273099725
6425.704510909653,6523.315736642292,6644.4567021314415,6774.102352748171,6893.183659951046,7001.9022632662245,7110.039067556048,7222.499807943011,7339.761592947549
30332.240265597215,30615.474559555896,31031.424863207365,31511.698142255318,31971.73341592327,32410.33894968331,32866.05445361722,33354.27335554218,33871.371551508484
26428.74566053377,26923.185118298934,27520.619597670153,28177.447896922487,28837.202126844342,29494.65415701504,30171.7946151836,30878.55356103985,31612.785184817883
28606.549032975803,29056.44211138516,29655.88429333948,30328.824482773747,30976.043709067264,31596.05966590127,32235.06217287711,32912.43576177924,33624.293712232
1512.8010985286014,1622.7949918935303,1746.0999292820459,1876.753912302803,2007.7208176406884,2136.9673623380436,2265.462307819866,2393.555826374749,2520.877710865213
105621.72372346524,104033.51982261447,103079.91331329953,102451.82393528738,101779.88221116684,101061.64902047897,100455.92853710678,100018.34578037403,99724.56027532328
34526.541880876786,34775.33501397997,35168.26135287064,35596.980709994554,35926.302719691164,36154.52324193266,36343.12650343626,36517.49014194522,36673.57068807138
12975.646009500328,12974.409337002513,13043.514708792036,13154.74468704205,13275.139293700415,13402.269279613482,13547.564352211839,13713.954973155907,13897.977432840857
33807.29352932363,33521.94678928858,33429.47902491488,33434.6077160041,33424.84047203717,33401.08766333705,33413.6639271716,33481.87468520198,33600.26074683261
38875.73348532852,39093.29213796061,39504.19759607468,39985.23840503478,40380.59068965936,40693.54318185842,41000.85827627982,41333.79100728788,41687.310562828665
21962.510505824586,22317.063009744026,22770.391916786837,23283.177261660956,23805.644965534022,24333.39425186795,24885.69436019202,25471.465921269104,26088.799556358375
27472.018522895356,27728.634045258004,28067.50648565746,28439.53528221796,28781.8724008302,29093.36213451901,29402.876220006943,29723.25844194137,30052.60817971596
9403.662764209537,9515.014157224248,9667.963437247807,9841.514680961991,10011.286225440468,10175.368700982051,10342.715491723877,10516.129796167948,10693.702149684485
5215.82000300183,5357.153789452273,5523.939028972783,5706.971103315003,5894.685591019334,6085.162016751596,6281.897159092647,6486.518796209799,6698.729344727504
49718.807128644075,49945.410567874,50398.179138280066,50929.314394156085,51352.99234304096,51661.687952470114,51932.01628813057,52191.93564274705,52429.6067062109
37853.569179819955,37491.264056257154,37326.40642147516,37263.51710521309,37186.28142397524,37094.20398830501,37038.97638194623,37040.43120686341,37092.433171906676
5023.395969141809,5152.191718965919,5300.527585228651,5459.219374105902,5616.5892522493605,5771.632876998206,5929.072731628304,6091.238373729838,6258.143133615185
15448.993102391709,15342.855089189114,15346.420764872695,15415.841516722512,15498.643702823374,15591.562939439798,15714.052690508735,15872.855598606182,16064.17163055784
487.00222980458244,544.9502239837775,606.2395147198107,669.5404632367005,733.4061857492111,796.5712272403765,858.2676440307414,918.1664615380593,976.3039356194167
20928.015482071758,20936.95286421921,21032.87846447976,21176.081618825607,21317.784078659664,21454.9820108509,21606.915489752966,21781.72767988197,21977.481123924103
11260.716522927929,11466.446766048448,11727.866167756509,12025.976996796779,12336.173593201107,12656.009647510331,12994.426836485722,13354.919197238158,13735.990263937281
12615.101947800358,12781.532898332704,12996.661770805222,13228.146361976254,13436.04792376904,13617.466784979744,13788.27304993753,13955.481760611594,14118.143646010216
8930.640724518376,8893.631919763639,8908.859508776912,8952.283842131748,8994.625530739748,9035.263887463378,9086.713319586039,9153.602642869291,9234.220313626705
3640.4279069014697,3837.2895305005027,4067.006535312527,4321.2653884550045,4588.388308882748,4866.559934583852,5160.060713565434,5471.043268305875,5799.528496709574
3640.7587233869062,3741.087761269531,3854.6050734191476,3971.8111911202723,4079.8864449536068,4178.361057526939,4273.210209093753,4367.640248218095,4462.319977564514
8088.154823478283,8171.458896285553,8296.194396973704,8442.028315468706,8584.186465492412,8721.001677841277,8862.486306620758,9013.262547307757,9172.51757007954
25020.09106562579,25213.05458043702,25505.897646611877,25851.8080671535,26192.38816925105,26526.082342398746,26878.224840169158,27258.305305946495,27663.326072737473
74535.93982436876,72577.57011948072,71086.70523730261,69861.50559371505,68668.96525661179,67497.28439819478,66430.38629513097,65493.14406217899,64664.36703157619
3490.4215055832315,3649.699306683367,3825.8929604506743,4009.368342637122,4186.96062879025,4358.034747158662,4528.744638185817,4701.957535570801,4877.562076034367
23627.595820702758,23963.751394497474,24429.593163389407,24970.237481171163,25518.500261821555,26068.541539769187,26645.32886963379,27258.373554196824,27903.68826194528
6839.068329261446,6845.012841505567,6872.348835977699,6907.952806809142,6936.642509517904,6958.295016694599,6979.841962910464,7004.260316934047,7031.25483538397
17994.380497302216,18699.430447288407,19465.059481708853,20258.819464513832,21038.685346091796,21799.220909387976,22555.145897763945,23312.78821929976,24070.15890501077
21457.182146335046,22209.005460098786,23093.813684262008,24060.0515375396,25042.569981215114,26032.641793687086,27051.75393988273,28108.993190561912,29200.72894584967
2906.0898323266892,3032.330091526404,3176.8284870213347,3330.740918045297,3481.615496172925,3628.2357647013755,3776.080654774278,3927.96048131901,4083.823881399844
5258.436956169262,5563.138585995813,5882.374087612802,6205.526681595203,6518.406314968663,6819.417978076776,7114.781757523506,7408.3346484155345,7701.278239814027
2817.344035947832,2906.024404795354,3008.3090512883123,3117.7415851923124,3226.8595775158196,3333.2908976111607,3437.834973970165,3540.7563805974532,3641.983551257475
105087.08995450097,102927.78162301514,101239.63497171037,99823.64311566623,98444.68174770007,97092.8771926875,95860.2949359147,94782.0195345377,93845.41830308578
10725.03738709614,11162.960016592326,11652.534287067572,12158.376980600378,12635.173073202417,13079.743568776656,13511.447787653966,13939.57303858041,14364.547978165852
18946.344056875194,19360.288028306157,19803.124011604086,20249.706488682805,20677.367283228265,21084.07331389744,21475.210146846523,21847.389958099222,22193.954698311867
3714.535229355251,3746.9010931680623,3803.3077040476146,3875.0445310924238,3952.497546871366,4033.1155856306295,4118.0286583076495,4206.831073004552,4297.840578459406
14020.276412525303,14230.233614344781,14524.76204680508,14871.739357708911,15230.673836985894,15597.033814614937,15984.660457122394,16398.846184625232,16837.13732176768
17276.582673368746,17214.614331948454,17268.732197832436,17381.838966616502,17486.15227246027,17581.69088826772,17698.078668615926,17844.67548507263,18016.2092380475
8354.326292396774,8434.169524916266,8554.448689938703,8698.606152461007,8846.395306398339,8995.13700453361,9150.882091507921,9315.632403867641,9487.926537576604
5140.365303545953,5250.427846610218,5379.5127898769815,5517.243906305864,5651.377409747399,5780.44698365406,5908.720053913099,6038.005775523052,6167.957222347911
4542.245408707798,4679.119259458415,4821.167600355701,4961.133469227688,5089.76101829548,5207.401628413072,5319.408473284453,5428.740382930113,5536.19684157823
9434.253564696772,9482.989217249577,9584.681536485814,9719.974306210497,9865.556072812298,10018.723792994577,10187.093047778704,10373.44207622589,10576.276227547005
9667.60668674044,9727.048752119437,9854.423169624895,10028.181274395118,10222.249034585848,10433.158277597648,10668.739215957474,10931.603725456063,11219.621247012295
36154.902669174015,36788.11964385906,37513.71201484914,38263.57271388989,38951.62666185514,39573.39664346903,40165.83028537735,40745.95557038419,41312.04488228547
4074.4282464078196,4364.539347586267,4677.199888531274,5005.248853856983,5338.000043246556,5673.209184764982,6014.211144472536,6362.706963543573,6718.585620348317
4274.044723999315,4328.2681582293835,4399.939454785254,4477.712543184518,4547.004787010091,4607.447004416476,4665.618463337839,4724.417899500062,4783.583490259703
40514.45834929613,40734.886780176625,41167.168787473136,41713.90483339645,42258.03992194961,42792.583719003414,43362.45233118771,43982.461008809296,44643.20550119407
26360.637722915595,26529.483284351256,26821.819767942972,27181.035160460407,27535.173146200257,27882.604570879328,28255.700898812644,28668.41326101157,29118.334445476423
11119.863097812535,11306.174121575037,11513.748884103547,11638.076590577208,11636.19166855854,11584.137750530013,11526.56523979505,11470.635253400415,11421.605734780176
1395.6515487569966,1433.869278550033,1477.1194408796935,1522.089173867514,1564.6409377326022,1604.0339145625944,1641.3574154695602,1677.007853599121,1710.8970037562042
5733.593525119617,5839.777811471162,5979.682621138867,6134.215812140073,6279.483344683641,6415.259824936583,6553.078197182235,6698.129902605838,6850.405764933607
5672.80987920417,5821.257185643736,5996.930055769607,6183.98959737383,6361.941525276933,6528.729413984437,6691.93065441984,6854.545460382092,7015.542887348669
24313.75267679964,24521.319174845998,24858.074208486963,25253.070717920717,25617.15719353948,25950.073226831293,26293.453900121796,26664.074009161795,27058.54141710098
19037.995546084585,19166.557139338183,19431.303543809307,19791.318707115355,20199.63402757675,20648.40031357398,21148.992353719215,21703.450766417343,22306.083400061965
7594.918768482041,7644.055816193905,7735.441337717016,7846.048456776528,7947.244952971478,8039.9488053544,8138.455209606644,8248.7406745772,8370.185857343144
80176.0916968958,79061.20251648838,78321.643282403,77774.24046641921,77197.39313981358,76582.41487229448,76017.53369374626,75534.42108896085,75117.82281040984
5455.2421440660855,5548.682723525021,5667.587419415975,5797.811596520402,5922.497211183479,6040.06642724614,6156.970716917179,6276.637898451102,6399.8242123949685
31698.507221908425,31819.05751010058,32039.669615652336,32301.135731688944,32529.55234924698,32723.27488476843,32915.50986606179,33120.980537930525,33337.889061717106
3586.122418913855,3708.576530082849,3847.8383789487402,3994.1743091198155,4134.680390007032,4268.780639444364,4402.346712248131,4538.245683078209,4676.63651074202
55048.995795286944,54075.09816603376,53451.77770146451,53001.474850354905,52516.02898546078,51998.88904341154,51544.06071253246,51185.329706304445,50911.50525604019
6904.360717915648,7065.933711063188,7250.694595748175,7445.825662307279,7634.951326391321,7816.954296579546,7998.798042795786,8184.454721687726,8375.368474970506
590.511296118251,680.3957636562113,780.0802311638154,887.7553277259535,1000.3119340445456,1115.6889527088208,1233.6702344363703,1354.3539675474722,1477.6128236466195
16400.928004384055,16869.773358056627,17367.041658093276,17868.192211579873,18342.43868413806,18787.034823834645,19213.991280223112,19628.10781043426,20027.707370055294
9104.182237985427,9045.23065634806,9043.916814350954,9079.092006978573,9127.749152728511,9185.593960432496,9258.28244917479,9347.647396340286,9451.072251921292
38121.31212132794,38138.007239429026,38332.09765779017,38609.714180542476,38853.71933649371,39062.29933924582,39288.03439684946,39552.84747755544,39851.55154844473
17988.112893195615,18498.898057297753,19095.33782172369,19722.702150981026,20309.610628830014,20854.371648596905,21390.285453096225,21932.345568683875,22479.641439359035
35932.80604519817,36068.87894874859,36425.242151529004,36900.21037218038,37366.65606486838,37823.877917894584,38330.35613274104,38909.45619375365,39555.620667827185
31086.73423778169,31665.313905974883,32351.99403307324,33090.54079144914,33807.22931891855,34499.83443858923,35202.2440999059,35929.8762817856,36680.780264962414
9955.18410636525,10515.776286104197,11121.708827096034,11756.8235263716,12399.209184396173,13046.002651352865,13705.686203305202,14382.81562168445,15077.502660063436
14830.08509635572,15545.913727726853,16328.371756096594,17142.51109807876,17942.46616383188,18723.98022388706,19506.261504604652,20299.105356133274,21102.722621587083
608.990346758222,606.7469843456619,609.6354408667806,614.8859874074691,619.0728599446934,620.1573350304436,617.4021422083541,610.1594060851866,597.4730444393954
10453.534594193541,10541.798266889311,10675.875458882325,10830.712300574696,10974.593814852218,11107.658225651881,11245.18279108419,11393.627731724115,11551.939988053105
24945.27209842868,24639.676337206394,24473.398749851513,24377.908543858102,24270.309917086535,24150.255898070547,24054.165469416686,23995.895893693527,23971.30518442766
1223.358769468541,1262.1781097417145,1307.4998218922221,1355.2956231509668,1400.1948513484738,1441.7510047677547,1482.1375361663004,1522.260879470066,1561.8359432643883
932.2110822282967,1043.2841450002518,1164.0293370658583,1293.5961253825546,1430.9583549163488,1574.3963533030876,1722.5576548506194,1874.329687078605,2029.072202035535
3431.9688598445055,3610.5913400920235,3816.772072486165,4039.116889489106,4263.948454786585,4487.926200099813,4713.405753557708,4940.612153870137,5168.053038879575
15500.111328814079,15707.017022098558,15995.041619885349,16328.845872363363,16663.876570500033,16998.100157751876,17350.524212560733,17729.16021131348,18132.313984296114
18381.04832719383,18752.952016163053,19191.080887668933,19653.625968218832,20084.695589326588,20483.17277072723,20875.106557963267,21271.956871301376,21672.178309082585
9393.591743759847,9488.033703097128,9616.825245197542,9762.255400390313,9901.640265030836,10033.922544842202,10168.698258165989,10309.912796392115,10456.412503146455
20439.81068416519,20418.739037564523,20494.838081645976,20620.70398505048,20737.634383380373,20844.464769289112,20966.708272966283,21114.32864028556,21284.293960911873
76899.76149998506,75727.42617961361,74968.44758244019,74433.70701769399,73897.90704751363,73349.2162172892,72872.29699523769,72495.3072912695,72200.33923854874
61965.0616718261,61969.5005536172,62251.136919944984,62691.21008585087,63144.14291387453,63599.83448380041,64113.16573362103,64704.64358027885,65364.088994726466
4738.899851060775,4916.967744083667,5122.762047520247,5344.543682883893,5567.2017430240385,5789.0140294444145,6015.619571716196,6249.665503447775,6491.054046308127
17214.594160522345,18165.73857747801,19136.340698974174,20093.088692805453,20993.944096654053,21834.630441726695,22633.067995437505,23399.824458785788,24136.945497977733
6147.44384852875,6318.781500720162,6510.769037026796,6711.594124920044,6906.951856909176,7095.476922301543,7282.538946801106,7470.0043036667275,7656.879943774166
10206.704335754435,10694.305262605734,11224.473803732586,11773.55106015461,12311.892660849137,12834.8245884377,13352.518211272529,13870.89784042791,14391.303475536359
33177.907115466485,33667.83538645856,34319.31081523486,35049.68113923885,35753.683834897136,36426.64294935315,37113.727005300396,37833.96622443987,38583.33212684795
39998.73573994981,39323.76679565614,38898.81944956833,38595.377584661706,38260.06194758245,37896.714487660436,37576.06565728789,37323.31197720296,37129.46298801482
66776.39498170023,65689.23697140685,65008.19763985774,64572.78663485112,64192.692552823304,63857.356148834544,63637.510867534416,63556.67174694701,63599.14665646035
12602.467196839694,12848.812405410377,13160.342939984252,13510.902426402901,13866.814265285891,14226.002462467091,14602.584711336262,15002.811411386758,15425.603210163272
1290.7339876875608,1368.2897086302225,1448.667772803315,1530.1355023990227,1612.0432623689303,1693.4567629498924,1773.485208357156,1851.4286211745225,1927.288289568626
53475.53858984951,52955.53094532965,52676.355592977714,52529.7810723992,52383.55337151051,52233.37902439021,52133.95224969817,52106.41527581951,52143.305183396194
25046.94209076034,25110.777283656047,25298.9156218896,25553.396457321865,25802.336351728958,26043.081404869627,26306.25933513754,26604.63405769669,26935.35005845441
5689.098107719338,5879.029222996526,6098.791721370545,6328.8966080432865,6544.872314742987,6744.683912138322,6938.177238982584,7129.736480311324,7318.996398782821
42632.84939141718,42497.400238448194,42521.31622674983,42639.63116571417,42775.19693456489,42923.59985320635,43114.05441261811,43356.43670415558,43644.556856910596
22432.709248511466,21990.993878711302,21687.624055728844,21467.62855286039,21266.188318660978,21080.53898171117,20934.875767478774,20835.274192923724,20776.16167016665
11097.487492069626,11265.779743053106,11477.837232289343,11709.111078490318,11928.493698351569,12134.863789226589,12342.197235574955,12556.892794858704,12778.406919936024
17060.254431523652,17165.42745091923,17390.674136947116,17684.97342622186,17985.759433717994,18287.371998057908,18612.013796404164,18967.23198737739,19348.20366469294
42884.1852854427,42633.5449287464,42583.93225568465,42637.73914388197,42673.95024914475,42691.404478673176,42744.33292936129,42854.56079091458,43016.39728531922
5509.487418371746,5594.542652699814,5693.551589269285,5796.267505126642,5889.979882132453,5974.164915117632,6054.333833063129,6132.723278271546,6208.783883380475
16520.99465507059,16791.157383832004,17156.915760856693,17572.100523375855,17977.296877350946,18371.65105540069,18782.729522465343,19222.011486168365,19687.355976970157
39167.90358617674,39074.01831822303,39145.294553922584,39310.30363278474,39480.962720470605,39652.2139322991,39858.430073916024,40112.8046987624,40409.811684195614
14386.5828497465,14657.373857693896,14959.24357725046,15269.323451801476,15558.053573783594,15824.30749507744,16081.716230933394,16337.496382195775,16591.99483515013
20659.639392001798,20789.819809835568,21011.549129172035,21284.46234588809,21558.61613116256,21831.046995174052,22121.598997541987,22437.96571782447,22777.302439818435
6956.912629517311,7244.381867682279,7562.23678419857,7887.465662205689,8190.327358748803,8469.960125193522,8741.119410240506,9011.125860607233,9280.433818866784
2680.4768682462045,2801.5161821408524,2945.2230819596807,3103.2190005323964,3264.427593953651,3427.049733854895,3594.3983285413888,3767.7991251977746,3947.0380123900545
5974.7311997129555,6116.502052218476,6286.743545755298,6469.301888907807,6644.02125624576,6808.035029270209,6968.177330333339,7127.527587226758,7285.5567347439655
14355.574307582443,14501.558810193175,14736.949938574726,15018.545475431873,15291.430914584416,15554.83507712374,15833.641340328986,16137.562667845417,16463.842497254143
17939.998599842194,18315.357636482775,18818.349343314327,19406.099899535893,20021.291156998424,20663.215239501184,21359.591381819646,22122.531989722225,22950.43078876227
41593.12495227035,42985.897659754686,44571.352944938706,46231.334530504544,47812.571301967626,49301.33632196702,50757.11093980049,52204.40361013682,53635.06164790913
12605.80960497589,12684.341231543352,12841.369523403237,13037.826516701414,13224.323123106198,13401.344385609358,13592.783320215902,13808.636002148594,14047.573887274108
7638.932617948036,7882.099800876287,8162.472512844996,8458.921345978657,8744.043834315444,9016.607109860654,9288.894049463941,9566.156029746693,9847.631155200736
27269.091166053484,27337.04817228721,27513.966539718072,27753.150561928163,27996.33834898797,28240.01751571376,28507.285149333282,28807.406373001406,29137.09012257237
37866.186796818154,37687.15543711616,37687.122238802345,37778.284081935206,37854.78595304023,37912.86172690449,37995.589524589705,38119.033094297134,38276.857080664355
13319.68195141323,13209.169005521318,13183.907426839309,13206.96186567605,13233.468479353402,13261.816889509793,13309.960624538166,13383.879179792906,13479.879942140877
16750.74213936467,16737.429292387624,16806.628070014136,16908.508630833476,16982.04126008074,17027.906912818617,17075.37476965652,17136.996335447857,17211.66683326073
6378.567559398062,6393.440719724481,6440.170102618864,6506.597673719446,6578.6606526766045,6654.771700238863,6739.222115972029,6833.427094309032,6936.309411596798
23914.00272672757,24109.72636666998,24438.992720502905,24839.175010457628,25231.362719785997,25612.57175722648,26016.621270212632,26457.304475392786,26931.42022943055
682.7239332526635,754.4222960691495,825.5413965273056,897.7244480805941,970.5565935908381,1041.7653865593745,1111.40216203915,1181.2365990004168,1252.6982114203681
10298.641711771079,10419.554466353999,10590.82040051854,10785.928483121386,10971.007103708149,11145.591214973481,11325.765731500296,11518.922064846935,11724.62681294711
22414.20529909582,22346.73285899138,22391.73339178424,22492.707987549762,22580.166286994256,22653.407843123226,22743.60625833298,22863.580038688022,23010.59020856442
43505.1451557325,43741.26036636512,44232.23770269968,44881.335698906325,45573.845150052424,46305.53105798747,47124.08160062878,48049.56953850507,49077.96088076751
7030.6476469970075,7151.308636270308,7306.884765008625,7479.022343766107,7644.199055624162,7800.392527408308,7956.487475790455,8116.2707148361615,8278.82435521683
21118.2623888853,21076.783923591494,21121.69770537619,21203.000676313342,21257.664100823946,21286.570384992105,21320.155398723757,21371.197524631214,21437.579367388673
18759.796336048563,18888.0312153415,19093.954697592933,19325.553660647925,19517.99118992005,19671.234469313713,19816.354372790796,19967.429415959472,20124.334789505418
97130.02687587973,96085.37896693478,95606.343321418,95496.92693325267,95525.15950093509,95655.9711275824,95946.73957345089,96408.06761236572,97010.86307756753
25922.081470838843,26820.111567816763,27740.95901494317,28643.61351105937,29475.06319565574,30232.538915325542,30940.262982085296,31611.058047067487,32245.233829389752
29990.88760252859,29761.68455061844,29686.10972879138,29693.582337911754,29697.560363919456,29695.76803831444,29724.833633357408,29798.909048561338,29913.166285145024
61351.91325502507,60781.483062308,60548.93776407688,60502.58171380133,60457.263974046706,60411.34295529237,60444.40272253769,60585.46135848813,60824.326070444
28736.54203236723,28380.367252946056,28178.682118646004,28048.766387265612,27891.88279981677,27707.820239317196,27540.199879878455,27405.748814497678,27299.93014376241
3735.0768404113724,3832.706698708182,3933.6236734666645,4029.3080162714336,4110.537580592552,4176.443749787388,4230.826632828814,4275.54381366366,4310.839954546553
12296.852316204613,12414.674172180332,12572.535832661852,12745.31230361987,12901.416167436691,13040.254423950582,13176.111911510849,13315.032858472083,13456.003478999319
13403.282366478568,13542.365494914737,13747.383517047658,13979.501709603743,14189.325828792735,14378.657424422961,14572.876777800308,14782.145819503143,15004.744609396357
34436.02950569367,35112.202077378766,35932.0733821508,36823.59412227873,37694.302446871574,38540.901577538396,39405.15760790075,40306.04005648677,41241.54766540484
7328.172015103929,7298.8747383925565,7308.557647146688,7339.449138538373,7370.199083568221,7400.09489437717,7438.127107290305,7488.041917023628,7549.140539478237
7453.951900798372,7486.215490579345,7571.018002627157,7683.895524076309,7792.1757749551,7895.678120248471,8011.378103925878,8145.763531476273,8295.790832581664
7196.197263154533,7185.302845671417,7198.204214591779,7221.610578045762,7239.661273911878,7251.793236735048,7264.667177433586,7281.095043024336,7300.453778293426
7446.294788740714,7827.422772915381,8256.20403150317,8715.790361094912,9183.176721953796,9655.211161228723,10140.493812175037,10643.563941269053,11164.723226843611
3154.055942330632,3235.750448985984,3328.7857024668187,3425.0136619275095,3514.298872862624,3595.6422143491955,3672.912744079453,3747.922094901013,3820.641358981799
5859.239621588509,5899.373182735587,5972.7997906135815,6060.443780072486,6140.427066054029,6211.295116908856,6280.7163515056745,6350.235674009228,6417.327112465132
8331.421970106794,8524.47619652869,8768.739103068516,9043.28490744882,9320.823342978714,9599.180921758652,9889.297692966498,10196.006988754749,10518.458401860978
1901.6309353553445,1906.6967890162205,1913.6082643384364,1917.3116555682523,1911.351036804479,1895.2461164057904,1871.6498309954686,1841.7445443666734,1805.280144666917
49212.8183572757,47982.66709736195,47041.967272844806,46290.25597814962,45614.44837484382,45000.20331193674,44476.99558111017,44049.7578025769,43703.559812130334
2409.407778570229,2520.6390377422244,2639.34541379376,2759.696094045295,2874.128628789997,2982.0410391022247,3086.649965272568,3189.55804289868,3291.002683543414
79329.81736460736,78639.84954835207,78311.1350405247,78175.85951059837,78035.21032951852,77885.22413032874,77809.26787037448,77836.87481354481,77954.7606988711
2737.68956027668,2852.6751711595375,2973.0615946375137,3095.1224560408045,3213.533793442064,3327.452096282634,3439.1391111966063,3549.8933821249293,3659.839674966055
12796.552561940589,13063.666004211085,13394.24894921423,13754.591320701946,14101.71386352149,14433.249705574195,14767.290643251059,15111.851273348828,15466.039847204984
15020.170475004363,15536.377736175022,16115.317786879821,16722.864022327467,17314.493147919595,17885.65135916686,18453.65517362194,19026.85877139671,19604.7823699078
4877.814236609913,4898.166931996389,4944.344875062356,5007.283061252695,5075.976858375569,5148.788281896224,5228.811707942695,5316.981683435211,5412.233240561162
120014.90438650447,122038.38641954692,124571.04203492298,127348.52631207377,130088.01222105871,132773.48491526025,135507.74846693806,138307.90339952597,141133.48588276366
20340.448975814925,20589.169623945712,20934.149958921138,21327.898032956502,21710.050830396533,22078.646689351295,22459.911629154336,22864.13412537048,23288.468365963483
23532.184763602174,23461.775929728294,23542.38936260627,23715.03170122092,23907.71023173796,24116.235248069566,24368.137810203763,24673.014654566905,25025.371440598126
9559.814394315546,9848.475851785803,10177.025020058738,10527.74704892655,10876.119787608752,11216.611974100992,11552.600774781122,11880.0427276302,12197.788767623866
8950.025592721995,8929.019060643088,8971.679555433559,9048.682893815536,9124.590317723058,9197.76178134135,9281.824839939181,9381.44919787997,9494.548692482294
2440.0098230375716,2471.9671357491393,2518.189120867575,2572.094042237972,2625.3078280771037,2676.4630188457036,2728.038552117608,2780.9316971813155,2834.404956867015
5267.21186101007,5499.13805150674,5764.714572630672,6052.104465799114,6346.115842664262,6642.783187098399,6945.437583011153,7255.621403645132,7572.793953606578
18084.81739965316,18303.644226724893,18567.661798801182,18848.230959044027,19109.536655960987,19350.622879865237,19587.741926767703,19828.07271312024,20070.583524137557
20052.549052818107,20316.497351976363,20631.02354642222,20950.924115752456,21219.683380797775,21438.821739246185,21637.37677911164,21828.04376167565,22010.279452336057
7875.512465986285,8117.501333639207,8399.149655937725,8701.10562269572,8998.378437421143,9288.250828817105,9580.29234101135,9879.27890077086,10185.176671477559
60078.639339724534,58902.7594618704,57992.059520012845,57199.846265895954,56352.45323930931,55450.92999508938,54572.39053424852,53745.724660734086,52961.62593605963
36150.40338689572,36257.201929398616,36539.73938116222,36910.83981247322,37261.09915173172,37590.00485508484,37948.21311661725,38356.168960847885,38809.110968572335
7619.814690948672,7948.4449447461475,8282.153221868062,8609.023164317341,8916.55058612804,9208.385573083477,9498.253164682472,9799.005567456079,10122.574028476667
10512.590941798524,10561.935343799661,10649.978966239032,10750.047522610505,10829.123641094295,10885.727179371512,10933.440737914761,10977.869591371524,11018.020228321242
8664.383604275286,8824.331053557209,9007.849389197072,9196.166316523591,9366.082982774598,9517.721176752957,9662.86305226594,9807.687681381161,9953.397648820264
7032.456318929008,7162.656496911948,7347.771976487279,7569.295546669052,7805.330790637428,8050.629892014668,8308.95431594923,8580.650046252127,8863.545514875459
4886.995806432715,5038.583306220985,5218.265467981114,5413.3063900236875,5607.53252148084,5799.303230444992,5995.076923919503,6198.152723381659,6408.77778669548
17834.076353544708,18043.409801152775,18351.46514915532,18720.75620481468,19103.665103793996,19496.98411191507,19919.750558476248,20379.92161923511,20875.19337581305
10531.099528349261,10980.636532336877,11475.26379427253,11992.757925498543,12504.449434738164,13008.092178460323,13516.135331863603,14034.238693154735,14562.343489251374
59148.87047608019,58323.506116207696,57835.01838182054,57567.806132082515,57390.94994822501,57287.80109399097,57293.10173983206,57412.35224650889,57627.973069127474
12843.378572608834,13060.608341871637,13361.461661024861,13717.006082443791,14091.784085691577,14479.999734885434,14891.079701863477,15329.1596696826,15793.556497451336
12267.784233388971,12569.389056786307,12921.773742044305,13298.206803582832,13664.746374841021,14019.596665069892,14377.461754024962,14745.260133116535,15122.737333918318
20106.635846890447,20113.130897148072,20212.774119388534,20364.282735644992,20516.589501550596,20667.503472982018,20838.16841037089,21037.17931866167,21261.804396408672
28586.297692810374,28778.381103908945,29121.50825322338,29536.732558639458,29927.88756245307,30290.133880193935,30662.869089278767,31062.142793677936,31484.037403365764
18954.171456191252,19267.890778524354,19663.23432613548,20099.328106902933,20523.808785483525,20937.92840380409,21369.89302672354,21834.479693234523,22334.075045339738
2439.8991107725915,2498.380025345952,2560.808011124167,2620.935826745996,2672.0154055368184,2713.8453857773775,2749.8323910331715,2781.8121953193477,2810.093135814924
10199.231402840764,10436.10767979267,10736.65372686992,11076.21041692109,11422.46430235985,11772.735367833517,12139.866025595347,12529.331014165225,12939.8293500671
3666.8065782639183,3742.149962864467,3833.215434894813,3931.9696359273335,4028.4295402807093,4120.672962479907,4211.306132945949,4301.402507178934,4390.41013560041
28291.61201333757,28208.132671293763,28229.539872397956,28307.40053814944,28382.39306719819,28452.844440517296,28544.091841899128,28666.18929363644,28815.999222397015
3888.160365296665,4058.483841259316,4231.447391011089,4400.647428724967,4558.098846656829,4703.385529235836,4840.6126542620805,4972.150239019527,5099.002021424742
50071.1964147836,49278.33448483396,48816.44754355217,48535.71658590715,48260.34819346974,47982.04604759548,47767.25754411785,47638.0957873781,47581.938998403784
4712.5908054602705,4732.880939499472,4777.479102627187,4832.820126246999,4882.2567403843805,4925.937171698003,4971.85447732534,5023.280983574938,5079.662688041518
8428.444586229596,8583.388244439371,8768.39904923567,8969.428130818924,9168.136566795016,9362.57944040106,9559.41378111219,9761.62823180883,9968.526156500026
65750.93814694848,64195.53743992406,63115.413618009705,62305.42415229633,61525.58461251743,60769.91160813963,60132.90639428869,59643.90599790076,59282.65373488401
66285.02974139992,66103.60923252786,66201.24428850415,66443.4238962982,66667.65440718674,66859.61217238367,67075.72816766646,67335.23507506242,67624.64518225426
9922.560692246576,9983.009510276179,10099.712300431793,10244.788364752938,10383.176842525701,10513.994917061593,10652.961048961388,10806.782808707669,10974.106532529147
18196.785399281114,18421.60708697137,18720.981765340395,19060.909278169238,19398.232118817727,19730.53863365666,20075.854532622805,20442.11173979337,20827.886006469114
7160.3940153953645,7326.413090971736,7521.481667832644,7730.574337219613,7934.555179560426,8131.92450200083,8330.419874588399,8533.558786908514,8740.895151201416
19621.25286447861,19533.606563465157,19531.684472160403,19567.831512211196,19584.20584623416,19581.671941477663,19587.737601074343,19613.51707770107,19657.095001271035
5927.594163258698,6020.940763488774,6154.206360037922,6308.159347263607,6458.48777433793,6604.076573119733,6755.072215401541,6915.353898618468,7083.702396066968
51690.87702973105,50787.98553506157,50257.5494792677,49956.4003181261,49719.18376535105,49529.31933203687,49436.808295390176,49452.46725977114,49556.45528103032
26538.752628263934,26608.366887539465,26799.91196989696,27046.730923970284,27264.4760962973,27453.785530482855,27655.097829107825,27885.51648661886,28142.48229379452
29358.049807708674,28982.73567429853,28788.66097652727,28698.02647567148,28616.567339279234,28542.496315524982,28515.515094885486,28550.220403043055,28640.911513440537
12521.76772398033,12667.068994995845,12866.236371309951,13089.088857955743,13299.298596697965,13492.456857639074,13680.549307493642,13868.681359163409,14055.931736885
9817.541116649058,9860.276271515093,9955.335186556707,10077.75709711939,10197.034068155608,10312.487259751191,10437.61467793162,10577.841140610546,10731.863791176145
5999.485202797907,6072.167995487841,6179.460128293765,6301.860733174319,6414.322435919724,6516.77606767647,6621.044406001193,6732.007102019158,6849.005628084203
14871.658572394184,15123.61906873143,15456.344823845167,15833.451761810018,16208.621094556456,16579.416703672305,16965.273011148205,17374.237122932245,17804.436279433485
1404.3861041005578,1483.0175597848984,1570.717441966826,1662.0885861346762,1749.707831035694,1832.5329536050754,1914.962384235971,2002.8655372890646,2098.1956130235794
8637.221830817787,8830.072673547153,9051.893349469814,9286.307462246848,9512.042946840764,9728.0538771834,9943.839066902703,10163.918632057146,10388.086428739934
3551.0537227915565,3661.3457090753877,3794.0288726534027,3937.846888273531,4078.5764708681645,4214.921273079924,4352.417329825053,4493.31944804799,4636.899522485299
58279.11325637785,57849.10947603494,57756.338589867824,57809.42956688344,57775.30267140935,57652.4783053456,57542.513490724545,57481.48799034291,57455.409304496345
14333.00844262969,14571.352778257544,14865.226699511863,15190.770142973794,15517.869636312715,15844.456831406937,16182.831672843551,16538.451185163598,16910.29093442057
4851.028035024741,5094.773701963073,5341.869781733173,5583.213423020097,5806.094192369796,6010.375893377022,6203.08976729453,6388.370713843069,6567.191392231867
1020.4608752402061,1179.479921815975,1356.3101551148436,1547.3601050962247,1747.733972937503,1954.8091090123655,2168.166832873654,2387.220497310878,2611.599890824046
31965.124192170137,31846.34210062356,31892.821544634666,32017.054373687573,32111.669834867338,32176.427978086278,32259.00603608526,32376.598747965072,32523.124831470795
24503.57539643776,25051.291884397335,25786.433680862836,26630.02964396031,27482.473567483285,28335.79130802133,29228.368543507542,30174.739192125995,31168.76650650561
23699.62945855476,23734.03346132176,23891.060390083643,24110.73513523379,24318.328132432758,24512.35689868747,24726.314230076943,24974.661445326652,25253.204502669472
10733.463667998541,10879.323443947875,11097.488612341329,11357.30747315823,11619.63359555318,11883.751381722032,12167.543281918348,12478.264885898003,12814.16256878377
51449.27628098792,50615.16164689883,50062.65232108748,49650.89852897466,49209.92575831557,48741.60941607535,48323.35713637784,47984.60724966438,47716.890593605014
4196.632638165316,4410.632804223995,4644.497500406301,4887.043038181427,5123.129270293172,5351.74667132698,5580.029427437183,5811.865475612538,6047.979881706857
52365.79999877568,52524.22925301554,52948.603551490916,53538.14475679061,54169.23696688729,54830.377649883914,55564.68007062558,56387.216571017656,57287.34090400562
13769.354547165101,13979.739566239152,14236.67797781923,14512.933726681382,14775.088642368913,15021.420559909015,15266.17676868677,15516.363856731474,15772.37054187272
15507.468764487901,15516.230724487104,15584.60684591796,15677.32390678047,15749.668235850491,15802.60803868901,15858.473419968685,15927.181617456967,16008.003137552123
7254.779416843695,7461.217352564129,7692.14099693493,7933.33506602713,8165.936161567615,8388.661580710766,8609.650147506938,8832.777594258027,9057.802393852176
7944.899434286244,8034.738665414489,8197.176723657794,8411.572213262813,8654.075381057488,8920.77211951525,9217.88449884196,9546.708729011538,9904.838999444053
21631.248638117027,22154.876153781664,22763.916989740388,23418.873812438196,24067.486404598098,24707.297967319933,25361.80309424486,26042.29576921791,26748.319897533427
22209.97515801342,22236.06282612021,22394.5403992336,22619.330460926598,22829.21742312603,23022.961775485903,23236.280994981495,23482.948884438163,23759.022029746877
3824.6453575593614,3922.135006915024,4042.080649680259,4171.23053950233,4292.375210996063,4405.189894034304,4517.9884863071175,4634.873411145886,4755.812628760676
21292.2343673792,21201.935072015687,21210.997336968605,21274.285499270176,21336.91393496458,21395.549820167944,21471.34518391669,21572.871246065035,21697.50774788951
10738.107892005377,10621.53238367859,10556.766458707501,10516.9651826019,10469.308710186371,10413.496567541777,10364.044455069019,10326.841935459568,10300.674453251037
11289.854576313775,11317.903775327748,11415.954015173375,11559.316011228624,11717.413828826227,11886.547454642312,12076.56482119508,12290.905540029578,12527.238071911472
5007.928502330914,5254.535240345936,5508.5430351238965,5758.221488909856,5988.34202389688,6198.114143827453,6395.012713927816,6583.747212432242,6766.054212965229
59995.581762992966,59252.66327525843,58800.8786317886,58455.23871067931,57991.60848762935,57418.940553728215,56847.542890753604,56320.93829423703,55831.64124552431
8071.234252479188,8299.334364192546,8520.404312336415,8724.032408860947,8898.976493205198,9045.378116756083,9169.462244905171,9274.293489721764,9360.89765555045
25681.677248512053,25714.58112467052,25849.21186096629,26029.288131273057,26185.07432121865,26315.19352298857,26450.78088060527,26605.114877947653,26775.909556915114
58474.45920014175,58021.98782432933,57887.80488788934,57926.154066316274,57961.68102722609,57989.49434890771,58082.466971749316,58267.10153314877,58532.01015476537
29475.174998051723,29173.61395869437,29085.306160104195,29117.24476839555,29157.31780492234,29201.132080448566,29292.788104475683,29446.54009660313,29652.889479827703
20679.40957782728,20866.50705296296,21147.127924335447,21473.866237720104,21786.688714821048,22081.920097058388,22383.76417716202,22702.451431595033,23035.82911084092
43071.90172042495,43808.701101398314,44685.96336325148,45601.83231803205,46426.74264148642,47156.19274431381,47847.87947364859,48527.29256798877,49190.649882944956
17773.066057285505,18163.668912438065,18613.49588060904,19090.71217251676,19554.060606304414,20002.10505878543,20453.88090951667,20918.468125501127,21395.726454169104
9440.823727587787,9709.344606289405,10004.982467694574,10311.213777338007,10607.160422738105,10890.314962563898,11168.200171497065,11444.612661099942,11719.527422473777
3393.1792876013637,3512.9568901015177,3648.7042245078255,3791.0736981334253,3926.946871740052,4054.930837469734,4180.547769441914,4306.934691074842,4434.812487911457
7348.624309451346,7516.738025691992,7716.623901569012,7932.904865882928,8147.954225274235,8360.127930151255,8575.74124669495,8797.004997506341,9023.0080107264
30325.734771937787,30405.74554014904,30679.337472659747,31045.865101589217,31379.290367412108,31680.599449654623,32008.550556661667,32385.230246030143,32804.24258441007
27999.528805020655,28025.975774313796,28194.822280168017,28419.52533245199,28592.480859201507,28715.532146203237,28840.530504736344,28988.660013359608,29156.5801761729
19486.97087882162,19709.780585746998,20061.798873132124,20488.08784886873,20918.485944268996,21352.866505591268,21824.469654749937,22347.036568994794,22918.37976756204
8951.065748444244,9239.105797161725,9573.612683537338,9934.1296456227,10293.814043064895,10650.722675213043,11016.157852119626,11395.441119480742,11788.247832905767
22219.484685836487,22392.85688016105,22712.88187225143,23098.760902713195,23448.176158279228,23765.22402182676,24102.29829858436,24480.50379319549,24897.16762982025
23850.57200112392,24380.241882827824,25012.33576682049,25697.53276870048,26373.9990411438,27035.651022769016,27705.61713758503,28394.107491019586,29098.919911282977
24752.8599540697,25176.226543483535,25772.849645829163,26487.055866802497,27249.02975098344,28052.285143037392,28922.556855299237,29870.419726324024,30892.891993124973
2722.3242128834736,2825.0033133919173,2938.7659206330077,3057.1297949855516,3171.8626823596287,3280.419383711962,3383.7902317422304,3482.116095956742,3574.632058297159
23833.0348896443,23777.43208363964,23797.639795872736,23849.85736415477,23880.51532055001,23890.343329342173,23905.436554384432,23937.05076317083,23983.877536667682
28845.483214903375,28318.661824637107,27936.981124986836,27628.686679495204,27308.44016428604,26976.044666258837,26669.09134061996,26402.245997871967,26171.506303285318
9971.101874280672,9967.243680455096,10000.744364718232,10050.65363719648,10090.31378108835,10119.828188972786,10151.772683749125,10191.381731616599,10237.625614681645
28852.865555654847,29655.92607771121,30577.762137987134,31565.960349201803,32550.339290485936,33527.51804242089,34528.845128884575,35568.347469595356,36643.459674370366
29411.471568516106,29443.209372295307,29664.339277386924,29997.80200376005,30348.761864636035,30711.4301009099,31122.33243335935,31594.517081878897,32121.05979506503
5359.874635534298,5759.583256611972,6177.697596193709,6604.095244957133,7025.357019233273,7439.153865156004,7850.644138961028,8263.782786316026,8680.659933810786
41216.95147744159,41984.69943371601,42920.77436263369,43935.825247955705,44915.983680994155,45847.94603293677,46770.188338193446,47696.45876844631,48617.50516551976
17360.044122724612,17781.96743129506,18290.7276537169,18850.92195921577,19417.822544755934,19988.724666838003,20582.421405831643,21207.89471260057,21864.557924771325
5369.288459499881,5449.275341724474,5546.55990440651,5648.734025784106,5740.02279658455,5819.241513521603,5892.661041032334,5963.00075508608,6029.80123498185
71567.21163923093,69837.45178925747,68533.4885908221,67470.62060699874,66435.0787578806,65411.55115759032,64472.51172040888,63638.74608932532,62889.783080366666
30724.789183333316,30298.839642658866,30054.24326738547,29907.58946864524,29758.937640961252,29606.23907931754,29491.342159942393,29429.85496776732,29417.527229423667
18438.080194064736,18776.591774294648,19176.79436373858,19593.412558519147,19968.827838968995,20302.14006897518,20620.918298616092,20938.49290704804,21254.83755117252
14486.052984587805,14648.704060587293,14863.464001756549,15102.869800334673,15331.901035966353,15549.52432907771,15771.349903781806,16003.985219910313,16246.121588723943
24137.438140263428,23948.95724869199,23905.263998523013,23950.3647889226,24016.550364833598,24100.102308435762,24227.02952230626,24406.695952171274,24634.301567982
57732.15660417808,56953.73344656083,56519.95327145564,56285.722328687436,56077.04966439679,55886.64000142983,55782.75445317359,55789.23687642944,55893.20673611351
24849.131513185395,24620.624493297233,24521.549117993844,24478.611678587687,24403.37183424915,24299.547912413775,24210.59157753835,24152.79072344955,24122.12465782507
5773.3710281708045,5907.62165522534,6066.030537219475,6237.125310204306,6407.0385668063645,6574.267381459223,6743.695861337869,6917.576984257026,7095.7918165360425
50479.90848945605,49989.42156538104,49732.73632637166,49595.623098699354,49443.26452371521,49272.10535012459,49140.045737943816,49069.32250692376,49052.53610706269
23877.90608641389,23452.079938646933,23178.467188217397,22987.50449282306,22798.288281022735,22610.123302689277,22456.729614352225,22349.08291638839,22281.11570501452
41995.55967897003,42181.537171157484,42594.470577195236,43128.85468523611,43650.55196833479,44157.86351290018,44712.07523674293,45338.49489992341,46031.65155403168
3462.417698237989,3600.200541492594,3743.399382326887,3885.658751161906,4018.823180306312,4141.9511627650945,4258.355263456581,4369.648641303357,4475.781848635996
20030.62625106257,20059.826581809244,20179.330227588438,20331.0360044801,20443.85495102941,20517.050171885305,20583.111001939524,20656.157246052586,20734.93183484842
42755.32292561869,43052.150613051606,43538.29916239182,44131.92213383913,44731.317399593914,45325.84942751261,45949.97653200945,46615.631848177654,47314.48788751
57553.48658162057,56679.62194662387,56108.10632940937,55695.337479940405,55268.974002694944,54825.89605253006,54438.27014741432,54132.08340802584,53896.03807401847
12490.83076382923,12686.418020827647,12936.328744649585,13211.738137563309,13476.565648074158,13729.404318568324,13987.032492671942,14258.258525160714,14542.879904379224
21112.661440377306,21439.26174334117,21861.10118249868,22322.200799602284,22751.10877503096,23145.118591049984,23535.6627384256,23936.52712361764,24346.250672248418
17166.96509436577,17570.04581037776,18039.699158478383,18538.330503212062,19017.84393216641,19474.49818595848,19927.56980682098,20385.62749717903,20847.33092724028
11193.156668535887,11321.53405861356,11494.745077306294,11687.523189128533,11867.056114451048,12033.191279715005,12201.786373816429,12380.370058756822,12568.980655825242
56315.338733324716,55851.88236857025,55594.343456192655,55438.8565426749,55256.37835510618,55043.279986236324,54854.249528700755,54710.210420868934,54604.84216430597
6426.859738024609,6624.844898125776,6831.9900896828785,7035.203919511379,7216.948688289972,7376.75316576399,7523.398913685757,7661.688502471003,7792.394529898797
43274.720739434706,43281.22254758261,43495.82253876694,43829.66884712672,44173.482195100754,44517.655184306815,44900.81123718044,45336.54491641528,45816.31720596254
1701.2442681073965,1823.1962116922903,1932.3992486032707,2025.7152059845273,2099.580730407598,2152.6366027066424,2185.5788936587624,2199.0194403421,2192.6992825933025
19106.84907855397,19346.019306413207,19665.76485032366,20007.767957625514,20299.316076460695,20543.68495175114,20781.05514424256,21032.21914941962,21302.114603223854
39752.914159150176,40626.155638715914,41662.06064032265,42752.235086901164,43759.843619485924,44678.28795333696,45566.29565860893,46449.8976858541,47326.16862426574
7181.112750522178,7565.813992855633,7976.92624996059,8399.716950478598,8812.92469557446,9215.375674320605,9617.603914461568,10025.721130737498,10440.992896285936
16300.226215999435,16402.618403646666,16574.82162685356,16775.549608232035,16955.91766825165,17113.540952754487,17267.683411317706,17424.87871620304,17581.884844675205
571.1293409168981,666.8997777361914,770.5904715510023,880.2159159088901,994.3297971998709,1111.450847713755,1229.9777532848213,1347.2060496889087,1461.2313042592161
46504.326750908214,46011.79537024452,45803.00140298069,45769.03712859987,45780.19235721751,45828.00460823807,45959.77076671078,46191.09097633503,46511.570872706434
20926.93472920021,20947.777226508217,21102.166431587946,21330.623822716956,21559.874944302897,21788.24681919225,22047.52054511684,22349.73910755347,22690.71402498912
57410.67021940089,56378.269496958754,55678.9596257099,55196.582928509415,54793.24689428893,54458.26404478,54238.862401401326,54149.54995461913,54177.14362449216
3681.0042821519028,3719.7673018740225,3780.4948909125374,3854.404114441611,3930.8099160739894,4008.0382544066933,4088.7176579306556,4173.031283358174,4259.266921140829
14442.704835949022,14527.405458932093,14660.203658324976,14816.541320605878,14965.366976694522,15104.931193830507,15247.849994486545,15399.189907122125,15557.143453973113
8484.281751877521,8706.80369584457,8976.836145623505,9276.725231555502,9584.061730484986,9895.873353557427,10219.896847668102,10559.768747077396,10915.041015090168
-461.53344828111716,-411.55553615173545,-360.5508066219736,-308.25179433318533,-254.35733114432074,-200.02271162924112,-146.6397087792413,-95.0449622915533,-45.85172551224053
13240.249806372527,13387.297616304972,13600.140822010702,13851.376021250204,14108.23110170812,14366.600350584364,14636.865841020435,14922.599131350364,15221.639842123412
30748.892585990492,30688.706928359297,30868.216809615624,31195.2266585595,31558.393880558284,31948.98390707033,32406.50591669729,32943.79719648179,33551.61156667846
31517.67906283086,31927.204135942822,32487.48365594913,33120.848136697285,33729.03595459768,34307.559456326795,34897.68733609398,35516.26764079554,36158.9196453711
66338.98313100952,64840.658741761006,63775.07695001371,62940.191477467204,62100.32128493852,61250.6679088749,60485.84499993251,59836.5238517382,59284.38810173433
2523.6713781424046,2653.785069018132,2794.912439435601,2938.8737575130826,3075.1738888718874,3202.4296137643005,3324.6932874943964,3443.813995976303,3559.4774550661764
8156.229883999211,8078.5333555780035,8063.462703840792,8088.641655123677,8127.4593594514445,8176.441378780654,8242.827832357229,8328.531495273995,8431.128104768484
7396.763621227172,7535.186590353877,7727.623111812102,7949.161193218191,8168.0300700288935,8381.401207430277,8600.964736664473,8831.14376172979,9070.37582996342
35797.18460812717,35366.02956593458,35110.43409075469,34961.03424038076,34833.48516034853,34722.108142124176,34658.032551874065,34652.200969958845,34697.94649731666
11717.645562259522,11940.801278963008,12212.097845805538,12502.045130001454,12772.110546602436,13021.568015395904,13268.927887538282,13523.06132825279,13783.840302349525
3297.71709893713,3493.198356121747,3716.925996391876,3959.244395517725,4208.08645633007,4460.954555565855,4720.864964619959,4988.770764932711,5264.712587658169
42545.73883086607,42766.10905069417,43190.344806203626,43741.11370222864,44322.87092240294,44925.48498052116,45581.17013724763,46301.403767650416,47078.42616478989
11993.552659608127,12183.326897269711,12397.973392267986,12620.254741307477,12830.084315466855,13026.777109583201,13218.885465050038,13409.308497442695,13596.660842579204
41975.984880557735,41094.59770106353,40446.779152229574,39938.81423308566,39461.695155613685,39008.97440656835,38619.804394891216,38306.47311649561,38059.485794692875
35790.28375584117,35569.168744815535,35565.29933488364,35696.19901368743,35863.18147840293,36057.163938256184,36311.37103189184,36636.47180529664,37023.638524360795
8598.943484920226,8718.05885274186,8893.62375349132,9102.075024746364,9314.213008556877,9527.550393083693,9753.095554833093,9995.308866487014,10252.894690351279
93326.12835141437,94221.95740336913,95437.28321170901,96820.2939498303,98208.32639007342,99592.45415721486,101031.01371090228,102535.34041269684,104084.61378336334
6628.209405829903,6785.038238645777,6939.174903682683,7082.190178712599,7204.205843428915,7305.975851807706,7393.249925745982,7468.1116723056975,7530.210232502013
4562.698391490341,4603.86314100727,4658.630917521018,4718.019351404425,4770.638989438882,4816.469541623509,4860.978310829075,4906.704224772184,4953.576851815106
25974.687775738646,26247.07040481209,26657.33246017208,27141.456062140092,27618.67439597551,28086.16002467875,28578.90664919816,29110.921000610917,29677.91990911022
25403.70399445619,25593.098341537396,25898.458059352048,26266.34063536404,26628.78588462045,26983.64466649085,27360.716443494395,27772.498966078554,28216.06080729954
13370.098972807447,13544.818220985939,13803.440824639716,14113.166205350488,14432.443079495166,14758.994922241818,15109.693276488375,15491.833112535704,15903.753628280465
11491.938436815273,11428.663278126995,11470.505105208045,11579.218355841858,11708.271208330176,11854.622239388253,12035.465723314543,12256.291358001292,12513.434039721853
44437.844823146406,44372.05808330282,44553.85775565161,44878.11261139068,45214.81776937401,45556.63729836782,45954.30514826623,46426.46017201724,46964.03677601245
8016.159532248542,8135.053378407689,8313.750365727987,8527.113639120318,8743.34343095818,8961.28232407284,9194.733610365618,9449.39730926853,9723.80801519147
3854.808059307683,3903.047028272097,3958.0150244776837,4013.745594371224,4062.6306895913726,4104.884640221181,4144.762646900999,4184.592316843847,4224.835329274355
6081.400863169953,6233.992347582984,6418.896353268247,6621.664911545179,6823.639463045441,7023.674039513799,7229.697233990111,7445.370923246874,7670.452557648378
31260.585854206263,31769.070019494826,32394.607199239814,33044.285510683,33600.05796567907,34061.0145635522,34483.40837246088,34892.20661522838,35285.88269964809
20279.94450724619,20642.031413253182,21087.030894586907,21570.136414412853,22032.85785584047,22474.01905603604,22921.33778048774,23387.783231138583,23872.87072458684
13760.250631876184,13911.239735310042,14133.58805434601,14390.385000325483,14634.107517362714,14864.339208063384,15103.37402287999,15360.809166731417,15635.365704730031
23508.310352197666,23121.967724520084,22847.18528751987,22618.231531841997,22355.001225098924,22061.527048773765,21777.9732993319,21520.096094284934,21284.981437753147
59817.64738491506,59449.375459420175,59366.03261426653,59420.16358788883,59429.96038683025,59394.06550441637,59393.845295867985,59461.34466082607,59587.61612994681
11273.30263758519,11418.489697714052,11602.804970193105,11805.253801252395,11996.197209194293,12172.988969295551,12348.60734936257,12529.236533449015,12714.566927169308
2868.7528758347726,2990.861946297646,3138.5715765930695,3302.128565901665,3468.684858442373,3635.5049266693336,3805.9680839423786,3981.6432685011246,4162.256184794983
10600.512170819467,11012.28839871564,11461.745332228187,11922.555561079158,12359.965176387988,12772.181917369424,13174.824837834714,13575.458558610051,13974.04190133743
29610.967831368846,29381.15717199713,29276.285906011577,29237.350125569912,29191.451372341828,29137.243294259166,29106.575214899032,29112.21784507538,29150.554632653053
17109.40760698255,17419.16180055382,17807.248035297154,18232.77500587257,18642.69970332193,19033.622638985747,19427.04075833601,19834.71904513328,20256.30088510102
22382.085801898254,22655.694043449897,22988.942559066687,23345.77953429785,23680.82485225725,23992.328848424768,24300.514679258933,24614.88081791418,24934.72662946341
37577.7488704891,37900.07104685311,38411.40134748202,39032.18088372763,39662.14525868184,40296.3348029343,40976.52735583962,41719.36158995019,42519.367647282976
41929.0409849504,40856.71005262323,40090.47858001722,39481.91908785517,38857.49315484828,38222.45298931678,37655.45922819968,37182.253458314735,36791.215451678705
25517.291611444856,25721.448068223777,26079.63885604496,26508.087545113747,26900.045520124135,27261.47716499982,27650.354494057097,28092.206855804594,28586.81320252154
4231.051339012683,4396.285074877309,4557.830629740139,4711.730547390791,4854.623346253199,4984.790682202689,5101.790183226697,5203.950662031823,5289.291243809203
13941.55697116471,13909.83568611302,13954.503307331417,14040.063434274733,14122.637367165298,14201.051594383061,14294.245949087452,14409.877615324898,14546.021164740094
8006.222881650772,8133.4251017652705,8276.676914409169,8421.29786713916,8548.33415403863,8657.965340434552,8759.90133487473,8858.808616007102,8954.814854241027
48127.359345840014,48074.11695543349,48252.3233710109,48552.06218121758,48835.85481439509,49102.39892256711,49414.57115320147,49798.68339513168,50249.42080171095
20083.400303897633,20579.116247031725,21210.388699612533,21917.58673802617,22624.281606868288,23324.081453272014,24046.679338148788,24804.314207943673,25593.669584390387
3665.5252939109946,3798.102978694104,3936.788454230649,4072.3017409870818,4192.992779567597,4297.46209887105,4390.22418473639,4473.1427808155595,4545.579994713918
2485.4204507904637,2555.827112815016,2639.847230960398,2731.808165324727,2825.2729175407176,2918.035881881099,3010.47806230912,3102.7950980712544,3195.5396427770806
20140.27681747729,20087.677298191873,20080.353839797943,20083.66500957172,20053.631902686386,19991.67483700683,19920.599580427785,19851.503755344787,19785.025441000435
6671.026710828944,6850.993378142765,7058.643245147257,7277.344911040063,7485.40215282223,7682.583126827367,7879.669000736583,8081.927046308293,8289.640191896278
1992.111438462113,2087.417890893718,2189.407907573887,2292.9853258898,2391.0881883122106,2483.2086692422404,2572.7177015326006,2661.595137845158,2750.244685501993
9807.75815012633,9868.99309468151,9984.821653517916,10133.941165537244,10289.580783189607,10448.982341074532,10621.494671422999,10810.643280978898,11014.609578172232
7866.959253191981,7945.671933402777,8082.417248365952,8259.922959397829,8456.3539728799,8668.414637989783,8901.861912558446,9158.082565736659,9434.90835983018
37406.15261144711,37547.86834439136,37920.84325136248,38451.013415001304,39048.31634556063,39702.97535515659,40444.45028602341,41282.2261858017,42207.925957828505
32924.59337508541,32585.891823100734,32500.572894543548,32557.593933034947,32624.540685822256,32697.113007968706,32828.09230712028,33034.32986203099,33304.255607532534
66726.54951153923,65884.05714411633,65359.669722345985,64997.496437709386,64580.49923462766,64097.23954046582,63645.326562004615,63263.693570934876,62941.26632064195
2848.600910768874,2979.3939096866,3118.7693649961466,3262.753075271131,3406.8681528453926,3548.8000485177017,3688.277773441281,3824.3938527133605,3955.614509630841
51280.10122088195,51514.31152945171,51943.504694325886,52462.89099105764,52939.58834694882,53373.44286470861,53827.63859792931,54329.62136980315,54875.13056666487
3654.0467703500894,3710.557985490569,3793.1887356385,3891.717101117653,3993.7487574018564,4098.066935777321,4209.041728702654,4328.369323190459,4455.4946159067895
9972.524114819387,10182.694845557335,10477.309108970036,10829.576647815387,11206.330076266855,11602.978530206377,12029.67822106322,12489.883857356323,12981.18757727161
20808.813726385313,21038.37914894313,21348.722352712153,21683.070656281234,21970.512754464453,22211.05604966388,22438.79718283326,22668.884513683337,22900.333877321897
5202.718203760787,5234.825966284199,5302.775315382391,5388.952400642054,5471.163956091979,5547.222552600275,5626.215565265116,5711.813670689479,5803.1464618783275
5690.016612738741,5830.824096049103,5981.136526779075,6130.270483227675,6264.465740462931,6385.141261972876,6500.001935895721,6612.454134232498,6723.583953325674
55360.68998971841,55353.32739548479,55596.17572363613,55982.556062186384,56378.05160882355,56776.63559476867,57233.89791934211,57772.118179442885,58383.977252421275
15536.483971058615,15993.16700848463,16521.435504357843,17092.197085443957,17667.2276057118,18241.662683530652,18827.909097676173,19429.57373670004,20044.56090385333
21997.438257842474,21940.366228570023,21991.270022394627,22095.320305410318,22186.932486553407,22265.514607437755,22359.69872773332,22479.894564752547,22622.064432956322
9649.437460691435,9710.123082760347,9802.288565643106,9908.796202539446,10009.011857545935,10103.243547212973,10201.15772941154,10306.691248903639,10419.73091121584
28973.711937767348,28866.05856000937,28918.41255039917,29064.90306567584,29226.030592382594,29396.767671545887,29607.094319464944,29867.59643114166,30172.33285291531
32118.206398034334,31897.79716546247,31860.48300721711,31928.428812788916,32006.025829968763,32091.874796714477,32227.89547326004,32430.551807165277,32695.1698288686
-758.361571877793,-620.7624158564579,-491.9892268831,-370.70486923550084,-255.38647609171136,-149.49800112586792,-57.60028852938268,16.854166031224672,71.09462716896185
12698.240117731177,12815.150564560976,12982.91030757751,13166.62580766178,13321.479823700402,13449.101816568738,13572.924998795801,13703.454307351973,13840.175234575183
9790.4486026574,9890.134909539498,10033.687272796473,10198.933564168807,10357.831034258163,10509.67263635181,10666.860002037278,10834.136876168823,11009.945857369032
8137.349289115109,8271.54065478889,8444.85532407361,8633.421902838847,8806.619967843895,8963.954389875664,9119.771490955185,9280.411360024644,9445.432858559941
8987.580279918988,8961.40382837466,8981.641242322621,9025.431120683344,9064.618539566349,9098.32581395231,9138.440700256593,9189.76526338654,9251.063173008246
53279.563663850466,52444.352514945305,51891.66762014138,51476.08190315005,51023.60728749867,50534.01829791483,50083.8889339719,49702.078510704814,49379.603842488796
7689.330904618973,7738.450609233718,7836.865570515099,7965.202833852803,8099.695656460858,8238.43900303198,8390.300761711136,8558.749641585253,8742.504218631671
35137.18350176876,35317.45493663567,35685.80896390018,36156.21051122303,36621.125993071,37076.6827650925,37568.06825615671,38113.324004056885,38706.94995358574
71838.26585766133,71176.98441156931,70769.42737280208,70491.76777310389,70258.68053484357,70061.76338913564,69909.58697782324,69793.43811158394,69697.9773712481
17156.733674095853,17488.09969546608,17926.6829975344,18425.238200975342,18923.696724894806,19418.67965891454,19935.474726995457,20485.13178096789,21066.056730938137
44467.471458933775,44921.728652392856,45536.600225178576,46216.95404146386,46843.66508468566,47413.39093280942,47979.081143998104,48563.28988612075,49162.05484079004
43359.731163776276,42494.38790583318,41910.22165961337,41478.182970213726,41046.09102769156,40613.39415053481,40244.93606889535,39962.88619559321,39756.6665828578
6238.779922325837,6250.4232455560405,6303.80884866656,6381.244351245116,6461.527794812182,6543.316862837258,6634.634224026562,6738.250513604159,6852.645832195014
10860.361163473393,11037.833895447993,11255.53603732168,11490.921424838412,11714.433921607286,11925.24844369566,12137.1443012758,12356.462038746353,12582.580546074034
12378.866659385983,12497.801943452369,12680.62953237938,12888.746780943946,13072.875562697785,13234.123188755659,13396.895010648748,13571.184226962125,13755.999613861115
5852.51316834073,5978.379917185197,6120.879503061588,6268.091001092716,6405.260591886898,6531.3867215737355,6652.378664845573,6770.2817353673445,6883.925133171798
13296.205633347283,13364.075258551096,13515.434526040834,13709.362466370627,13894.751943790185,14070.735960811444,14260.073760255398,14471.88954088035,14704.31183855556
7198.538301468346,7391.858026695244,7592.466385441291,7788.160730949049,7964.819643242391,8120.739279442867,8260.776502699275,8386.081526380243,8495.100330270563
19079.827717100103,19262.087599031656,19530.6913308201,19838.737838941986,20128.3837356414,20397.70999121877,20671.789410362693,20960.72567601093,21262.488214325695
24957.14948052313,24813.48282642614,24786.402131592575,24820.08310766339,24845.58529722372,24861.08483307792,24896.07983125412,24962.194012023618,25055.82991832867
8232.111216348281,8224.21196711869,8243.883058403528,8278.113664843178,8310.51327665757,8340.632248986934,8375.607480442379,8418.391046771618,8468.247751797855
6649.564866783814,6728.31264077445,6846.38961398735,6981.773821516882,7106.269772904508,7219.202850919227,7332.919266034652,7452.204554208534,7575.744375652457
19754.763895898646,19652.601205408162,19644.56023891118,19686.095034772352,19723.2452619328,19753.836364823925,19799.917021003024,19870.104405730617,19961.66237763413
2801.092617168334,2903.6332660907797,3021.784538008793,3149.743752027181,3280.432841413072,3412.5196924873085,3547.778414306686,3686.660190017616,3828.76587763867
968.5200191309838,1004.2230068252469,1040.1695278599623,1074.766583553679,1105.5949818799834,1131.8318605291092,1154.3604483132358,1173.761030273982,1189.8450653506072
3672.5700800467675,3711.280003352616,3761.7780037515936,3814.310492798214,3856.5356810529042,3888.46948208779,3915.860713479275,3940.8777074209615,3964.2789445941958
18252.952920865646,18661.410345107,19174.52022073616,19747.887630326994,20324.407878561702,20900.227842614724,21498.884109758543,22130.521294391678,22792.894788508424
37749.68223998151,37694.52583228611,37809.42937242943,37976.00044228959,38048.86330732111,38027.57717003938,37977.47304080116,37922.848156379485,37856.44389174886
13330.862003910623,13599.430126536656,13931.204976988925,14294.119649519187,14645.787666016424,14985.859242885968,15334.9808503525,15702.377396484166,16087.15560938089
31369.064949026197,32711.998361920334,34084.20778497097,35419.67092148961,36635.7204393969,37723.11222913694,38713.866371023665,39624.95881020427,40457.327848966255
64883.236719538545,65271.34839041048,65974.3180475027,66818.11831128619,67585.56030747955,68266.50629677826,68950.02605957577,69670.18806306255,70414.0409338422
63221.5866478319,62140.62079877034,61412.6588444709,60885.98627167183,60380.71319488574,59888.39472181064,59477.70457590375,59172.05296047346,58957.61081610017
10313.21913754506,10701.645523714491,11111.974123880478,11523.978598180316,11913.736537563422,12292.828380963014,12697.765374268518,13170.764193196734,13716.691549834724
945.3086747989788,1044.813359376111,1125.3087460127895,1192.1662072930344,1253.4383140965804,1309.334909438782,1356.4410483303877,1392.5309938823543,1416.8836155239408
35327.90795470324,35394.15464236473,35554.52307534551,35755.05147857911,35926.90674981051,36068.81913634909,36212.23828665119,36371.18702885742,36543.643482463136
30664.680651413808,30955.757717274464,31400.19693668416,31911.882706583234,32378.346484387617,32803.71422049293,33246.529051252386,33731.762601628776,34256.70349542838
13206.229042682218,13264.34096853527,13363.212457270152,13483.20836420022,13599.052129934655,13709.912700724632,13826.828281674905,13954.690022737721,14092.670720572256
13728.686351735552,14012.53457209277,14367.165959491744,14765.453820691255,15172.602551332659,15584.146301588344,16011.433600986971,16458.510334123315,16922.46614006834
6630.77618809027,6798.996676811812,6997.294386756714,7212.625111394869,7428.767020916156,7644.68623733695,7867.272895152836,8099.778012334965,8342.112623615736
43335.23317669382,42822.267133744834,42508.91256944688,42296.1002172586,42063.804620723386,41808.52698498909,41579.52101604102,41394.5045506913,41245.08078861015
12986.186268602845,13132.746291221625,13386.108481998002,13707.02643681577,14045.487794721168,14399.194754219447,14789.122675296105,15223.797763074032,15701.309330446093
73847.2064158364,72976.34425625266,72486.81969690259,72219.82638399143,71982.60943853187,71766.42709093276,71646.88815492007,71650.82135631022,71763.59623530155
8415.888572851385,8570.078330878516,8775.717903023426,9011.750690033441,9252.105249914895,9494.224104237652,9747.634353642276,10016.356031468265,10299.413701336973
16534.479348284964,17079.88747856454,17621.975046291587,18138.76755665567,18605.258524211647,19022.280371143424,19403.210325491018,19752.8533584157,20070.251985998017
58218.6931755685,57062.934703148785,56226.675095421284,55556.69350638305,54871.9045176871,54171.08649583917,53531.802508399865,52982.530577748155,52512.92890226
9287.656840041613,9707.22197361448,10167.404730744527,10650.118790100178,11131.428653157205,11608.051353775782,12089.125944190313,12579.759919440692,13080.662679071434
51163.13149395295,51527.34787958961,52066.97071365189,52692.4662072716,53288.603703575645,53850.86371845458,54428.78602720594,55042.99901196836,55687.719282468344
57120.3729785853,57926.12845482634,58804.38729450955,59644.709909285826,60306.45954044552,60786.08962078818,61148.74997434185,61425.598976445624,61616.596030970286
12343.281933097223,13184.267364149991,14110.698891722262,15101.015544054426,16122.905129027153,17173.41593507037,18267.47784853327,19413.93252037894,20614.759419552694
13487.299440469098,14277.733476661795,15120.098040378587,15982.32538072571,16822.293915618262,17634.834437915386,18436.15145968166,19235.172944082828,20033.03494395692
35235.999836956646,35980.00534948726,36806.267795763095,37633.93894535028,38359.25993050576,38983.214545230476,39559.29825314556,40113.55563623581,40646.98624194929
12701.21737469289,12891.42365501928,13133.363325602606,13403.792509924808,13672.096105150513,13936.91721064535,14211.74121680307,14502.726105650016,14809.189504575448
32344.482037245132,32569.036212351588,32910.31945876594,33304.0431798442,33668.62100193107,34003.25510822931,34346.371747814184,34715.20435209072,35107.882761670175
2589.9812522414923,2726.36963264795,2859.5122849901118,2986.3911995541353,3105.2186697550424,3215.4364738401428,3317.805081399961,3413.0808371891476,3502.5065908946513
81635.00822273774,79747.51126917025,78359.73342725626,77297.28769874584,76360.66467134964,75528.28974986661,74858.15050214824,74363.07740251659,74019.1087384959
11455.37875256366,11981.460346420043,12548.320251878818,13125.801535940253,13673.32138979749,14187.925269646357,14687.514660192048,15181.432800183586,15670.288462605826
14656.97535054499,14850.99711356505,15124.793443162278,15446.29342146473,15774.35372015056,16106.198266852589,16458.51835367437,16838.49313477232,17244.415236445333
46762.22827016177,45876.21893514939,45251.49274660461,44778.14091062299,44327.42728734985,43894.332063103466,43528.35486865836,43245.621106148385,43035.54332638611
3030.0425634308713,3133.227421698551,3254.5404027859254,3383.9179197101976,3508.2450957469946,3625.7858277262435,3741.6841668543275,3859.582735188967,3981.7212407585002
10423.886537946642,10476.582435044478,10596.619322584389,10756.667503920864,10922.884152646056,11092.530240211501,11279.674187483388,11489.770434140799,11719.793140076914
19351.841185262845,19363.227128288556,19465.971292172635,19611.053673823066,19738.68263006566,19847.583448137655,19963.54297214058,20097.600894477695,20248.097379135153
33232.285710309436,33074.441271293224,33071.9597679535,33150.80625672802,33221.56864596563,33282.51425692859,33371.95915464524,33504.15202490296,33673.7507419393
26526.84078525216,27006.587674291957,27644.20559238992,28365.64047260359,29075.32361323449,29769.543764547434,30490.05256000704,31253.951979135025,32057.06523704274
2861.8189110820513,2927.977361505824,2998.527089437329,3067.6513216478056,3128.461216600224,3180.8044544371264,3228.2940523002317,3273.544441604663,3317.2333907443744
6699.114816845198,6752.886696660932,6854.461835161132,6980.964603128802,7103.480277555958,7221.289326470423,7347.155422907408,7486.222625265638,7637.410471889526
39122.3857228327,38411.963594107496,37917.55407726312,37538.17109062367,37155.88402710732,36769.95114833356,36430.51721042991,36155.17092841688,35936.39687612867
40811.79960260118,40245.74586240872,39875.720605717666,39608.74702990641,39331.83264724233,39044.44113283581,38796.337906287205,38606.33303124313,38468.015914439035
28422.54855509522,28731.589013808698,29124.089249222354,29553.91788647388,29967.84287122374,30362.832269674407,30759.19933985304,31163.123382897375,31570.023506457375
332.7942319792902,379.2839247136899,426.1040068270979,471.52404916930186,513.4566523072841,550.2460157460719,581.4277008052205,607.3431824895539,628.8441439975518
2715.708625861206,2935.5691369839064,3173.89213221438,3424.8084042243604,3680.9299426269795,3938.7709794300677,4198.252487248395,4459.498310960671,4722.740257026618
19511.1469051169,20012.187012907194,20578.777207622603,21175.38397540779,21756.370175260396,22318.521379362013,22880.761497171898,23451.38858697224,24028.81623789967
3694.6877308619423,3807.363275078008,3957.6328907244656,4133.016758151814,4317.275626584814,4507.52395592803,4708.335719318349,4921.369390403821,5145.631858824368
8804.63348327776,9067.801748760983,9407.150137262439,9799.193925982376,10211.945913091147,10645.42245919082,11116.18615853727,11632.1556953581,12193.813733187828
39358.52841022128,39305.01667264674,39431.84097725105,39646.95819753588,39839.51874351031,40003.20723482944,40180.596403290685,40386.75955715437,40613.72703104262
10802.763872682443,10719.342981775706,10682.36401065414,10667.618334486295,10646.936544185386,10620.106442207423,10599.165351059108,10588.039754555159,10584.809232371203
51380.998407257546,51424.22169151755,51678.33366538591,52050.67122676198,52428.37189102794,52803.470014113234,53217.6570444653,53685.08482272826,54196.52597715821
26585.783417234637,26933.778919031287,27358.932164037502,27801.118525444184,28183.55556161973,28506.88666357792,28808.032609192116,29102.403616894644,29386.944016248228
37160.11532949273,37901.83444848066,38823.01005430521,39803.56435613691,40691.68195840404,41471.27125780375,42194.9446683968,42881.190298118054,43519.16253608849
25350.837338269037,25680.517987498075,26157.61129170468,26734.875473496406,27352.76182140371,28005.65058141815,28715.40152645398,29490.787933930955,30328.088857163653
30879.904589653695,31248.791036961782,31759.260786144867,32335.66645938477,32881.28596640292,33394.32638225457,33919.0599048429,34474.26524028923,35056.73363494361
27201.742558036738,27382.17192695634,27671.25868674945,28013.78049356383,28340.169642126242,28646.31145902769,28961.440943977395,29298.564856565637,29654.873111158984
10361.717491647285,10309.50476655772,10302.715207869573,10312.327728679196,10302.608495199214,10274.836863180328,10246.826832259527,10225.952991710834,10211.453872763483
35440.30138365232,35214.88201781931,35186.21709612063,35261.44479861773,35327.86420597676,35382.555927310954,35473.212438386654,35618.28837506095,35812.134867926026
18576.13784625729,18664.12619308398,18840.108574822407,19059.648757039202,19267.32767469841,19460.710710483185,19662.51190858306,19881.392489427813,20113.604580608047
2284.414522044223,2469.464539198941,2663.9899594794138,2862.122728345092,3056.532956090506,3246.3676339125504,3435.2074028101274,3626.756772573411,3822.752004235053
22360.506332185636,22768.69596193586,23260.10932321613,23782.183482302597,24269.853618062796,24724.155311565642,25177.34621235779,25642.189851273208,26116.4111923435
32700.759923135214,32412.17369058078,32260.61228305948,32183.278531958164,32107.008357855262,32027.7127413728,31974.71898500829,31958.566899320133,31974.11394898158
35521.87922778491,35260.579626698236,35169.56296461643,35163.08611956836,35140.048199206445,35100.10416139404,35087.44228287129,35117.398528642654,35183.17314862143
2238.8137253108093,2452.660084839035,2667.5378589304014,2877.737407257314,3077.160531604771,3264.6911431655767,3442.7488734254143,3613.4882761931935,3778.551231645073
25137.450188552313,24908.749019047726,24809.71572503683,24777.468478661984,24738.710157808724,24693.023697405974,24672.13056851454,24687.51139110262,24736.22297853329
16755.72815424093,17036.860728146497,17338.748158292357,17637.076660671748,17902.607270924775,18133.17985355401,18340.46681226907,18529.929691991194,18701.490861330818
48878.610219594295,49009.5341776842,49372.76065313709,49868.537714220976,50372.97180923046,50877.23820649557,51428.32376164843,52044.05207439583,52716.07401955677
7969.449421483398,8021.191377867947,8140.64792843129,8306.070150134354,8491.880259144804,8693.760085295491,8918.124683160884,9166.687994277581,9437.16201823712
12225.297338578872,12829.703585933745,13489.647550794467,14181.26242621978,14871.612295888015,15557.026335820301,16250.869146768006,16960.01684784116,17684.427214409647
25062.055521849234,25133.408434764897,25265.981693906353,25415.731125062626,25527.91600696668,25601.627643368345,25662.226727090878,25721.76005941507,25779.98459349782
3909.3298337914375,4302.459330180692,4701.444903492214,5099.284884677417,5489.05631603773,5868.449349307692,6238.835574108606,6601.757715672815,6959.477829550842
16787.743402494827,17063.77378037201,17367.980582434786,17672.899663929817,17942.63646750404,18176.508109564107,18391.813231048032,18597.18742273852,18792.895479864976
9444.434409518173,10166.165982848961,10957.488627188599,11790.523956529898,12624.255612744537,13455.13647389364,14302.192573408882,15175.419573172632,16075.507981881357
11576.830196517285,11716.399362407012,11880.667679598495,12050.694505566154,12203.32237006641,12337.53800374733,12463.583215457047,12586.149303678214,12704.796490184293
13704.707009365893,13724.109620450748,13822.809273253437,13966.12998031308,14112.569864398003,14257.627342275942,14414.912237715334,14589.490008680554,14780.043552126095
7891.863011877123,8235.459127160035,8618.578057862633,9022.08393057226,9421.42175052276,9813.435514450019,10207.360036933896,10608.194747412012,11016.275331327766
3577.360417443148,3637.6085408988115,3718.2437659150314,3810.4492898767044,3904.332002942705,3997.542734365606,4091.6900977925425,4186.6655779909215,4281.148760106822
50955.62960906056,50145.048599308095,49594.55132243056,49180.018404725226,48752.73296505518,48311.643080660506,47921.4253797007,47606.57088648899,47359.07871250186
15835.187558248108,16189.059076866104,16602.409016433307,17030.564572949777,17414.86155752283,17757.18947766055,18088.98265042144,18424.82071405271,18764.90756136549
16616.021828232188,16580.162210786002,16616.110520115188,16690.750765486377,16763.579280578222,16832.527289045112,16913.82890014468,17013.778490934576,17129.905483245366
32976.72790399478,32603.482212900602,32392.734421383986,32248.16077452263,32053.231588829385,31814.253839898778,31590.29697972865,31404.229212929116,31251.97847757102
2674.7904029559754,2882.3695251375993,3097.0524183305656,3314.376785701597,3528.383159772246,3738.2466499167995,3946.813735315163,4156.170877733594,4367.229414996686
14054.75379083176,14398.554339904616,14785.963597207983,15194.69822830881,15595.67172950937,15986.550332938003,16379.409078856805,16780.26994702928,17188.996501110774
53889.997090756624,52829.92311036485,52154.05077966941,51678.07147578117,51184.22561526449,50674.932781646465,50246.299304682194,49931.25825151673,49716.0000217372
9891.338560500928,10141.970336889744,10415.030363895603,10695.477679010773,10963.606001794678,11218.533260813068,11469.289959663443,11720.351055805006,11971.831460214025
7532.119238218359,7553.423938901212,7616.44033783597,7698.999601769108,7773.462786124391,7839.272927159639,7908.653979114003,7986.587868232541,8072.005421475207
7994.359012154045,8136.679537160191,8299.603264120879,8470.623033714799,8633.421162035995,8787.471020682464,8940.336865787505,9095.883648769703,9254.362160889696
4709.502832364215,4894.639119436396,5093.140892974436,5293.182621537431,5479.097291481407,5650.495482005277,5815.285128700166,5977.784882785685,6138.915650305999
2072.611850886378,2253.6951682529816,2451.081764287784,2658.5553482635582,2868.1386458595734,3077.1257337468946,3286.572264009851,3496.3096449234713,3705.398682289689
50622.14729790597,50838.83049832037,51297.47259436135,51885.214333347074,52460.11939756201,53017.0951248965,53616.82916361796,54284.07834861289,55011.87083552157
23589.50756867554,23975.34941984885,24453.4714975387,24981.64339302883,25506.20075335501,26023.747471167044,26556.396552955423,27113.68671848703,27693.307071585285
5290.813682551936,5461.599666491919,5652.36499324535,5852.403921662319,6049.216235806719,6240.546671649638,6430.19868386439,6620.555743371574,6813.556729595004
15587.764729147733,15779.075978460813,16032.656366177725,16314.864785496304,16583.941424776876,16836.281844493857,17087.548516203347,17344.683675209893,17606.716098572142
7530.370598932667,7725.065220651657,7935.620466821271,8149.796433533587,8352.901756548934,8542.63288477133,8723.719503528055,8898.661371164782,9067.697229580113
8321.498489129579,8511.823588774632,8763.59432446148,9054.052486319779,9353.81759472835,9660.726277572254,9986.371104542677,10335.796454137897,10708.707489189703
7841.298948690344,8064.566317923863,8306.831787096095,8552.192769102016,8779.94162808368,8989.47681671919,9190.967104788448,9389.785458173032,9586.606994836913
85941.67642126542,84631.11669489199,83692.2678497634,82928.04397016506,82104.28812378133,81212.03640690996,80344.1316429116,79534.32425995615,78767.72556850508
1587.8912744151382,1651.4135128784078,1722.5510093973635,1797.364365713128,1870.7223240292292,1941.768442076234,2012.150758693505,2082.719186152927,2153.4798598445745
129537.83565000776,126523.33342363597,124562.73848073471,123296.21057145587,122316.11367918654,121603.61453445778,121306.00115782894,121463.63384792776,122036.45763476296
6439.507539179092,6682.772973777242,6957.873488662891,7250.471849738005,7542.498322301173,7831.359430423009,8123.280435556108,8421.442908274686,8725.929062881936
33445.78399643475,33438.228692150806,33686.91101192421,34105.678912867595,34591.093128169654,35136.15443909116,35779.683763185385,36535.68838427997,37397.215671936625
20741.252545582407,20831.176852082204,21029.725465646625,21289.644014303216,21553.020350505863,21814.799338321758,22095.68819262517,22403.273431412526,22733.647788120157
10431.599076142362,10573.807775713063,10760.313385521205,10966.604195512724,11160.875812311046,11343.313867461335,11529.69512139908,11727.31126958067,11935.887769938865
32738.070632881216,33353.97247631614,34080.64619023456,34843.4219640752,35547.35632222297,36185.86621347833,36797.30919814024,37398.11429011275,37984.72037908232
4898.197142618389,5045.894618701448,5219.494797688974,5407.406335431432,5595.056727970096,5780.148626673515,5967.151754690615,6157.854564856115,6351.46886099833
9133.29429075074,9399.727623225357,9718.657376198495,10057.999466898043,10375.035053788828,10670.289259874206,10965.279852357404,11269.317996376047,11581.853909410494
36066.56756623911,35521.62325879245,35195.42193426853,34994.07232073963,34807.02462335518,34632.105545666935,34517.233910825766,34483.961146402,34523.930376556054
13948.86311774051,14380.915779346004,14886.054588047427,15440.957361659464,16016.606687653453,16610.578319438267,17234.61396781802,17894.20911174207,18589.02681094291
15378.780127207106,15286.777867714816,15249.168039984492,15232.007968044863,15195.709119600462,15136.808905797876,15069.239504423544,14998.599633174003,14923.417447991435
79447.52505094509,78085.34059374819,77171.03457010063,76500.57588448256,75830.80486813775,75154.63789987228,74570.18764401623,74111.90310397517,73762.67627024294
2826.6567295997206,2898.6428374478332,2966.8907012681448,3026.377977754947,3071.350203502641,3101.7616385531987,3120.334319816064,3127.9434100702183,3124.1441646540634
49249.7114006145,49301.73414364792,49518.56220477335,49796.57647651134,50009.71207464516,50159.864974318174,50307.39461931552,50476.38465195965,50661.89374893639
7733.638783533161,7791.739979628766,7893.040463164951,8020.5000434765125,8153.605340758222,8290.14716276753,8437.26088062848,8598.243541071382,8772.734403208038
61214.056166840164,62178.93206218759,63530.68391013933,65148.792599470675,66880.27564108648,68713.37747604478,70707.63412500128,72882.97297078294,75221.36918104067
2398.630371956133,2581.9229880336775,2773.760813344292,2969.708970864192,3163.9321861102835,3354.032013428322,3540.6479239993237,3724.810695824635,3908.5868121290773
3557.480593299957,3841.8285877730336,4144.293380024163,4453.347325591589,4753.174959247062,5039.6024648893235,5317.530767784681,5590.27733044242,5858.535577592526
7669.62005120681,7724.917594476506,7826.674942998898,7954.2963597049475,8081.838200388811,8208.59761231127,8345.993188616505,8498.692404880396,8665.642344681897
14742.268790955704,14872.374371173739,15100.744001180872,15380.463049451437,15651.934270514439,15915.294442193734,16198.723125147344,16513.631407084387,16857.855549147298
9191.256984964803,9382.580376423297,9619.492611172673,9881.66252365348,10142.954848120427,10402.013106870883,10670.20346653663,10952.860769011797,11249.707040947313
2718.129511345101,2769.088004586678,2832.7203031037966,2900.182650682544,2960.0389804036145,3012.0531359493793,3061.57471983399,3111.066506204432,3160.569986714515
12647.984310192536,13037.269742283957,13463.13181318424,13898.25872653846,14306.531478390594,14685.271912193539,15049.514097287922,15406.737172111665,15756.939236355352
2531.1364636328917,2650.036773401465,2773.999907277646,2900.6495014585403,3027.619026426962,3155.1945797806825,3285.7738011010924,3421.1957773436006,3563.2385193320306
19440.306998526514,20407.872672602523,21423.292490109186,22448.788633651508,23434.54693817772,24375.061941053085,25290.36027616075,26190.889421701126,27076.131471068533
12872.25081642514,12998.271807935003,13187.385295705919,13415.054836015484,13651.101946757086,13893.966962075008,14156.609225132339,14445.40139442653,14760.454830542996
28900.121243096935,29075.31000172851,29419.75014416139,29855.19564913689,30284.502769061182,30703.38388816542,31151.621970471,31644.3061746433,32175.402833205902
55269.576588706586,55745.684219560026,56370.080373262994,57051.1695554738,57673.64233023212,58234.598598154626,58786.667355575395,59353.95261594708,59934.06576779673
12121.944337645671,12688.476381940685,13318.662204618198,13976.794256181058,14617.745313582349,15234.77064660512,15842.764778105317,16448.485660005455,17050.873169870854
1385.4729474265325,1459.1916041287702,1537.263906204006,1615.8489390412765,1689.7648215181277,1758.3483975866259,1823.7169613676524,1887.1413837186087,1948.9571522853817
36754.171713351054,37124.68924333567,37660.60345748542,38273.25114986042,38853.891028842445,39400.704207722374,39962.851273335335,40559.86716749499,41186.900886021955
4459.575278716086,4518.19209502432,4592.907720752377,4674.359047912627,4749.562814085913,4816.566085616866,4879.910059420436,4941.73109225597,5001.685941109271
74595.49591716084,73495.2003997988,72764.146834402,72258.12217987687,71808.5891261071,71397.5179770714,71075.78047303633,70855.9846622796,70718.52473588049
37166.64529626182,37112.713601460324,37274.305734367226,37558.51183297009,37851.30177894755,38148.65943384072,38498.362923508415,38919.129224053,39404.92999023662
15402.73242220116,15934.882623965515,16536.52061337743,17172.040148204913,17792.995035866545,18397.461519941604,19008.35026793549,19637.1079996208,20284.372278915387
9604.400850488655,9731.85351834029,9875.415420741492,10022.062568633544,10157.870333945415,10291.876012407874,10447.936485506936,10651.014786896158,10900.55085964956
21397.662464067023,21284.158524505656,21257.43561132966,21262.740658036888,21232.516094595856,21168.610917183305,21103.85806288452,21051.523143152088,21009.33374469067
9023.249101484133,9252.28117369601,9569.153630558201,9946.1238050297,10348.275542609783,10770.80294350459,11224.68878440598,11713.84519819908,12236.129743310219
58676.19128150878,58605.002131658555,58736.489697678815,58970.43220848369,59182.59795494196,59364.86996886575,59564.97675841541,59801.17801724524,60065.206809777395
33377.523492297216,33732.70596018724,34219.788449035186,34748.5049870617,35205.093060126004,35586.35189331691,35941.094359094466,36288.32734400086,36622.99188507609
16122.240657032698,15919.048396561866,15834.51125302072,15810.202676028019,15778.123550743561,15735.13620824793,15707.187657930981,15702.490722075197,15715.732743109458
12915.820298418828,13181.092419950435,13501.015707502238,13851.822823918726,14202.836638228706,14550.642150671425,14906.53258687334,15275.683694979332,15657.078340437498
15606.267633528676,16280.24434572475,16973.172560752744,17655.14529117205,18288.642305509704,18870.92978264803,19419.348826487014,19944.922870243616,20451.52078737193
9191.05404949807,9300.444088404767,9449.308240778966,9613.341543942883,9761.198273353477,9892.614344006242,10022.481457502858,10157.62445557296,10297.69859550017
8830.890472286901,9156.388445601897,9541.319718784118,9964.083336646754,10397.205599230763,10836.79165303476,11292.167474212145,11767.68902148296,12262.759252863332
1444.3006540486824,1420.4538030681215,1420.222781945113,1436.91637706249,1463.4195692405096,1496.2828673737572,1534.344261603208,1576.1739224039227,1619.9625557810916
2042.5767746905015,2120.264660815949,2190.7576589833466,2250.5090068254212,2295.5884285751613,2324.295164323618,2336.5529029961617,2331.5850325564656,2308.1066032140848
9626.049155708532,9782.223229402578,9976.946498538902,10184.350340664007,10371.37107104073,10538.536497785568,10702.58097466259,10871.148888277008,11044.197726996057
9197.517655070193,9330.42729238206,9502.413576132778,9684.903796367393,9841.33646758951,9972.882147517683,10098.463268279143,10226.60349418072,10357.491713099682
22044.188605114465,22092.592811493585,22212.958928534732,22360.79773798845,22483.170694974946,22581.01614075369,22679.452816537723,22787.909696338676,22903.9014419819
7671.928360188914,7834.6169816229,8032.50288029203,8250.873095363642,8470.257007153095,8689.752432463905,8917.996508453038,9158.977896973245,9412.272341961278
11651.315367158735,11854.613599191618,12103.20143611447,12371.586786784914,12626.842960271579,12867.960259919353,13110.142901372246,13360.695384844328,13619.582989210168
6459.969949421757,6726.8379651541045,7033.951218382165,7363.672474360569,7692.206459624969,8015.960236636761,8343.325832360288,8678.46794286239,9021.099445596928
12048.83190748575,12371.790706690725,12773.503239346672,13209.994980863417,13623.135190856816,14012.584753205903,14406.327001785703,14816.213938128958,15240.774714300525
5917.659248980474,5993.687188884457,6098.381572931697,6217.482294110044,6332.8308520144965,6442.744612441829,6553.815575060359,6668.956230566992,6787.708629140002
21494.532352239516,21812.10332689116,22204.22310254482,22636.075417445973,23062.781979035684,23482.63441698024,23915.59749923076,24370.7566957087,24847.173295649012
29421.543336936713,29130.13968278363,28986.33790653356,28925.825512080533,28875.569724587174,28833.850911702615,28832.617041884518,28887.640966075127,29001.871505281466
33536.21780458797,33477.54166471971,33599.63356959208,33806.348345480175,33977.235701491234,34113.91390114946,34273.73851222318,34479.61589540738,34726.718955778386
20474.182464333797,20956.94670806796,21560.830421671413,22247.43837084735,22967.72334064437,23715.47375816243,24507.209996647107,25349.404759620807,26239.208172340645
40282.7725998127,39725.85615089253,39416.34260378154,39267.77294939836,39179.39765326814,39139.08106475013,39175.704361817836,39296.27811914959,39489.31436610313
4902.486743598367,4942.45974741461,5003.044157446024,5072.575583089163,5136.269082939498,5192.736545249034,5247.408780995792,5302.340176798825,5356.471284899219
10268.541268599254,10573.61052498217,10869.165667210755,11143.712889036184,11387.257118178168,11599.17015558107,11782.513080246761,11936.40115069345,12058.22994088279
34851.737154760944,35233.069393155696,35682.37628388585,36121.70174505753,36452.53077353839,36680.50006248989,36860.86036272619,37019.929744490524,37159.50124227457
21485.18201387053,21528.527507281,21665.938029807672,21843.420313772458,21993.37518760146,22117.23018634506,22248.2207720772,22400.64907552407,22572.952967263
6519.763057914799,6610.9159325967,6736.860428200964,6878.4382580731235,7011.449209695137,7134.85103976903,7259.169810723804,7388.995296611269,7523.681954998168
214.9961404964355,283.7211796105412,358.11630271852215,436.96876407160767,518.8472813739476,601.0855007183893,681.814746056029,759.8196972368777,833.7027780289716
12413.331607732338,12604.634177666838,12839.45405890977,13091.684579302459,13329.42201654613,13552.198414923294,13775.687497070869,14008.96464788434,14251.310735909541
15445.18260999471,15549.228508186769,15713.587225452184,15901.957569535296,16068.585812963953,16211.960833506222,16353.149997317325,16500.685311487297,16652.10559390149
12265.180587415682,12303.83026568568,12410.86383067003,12554.068339568603,12693.340943850084,12827.924447954647,12975.74428669459,13144.316386763117,13332.293290827218
7168.835630696858,7279.999811307027,7447.71705313558,7651.351626611808,7865.77756895932,8087.0103000522895,8321.909571865837,8572.686317325442,8838.714680024203
3594.7568941114455,3838.622194573914,4137.386352590179,4480.851263057457,4854.075158556627,5254.5575781166945,5687.611564643424,6155.905997357936,6659.389609511671
28127.283767270255,28360.91893089496,28663.202060749492,28985.231583741843,29263.679291797045,29497.87062066145,29717.837845713697,29937.41957980918,30155.404381616576
1944.0029382813455,2019.9804302833813,2099.3402542490558,2178.430478748129,2252.7923729330896,2321.339462549864,2385.4668038732502,2445.890344752943,2502.4447837632306
23295.76549055214,23151.099763408587,23148.80920982135,23226.07099041812,23307.368654146925,23389.30079212629,23502.007679072172,23656.83874564142,23849.405420485968
16023.445993391306,16016.48878902092,16124.37508940155,16291.698465459933,16450.74220663465,16600.18217658659,16768.910512572354,16967.26198264733,17191.275933209497
2766.4968296297106,3036.952155439947,3328.322667613552,3631.7106813044147,3934.5028231028523,4233.972676652006,4534.523461632908,4839.010656473796,5148.373150480079
67344.96157039664,65900.48377648366,64819.94681939134,63950.17583187372,63109.72236793228,62292.129794327666,61568.432284459595,60963.040931513366,60462.33714940467
15083.73859379985,15099.483093634766,15184.070647333958,15311.898477217568,15452.08005475146,15601.38325414817,15770.137718588874,15962.088549534066,16174.870098297682
45427.684496046364,45517.06683237058,45805.047108013416,46191.130942454685,46549.2383709827,46875.107841426245,47222.48395239472,47612.6457070877,48039.5807645137
69079.90757643608,69282.13934368805,69850.1122756646,70563.39292367794,71148.50715244917,71604.71195660069,72055.92759870288,72549.16334339567,73070.3237258204
3855.130540003136,3979.051816466093,4119.8020176274895,4267.5770596168195,4409.329286023795,4544.238609980465,4678.133301735979,4813.989561987611,4951.92714101132
34880.00924641879,35244.981079765974,35702.69903797622,36190.506577841996,36631.44285285648,37022.92668034619,37401.23486115134,37783.15147534427,38166.19130060725
52660.435733167666,52006.38016745718,51557.71456498686,51196.3646011233,50778.01845158884,50304.995272688255,49845.42982484534,49427.587049815826,49046.62332448322
25876.339412745227,25847.413532260412,25984.359708320237,26208.853417788476,26424.038547191565,26629.714216862314,26869.98222301779,27162.01572066604,27501.42118723904
23788.091870512795,25028.69266431129,26413.647400663598,27867.202087244408,29290.402671154156,30672.66868419856,32052.806293600774,33449.25049149574,34860.413524971555
33440.69644298481,33125.12189340223,32966.09924502036,32880.73231000495,32769.28709535144,32628.87117606267,32500.262648858938,32398.29280305544,32316.930071562456
2954.6028000838996,3095.8087640797394,3243.596638438316,3391.6589477594084,3532.0063021398996,3664.2355405100457,3792.2005837908264,3918.3207818467954,4043.5240847479504
5053.50623444983,5134.433650340412,5228.649370579113,5323.51611152215,5402.844650258221,5467.245544493556,5525.484000831695,5581.649035673254,5635.722251090478
3601.8598581397546,3630.0964021602313,3676.1153886303464,3731.0242593844887,3784.00017652557,3834.0969709494375,3885.298008810077,3939.127453830101,3994.996535589777
23064.79055903871,23407.268328051723,23850.77823967382,24350.750532576756,24852.393187114507,25362.450391984923,25923.14635905222,26570.223935123617,27299.78883741774
68692.26580657036,68273.8689108997,68104.18715879683,68019.48065561458,67825.25879903311,67511.94981989381,67155.85893511801,66785.27777612123,66388.37754603766
21954.76160333213,22479.432190615324,23079.53433065464,23717.30399150498,24344.309097156256,24956.820401144814,25574.983985977517,26208.919890947283,26858.6851361289
2923.183145073065,2951.563286449329,2989.498162403049,3030.832571883872,3067.778064188802,3100.1163760948707,3132.923051452964,3171.7019586753845,3217.599961877971
13630.169527304759,13618.007515294894,13709.986540009812,13869.411252310554,14052.696094720415,14254.493173189765,14487.961171675452,14757.138759019941,15059.014278594419
8054.509546712452,8324.669753584862,8646.754580182967,8998.278613564313,9349.960157964815,9698.98596674102,10056.932442573701,10429.19150188756,10815.496413785646
50204.63482607992,50196.83227880883,50370.68085148508,50627.43047822424,50843.74206349201,51017.36286906848,51203.57658453425,51426.005157466614,51680.49186140263
2810.5955437304906,2941.1390235490253,3091.707028008337,3253.4557866262226,3415.02150270028,3574.128165821559,3734.061122416974,3893.4551869434013,4050.607072220411
3563.343235026851,3767.871919688233,3996.810565727223,4243.928802971825,4501.469333820119,4767.016837522164,5041.714915474786,5325.873633823687,5619.016545501067
3113.439197158207,3218.352733029431,3322.774225942388,3423.6345137404714,3519.2642223471817,3608.328729766974,3689.9387514725545,3762.9370667732524,3826.940258779126
12665.406261892853,12750.586990550668,12898.760198158901,13073.609238622485,13229.018460781002,13365.888938138927,13507.082988779213,13662.36760618679,13830.768806699762
10711.944247860967,10995.051713990017,11302.528415630468,11614.790057469003,11906.26844583753,12174.898415417994,12431.050543922162,12679.608033769273,12920.048059103588
28619.55562252355,28524.269972049577,28581.11719001563,28721.590809759415,28862.481405473878,29001.392926932043,29173.412940310052,29391.864841294846,29652.047500457258
4045.4879978597633,4125.623847116305,4222.740769935967,4325.253014376032,4418.391133781576,4501.1370008563335,4579.968805905078,4658.150521187953,4735.836548008392
8823.723706500621,8922.40384335452,9048.39316141535,9187.231228667466,9320.43432391345,9447.615068806346,9577.331876199652,9713.479010466493,9855.708122015305
39263.39944560988,39036.373579429084,38951.680247896664,38937.72460620808,38909.57492865194,38866.4384299151,38845.46307539795,38860.418251333074,38906.297318969446
5699.660712743813,5762.729758556271,5835.983023554135,5909.679629075292,5971.697368908867,6021.446062741883,6064.224710381703,6102.541898510157,6136.252296665865
12226.920772482394,12361.162228614136,12524.55872122136,12694.498900626859,12843.277773614012,12969.841732459163,13086.072919368271,13197.051126941798,13303.066189128713
2418.008651044261,2502.3240994966477,2589.57528617416,2674.504453399122,2750.3434896164636,2817.0533182393365,2878.1301516486014,2935.148970850763,2988.0757173561465
6976.2055767486045,7270.4579731384165,7599.559856518666,7946.517384302563,8288.871667290035,8624.059840592572,8960.932226431876,9304.030422168249,9653.563557450881
31340.94794616315,31357.009045612685,31555.88981338475,31850.937629142456,32135.208982383745,32404.528669298397,32702.988905317503,33047.10170780951,33430.369429465405
20113.655614739637,20085.601114105728,20140.824384898828,20230.699767760147,20296.234390638165,20338.91382107625,20387.43603509097,20453.042917227594,20533.384084325586
6786.085737228437,6816.0054106893995,6898.455346717798,7009.9945399454655,7121.705716835277,7232.593742882932,7354.808978320427,7492.831606766684,7645.047665503211
4637.672824007883,4782.035091257559,4946.420098817842,5119.065093288838,5285.045391126433,5442.99931215667,5598.90535070483,5755.551379993945,5912.806779911487
50766.13062586445,50362.51251475713,50191.90937315817,50163.36574237947,50166.740189838354,50195.92676330279,50293.103831650544,50473.37121613986,50728.49436651091
5498.597985774073,5748.650396342446,6023.5399039968015,6313.796644270544,6606.2125564458665,6899.412351521605,7198.999903372894,7508.092341699529,7827.020935593146
16054.799024260668,16413.285664227853,16820.290427480293,17248.516181949773,17663.435547966597,18063.67578427645,18464.766908557092,18873.467602604593,19288.714450631174
7468.555938163472,7591.267901629994,7739.90419682947,7899.381503350054,8050.398476513988,8191.695743080419,8331.293459112256,8472.76969627691,8615.483308863406
10881.85855152183,11027.177277929211,11209.288259492374,11403.127518304373,11577.090566768515,11731.617544564731,11882.533089931974,12036.848283978798,12194.270320667303
20508.267032792486,20192.138941158286,20001.1475684364,19889.005065760484,19801.38521510169,19733.92492921415,19704.888767709144,19719.734848293643,19773.34447649871
29729.1862871305,29414.02951274104,29286.29234459495,29273.73717766898,29291.091676883207,29329.338507145403,29414.55447786448,29553.867944836387,29738.583800633416
6127.456296845055,6295.212516009325,6500.433494202763,6728.563274074743,6960.44619676256,7194.353894541619,7437.81258781934,7694.260873335441,7963.272931396556
11865.662587384144,11920.799338646531,12034.179593248175,12182.291327528608,12336.398632558528,12494.750236817243,12668.476645400197,12861.5848343619,13072.075051753029
95335.87544882677,93984.62070015987,93034.825227836,92302.93072336147,91566.85391069937,90817.06211500546,90141.61035179702,89573.13791972118,89096.8047299176
8424.280127690448,8695.195013620521,8993.742909815901,9306.34076676613,9615.786033804981,9920.69970942723,10228.234058780024,10542.177592215363,10862.799873436745
18680.607936447093,18522.22606252168,18482.620387076942,18519.700294634826,18584.213292859506,18667.963722905522,18781.796013316456,18927.10285138276,19097.13263025608
42273.65947183383,42352.38963144885,42603.704434842606,42925.29787087105,43189.95172177241,43399.25621950017,43614.64661320004,43861.9224912047,44138.13181622081
36057.967040002004,36562.618086322276,37163.063082728404,37793.8723728493,38371.29372494165,38892.531218690085,39394.98882464316,39895.66013967115,40392.41366484915
2042.9758760766647,2056.8157728739834,2077.0265176331627,2098.684066757582,2115.483776606066,2127.195161524517,2136.608484029928,2144.975898507026,2152.1393417170875
11465.352390044929,11540.744817545652,11645.756618424182,11760.720046150182,11861.641074671039,11948.708455350505,12033.404804309112,12120.321019939425,12208.41933993375
57708.13300814462,57896.66670778919,58322.784109586595,58895.22665470147,59500.45405370181,60130.44175269289,60828.38522041196,61610.56818224604,62468.764256770635
24984.592365528948,25078.26563917275,25294.81945375032,25575.6924846232,25848.458301413615,26109.139260063996,26386.44315794997,26691.25786985651,27018.68356650149
6349.123634320695,6648.523641331215,6984.725481040471,7343.749226662398,7707.529222158562,8072.7093960699995,8444.923211198546,8826.882385259625,9218.172930318991
7143.262775023066,7121.962601105988,7140.038403732189,7179.569233427185,7218.539322836932,7256.430196926479,7302.441159756372,7359.74693963465,7426.747318979279
35044.79747354382,34804.03784934118,34878.38263078051,35163.155753526,35533.62870129588,35985.68822936222,36571.559523916185,37313.52530321494,38211.32031544188
9783.394973114586,10000.298581636434,10232.513233437387,10465.104753089461,10679.606722255605,10875.052820162578,11059.40324310997,11235.923670105809,11403.942949783226
14023.988914129717,14182.518314217836,14420.275326338058,14696.876629363793,14962.238311766625,15214.28295395486,15474.451510034596,15751.608025750864,16044.127799935013
8122.360772708922,8274.195952026334,8444.092017678095,8619.703013882332,8784.650607986525,8938.99189161699,9090.980266751361,9244.452768440056,9398.9810249316
10936.239258437583,11097.696078305802,11314.505219520723,11560.479606016328,11802.189342095318,12038.876800547818,12285.879990216548,12550.004842850341,12830.334996516445
41477.45665168975,40860.341004503454,40571.695195985805,40476.16225710693,40417.13841262405,40384.07432733221,40430.786445534235,40570.88000033736,40787.634530551
76936.06878160255,75187.38249239358,73936.82845946097,72989.5349745913,72119.37709600231,71310.74837970463,70641.04532998282,70132.40234888207,69762.57812064535
12308.053110489953,12463.087119649355,12652.971170373246,12859.088719947242,13058.115862509125,13248.593983644565,13440.045431885374,13636.421137790132,13836.63516122673
22283.74134575957,22446.49281369943,22690.251753265664,22960.301919285965,23187.413851100315,23372.575100985243,23550.911582175104,23738.843173499867,23935.678528950615
22226.99248056992,22991.26997763864,23839.74189197687,24727.438609980483,25595.66891648106,26436.753257406082,27271.145477511098,28107.92022035932,28944.50400376081
19170.027227368937,20192.97992687798,21283.129459077005,22400.56645185994,23492.787212327592,24548.97435485813,25583.375747616683,26602.46933210307,27604.135385932783
30920.72067921928,30667.293857626984,30589.583526404716,30614.742908087486,30653.85748426873,30704.09150136937,30802.302310487583,30962.33901420873,31178.73535341329
9646.781282832995,9954.723111330048,10310.83300218992,10695.504907594152,11082.816337152382,11470.347194413902,11868.463858972398,12282.067313393938,12710.559235495022
44425.699436039475,45367.99662017002,46448.591693000766,47575.896226456316,48636.889477081684,49617.661307424816,50556.31064478391,51469.22916866066,52351.92498854941
4706.974908260314,4849.477604677131,5015.785674803419,5195.953821923717,5377.710934382752,5558.518298086923,5741.333172553595,5927.19774848234,6115.15140960751
11000.673434277514,11015.068083006023,11084.300527987692,11176.31002338012,11251.064854620066,11308.990941656162,11369.16693354892,11439.650655285704,11519.674262858785
9753.307437159174,10275.531311411845,10852.90055024862,11462.821343502741,12075.14685801087,12685.993218236028,13307.030313931587,13944.799338857745,14600.371515265626
27218.844555672338,27199.99391732261,27276.002723640202,27392.181867015577,27480.57437626831,27542.303584022724,27610.808315283262,27699.723924069607,27806.537101790887
14636.521780031017,14640.391106493684,14726.315103658522,14860.743646409917,15002.443480496364,15148.714103081305,15315.312534831553,15508.244886157649,15725.054518729263
35866.97651708999,36359.000201828225,37040.93177459128,37803.93725652455,38507.03666950958,39151.347721550614,39805.79077445019,40499.54833439377,41228.812831456555
5803.064427010654,6000.8518839265635,6220.728896021141,6449.429159526064,6669.184886241803,6880.098443900824,7091.395655244905,7307.4676092008,7528.452209408456
58695.6954993304,58791.930997020776,59283.861368449434,60012.99994162239,60781.99762193762,61586.15587283542,62508.67852426031,63579.82729071375,64789.56678514063
11181.620299331358,11384.751342761698,11627.91228106215,11890.39428961894,12146.616911311317,12394.597865477428,12644.775259641865,12902.217442987036,13166.778091658303
12861.024750451528,12708.059278052478,12589.223345038825,12481.86786862294,12358.51586529484,12218.796443459743,12074.89423680274,11932.188043187105,11790.208276682133
3929.3730083288265,4017.817316283173,4113.191873882081,4209.944638288345,4300.180587666836,4383.481058138534,4463.930652701842,4544.01763157672,4624.55240429483
9293.088841853496,9583.178969102193,9951.155738270436,10374.351449052692,10823.795296056654,11294.748310128047,11796.210377641672,12332.252740485284,12902.131648635828
11446.073109457537,11767.618620043295,12162.805762893602,12595.73011443653,13019.708107023804,13432.34838331116,13854.102074832406,14294.15257228233,14751.815129130642
13069.050865337562,14086.873634410214,15139.280193123877,16193.80705392128,17209.054331924497,18178.64529327136,19118.85017856958,20040.837699569587,20949.012144129287
8618.26140274105,8755.756599088696,8906.21230927004,9052.305038788689,9173.869815294896,9269.062049575878,9345.218853996497,9404.960287782775,9446.942253491674
48743.14620785952,48570.71015635819,48656.08867951692,48894.56350426572,49169.79703699299,49472.21843265832,49838.98900766476,50276.68891535491,50769.74575618221
46488.84833201871,45936.34629558252,45655.75092926829,45534.023090410294,45438.55083365866,45358.908417847866,45341.20927251439,45400.907864629895,45527.82175221255
7795.438122214805,7860.610571045807,7961.92831918445,8080.943229100754,8193.45583739205,8298.800657572692,8408.289854256622,8526.812158237351,8653.510231615499
38399.01247570713,38309.381778233124,38358.258564518284,38478.61827995449,38586.281601162984,38679.43546948457,38795.18435295039,38948.856329933646,39136.57908091333
66428.87932463925,64933.40738623819,63883.9596656025,63061.20236752149,62210.11576232892,61330.058123044975,60530.0928617313,59848.31760201846,59269.02811442342
14634.748197944004,14874.75713677864,15181.15100063443,15522.778311162934,15858.657310264894,16186.336519245066,16523.006064953643,16876.412538553544,17245.42293032872
10481.580773936566,10466.161352724002,10502.92188915045,10568.824525943783,10635.725512647457,10701.716243021014,10777.483498500842,10867.08268034543,10968.758968194079
6475.957429288845,6591.49838095439,6734.475801865312,6888.810622484037,7033.926415856259,7168.081969183481,7302.640570312643,7444.621547310623,7591.5404618231
14365.726428051823,14308.021303235773,14349.274956799012,14434.580434377427,14497.772609107122,14540.30504011873,14594.648656924272,14675.060965117158,14779.988110766037
14948.795548849284,14827.565762529108,14806.14401410358,14835.633304188425,14856.705521947939,14869.496432160251,14900.696360641694,14960.19100443509,15044.884886934158
18896.792443762934,18667.90125458962,18579.418967165086,18582.538550766258,18618.782799061733,18685.530178809404,18805.370716815687,18985.773227534322,19222.115853865314
69175.22148812602,67551.99912307513,66436.97974547528,65600.38742675875,64773.957121096486,63957.70277532929,63265.145946104225,62733.63489687196,62344.392311632386
57117.83402375886,56354.71587288038,55936.31885326184,55692.76300347575,55417.84627155426,55114.498030224364,54877.64461897928,54743.08245187782,54700.66290703452
20873.755705527663,20936.86722123802,21063.496535478855,21217.82675540898,21355.4522419599,21475.80595489042,21599.32656688666,21735.22505977086,21882.930427111358
62847.95333995025,63077.69768183246,63676.686824723314,64461.721158159184,65203.09025068551,65899.3524642822,66655.31010120477,67512.30690532672,68459.80822397483
858.9960782509615,934.7894870210954,1003.2946891704919,1066.8672647608203,1128.9665322719031,1190.1024442442088,1249.8694565654878,1308.4165420618122,1366.7291961451112
55887.185765251605,56161.08287790778,56658.75582745963,57239.257542979074,57724.01595401727,58111.36010317695,58483.23056165808,58873.158478793324,59273.81905323998
55184.76826057846,54795.98098763492,54693.2646968319,54731.2291150932,54734.02983704227,54694.43778325039,54681.01239684208,54713.93286938371,54787.60509373171
14659.518266285428,14688.63662832667,14752.485788635755,14824.292801048821,14872.637121004316,14897.989512978198,14915.395488323953,14930.770236215996,14942.992860413322
25013.662188453316,24844.455749017456,24821.46529902016,24881.269611686683,24947.199264999646,25017.205347305448,25123.325363564865,25277.326909911033,25474.40858352864
7034.045001472646,7400.174923983553,7782.686672786433,8168.185001284305,8538.601070955548,8892.754481908887,9239.563903773631,9584.611011410707,9929.49173843245
17841.967446691604,17921.643661615475,18075.552302492328,18267.757267088193,18452.97734909928,18629.758752344875,18817.83445577049,19025.53636394214,19251.010570853712
3450.8934146815614,3573.3252240235756,3710.5277802536984,3856.3550949091205,4002.9736123288403,4149.09334677523,4297.351845680694,4449.164808374444,4604.714175203918
15573.89016606786,15559.859478166874,15619.662012866222,15723.060218358916,15833.415206843483,15948.053917738074,16080.579802452732,16236.141235582647,16412.42902556835
63924.63553337261,63295.02647123674,62975.01103253887,62814.6577675518,62633.7719394366,62427.991323451046,62273.95112813776,62202.27423780638,62204.75568721326
10865.218116794009,11035.80439170975,11268.966527670582,11535.937104980534,11799.943134746076,12059.55928777832,12330.950766561671,12621.054855565733,12928.559572153477
9908.135979719844,9796.166984060823,9733.15138965021,9699.854105431852,9674.159338524347,9657.252208725255,9662.508964619377,9700.47256803969,9767.859923666982
35588.82334755192,35770.75609762174,36106.0349718465,36519.68577738372,36917.64650808351,37296.101759534744,37694.72534246125,38130.17812929015,38599.04984005623
2145.1046229465624,2249.3040378360693,2365.651581392247,2489.548296267272,2613.9927142836937,2736.180449502787,2857.6385845349723,2980.0789539886046,3102.175593463793
81130.78809311341,80313.30553897016,79911.78233007397,79723.60302526911,79503.56963683497,79241.58473051067,79034.96823795672,78917.87571623972,78872.19828033897
9306.211969564038,9557.244130364601,9849.69667461813,10162.128640870324,10466.849052309244,10762.680885555359,11062.380207389497,11371.894032050763,11690.805270216853
35718.92316429743,35672.796387799084,35775.66743108796,35950.449318287196,36102.92848788934,36230.37633898362,36373.25914160454,36548.027877288696,36750.810906709514
26280.4059305301,26059.42211585823,25994.336429408962,26017.017122747013,26045.67421528857,26078.304220285427,26149.163306136285,26270.864180905057,26438.48931658613
35768.3511487349,35762.93845514915,35862.98853547389,36012.458888710105,36139.629431382346,36243.43216246588,36356.68320594235,36493.874806103944,36652.78650185734
59218.32619536966,58719.96189268317,58493.049557001475,58398.19762373058,58263.96705012258,58091.349784568316,57959.65074793124,57900.67712337478,57907.07349501273
14417.90139494437,14519.43701048192,14645.2805468127,14774.414127459184,14880.832562907963,14965.524461128218,15042.210231842286,15117.212844567062,15190.499201457455
8082.345795932166,8007.435747823329,7981.375411815561,7983.807239353194,7991.10812712164,8001.216110588859,8021.8060972311405,8054.786567033314,8098.135540413708
13399.273418362523,13965.089885218942,14597.234279661248,15248.318592580985,15854.728386261824,16416.222652389784,16965.003752345692,17516.21030667224,18070.310146318912
71262.20469708584,70045.09952058336,69287.11126229227,68746.48520716759,68135.7325540793,67461.51821729982,66856.21713129907,66367.42358331395,65979.89329472608
4951.717581894737,5090.4917349557945,5256.91476326449,5437.5340662483195,5614.61535780873,5785.457550813647,5955.700183096736,6128.289920409338,6303.498327820465
30624.311733391885,30622.01792880608,30778.960756053813,31009.17477046818,31205.148882616966,31368.403568832844,31550.656310346374,31773.14785971602,32032.338917868
25821.889940141828,25836.666060060565,25961.04532947679,26142.542121135266,26315.888871184452,26479.09103806587,26660.28683455969,26871.19367269734,27108.96905914436
1376.0626941036164,1493.5739885964413,1610.4271545414454,1725.0500067471144,1835.6093092299159,1940.929825839701,2041.2250947641924,2136.9883156573296,2228.757817627064
71472.48016299534,70577.13558383565,70018.92232870162,69629.53003247581,69205.23776640094,68739.60648724242,68315.69608172977,67963.41609480887,67668.72650683517
6233.847860506413,6276.3024768126525,6350.682691559321,6440.567434953397,6526.216880591145,6605.58646131314,6684.982219522802,6765.675061540085,6845.089359674495
8637.348710994973,8549.276658526922,8494.295348367014,8454.010203626201,8406.646232713598,8351.754048781217,8298.28369903092,8249.477019193899,8203.938994168215
27618.80713390648,28091.965267218755,28704.50051818388,29387.26910342571,30051.490471327073,30691.219581560985,31342.355228187404,32019.668657644605,32718.82633429966
7254.074074487859,7436.625282215681,7667.896659561851,7929.743996656982,8199.622312565773,8474.545089639874,8762.019568896934,9065.26026481028,9383.445987088822
15529.906924917374,15911.428196742605,16360.49920748173,16842.030346692234,17310.1633352866,17763.09838560334,18221.762986949852,18696.10470143806,19185.883301750735
16705.49385434318,16879.56480673585,17188.83959895076,17571.065500445035,17947.510034823903,18318.644442317825,18721.80806692967,19171.511481430374,19664.66699300924
10445.570367906283,10610.134022100881,10835.89650441855,11095.487133175393,11354.011790041064,11609.995450853066,11878.63954524263,12166.489568578267,12472.682576115478
6208.651884663926,6509.558090319721,6830.164388561079,7157.842695414963,7475.841938501173,7782.168007846305,8083.7832191658945,8384.921014745334,8685.49627223767
2314.3055221508557,2426.420382814776,2556.2208765813307,2696.93534011302,2839.7931030635536,2980.9114172325253,3119.862108461731,3255.347467780458,3384.8282323598755
17635.846021584162,17843.21661476906,18155.692330592217,18510.555881770408,18826.89169174524,19107.81441300327,19394.866803385532,19704.555068915153,20034.290827236582
5580.845881007781,5657.506353244541,5756.095647019958,5864.152013431737,5966.658802567307,6062.445970554723,6157.275736241918,6253.740378087655,6351.5607358505995
61777.851740461265,61160.54321057543,60869.061852034545,60732.559579093526,60542.05245940091,60296.5451137119,60088.38745393608,59952.09406617346,59876.010823779165
34519.497311155144,35074.05617945829,35800.45521535167,36620.92863735827,37437.51722917033,38242.26915918138,39072.90353391505,39945.10019237287,40854.09201260333
59518.40774060471,57841.58255584961,56578.24465378919,55579.86661108964,54678.56635592821,53855.729220618596,53158.23804013723,52595.504908231276,52146.84257596397
23076.577707547178,22758.567791251604,22547.327062185912,22391.177928958932,22227.73119062313,22056.375604725265,21904.27997214998,21781.862226700738,21685.775456681535
22719.169954970635,23066.28371757931,23487.289331201915,23940.102255181486,24372.54695157607,24779.764346393316,25180.238680304807,25580.95262629796,25982.18593158835
21048.00870008356,21287.33742452727,21644.98910487188,22071.436100265793,22502.964743222088,22937.17491688076,23402.121887694502,23910.108278635238,24459.304317366514
8996.297354389537,9132.621261978922,9321.643933943089,9538.065477172186,9749.508666967264,9954.971767044126,10169.006510827958,10398.36019158165,10642.985936550263
32759.095340787553,32778.293271037925,32943.70310119879,33180.798998263366,33403.388643530656,33610.23509905163,33838.20251899386,34099.61660103994,34388.32893038803
16121.272174807182,16074.535443318546,16115.888404952437,16201.575836098868,16277.04948193277,16341.701225193954,16420.01511803294,16522.38193241897,16646.806744503185
36287.514434191115,35406.553286645845,34786.02849162544,34317.735435538765,33876.79954775952,33459.172108193765,33111.93416767157,32848.0374736852,32655.710867588296
47540.48077510922,47743.65677350303,48181.506436148615,48759.878674652515,49362.08979580756,49981.98901817451,50666.70396342404,51435.03146006485,52280.65855653404
29475.925710023996,29384.508353665795,29432.741101226075,29553.996100326738,29666.995617288303,29771.365997709512,29903.45655132472,30077.068186465134,30287.795162787457
11880.930869075246,11887.397016875597,11944.068503527296,12026.354077388522,12104.107742119033,12176.193568594654,12255.29287186457,12346.639062229415,12449.035133227411
4137.318617593193,4274.031667085327,4422.02844096999,4574.343554087775,4722.121215254225,4864.403054068321,5004.669124487601,5144.922957293476,5285.681733616821
9968.260505780261,10331.015013783506,10733.116400564513,11151.982167632974,11559.757147232696,11952.447125333116,12339.39179839255,12725.428854940841,13110.941086367391
4636.2161839854525,4824.342206832493,5032.814291686651,5247.357588907179,5448.703337789872,5635.935847933806,5818.157334019536,5999.893723974326,6181.350823248907
7172.625974229211,7156.279210267074,7173.51889469651,7204.871409199026,7226.901010688551,7239.8284539466395,7254.568170120729,7275.392372599572,7301.39212960139
55990.41562166071,56060.37047139081,56453.156646720316,57014.424961421624,57550.620817319636,58058.616347170646,58623.7130163641,59278.073248668086,60009.724652138684
-777.9418422807879,-770.3206210390251,-764.944857005352,-759.2794302053011,-750.0640321939442,-738.1965652875971,-726.2305176389704,-715.4155300590312,-705.8417552665488
20606.851882680137,20921.05275583818,21327.408995312886,21780.271466585673,22221.28473544783,22647.76506652959,23084.839795989898,23543.473995903543,24021.857771762825
394.9571138538991,422.4073218668398,452.60936860732977,484.59636891680924,516.8176611160333,547.9998493738061,577.7096104043253,605.6546632541983,631.4494625437485
59011.57662742119,57683.97683733602,56863.292258284186,56333.630161804205,55842.50614134581,55387.55993044766,55071.80751894949,54926.276515290294,54929.813970708194
44829.85479210028,45230.35160235243,45795.05059232631,46428.88231495348,47009.992189626115,47537.433241958606,48069.175815819486,48631.44965210214,49222.13311215979
46991.510457357195,47938.42679367129,49047.42074033174,50242.98070797301,51429.48039466292,52598.87049621437,53788.22969502073,55013.14749099149,56268.54391425573
3448.1200951541273,3523.8907475362316,3614.1875833046583,3712.077225049201,3808.92011616376,3903.8227319442412,3999.9126096043437,4098.395842623387,4198.999060606407
-2107.88293653808,-2078.797957043054,-2051.442773707862,-2021.5433771687583,-1983.7603421745412,-1941.535169009029,-1902.8330229385558,-1873.7675449358333,-1858.4626349696637
11328.221467487316,11699.515708285922,12172.991278567748,12714.73305067076,13279.315486938052,13860.334837372562,14475.20848716113,15133.611715290443,15834.895136560124
12129.526923484344,12353.93844282224,12621.462987560892,12907.552448821076,13183.729940255334,13447.456289154168,13708.88344807702,13970.523669078255,14229.514003404904
19151.91075896919,19627.564977273778,20207.60585934873,20859.360325193687,21541.99729752225,22249.956991889798,22996.390575664536,23786.562351220084,24618.19260932334
52650.103878006914,51730.4612418369,51170.414927104364,50797.956868198155,50408.105956759864,50004.10833174516,49677.454422651754,49459.20146430879,49336.74109525515
3003.004353286091,3175.253040995828,3354.9438513398804,3537.377533795515,3715.919666433624,3889.374188611624,4060.4343804042064,4231.068792298788,4402.316793668328
25609.144560187688,25749.866830197043,25985.98334320825,26262.747131364238,26511.209414010948,26730.490353315014,26952.458151844552,27191.13162683445,27444.656892013863
4867.992122166462,4731.87323463036,4592.152716961462,4437.946839085173,4257.498132808018,4049.6690007122884,3817.945124990235,3562.822886873167,3282.7615275783282
86219.0792706218,85323.63894743012,84837.93001910773,84586.64636366341,84355.04181100329,84137.80579855104,84025.50145198034,84052.68427696239,84206.55230376846
23460.42368470301,23504.46884117342,23701.823658092893,23984.79821899586,24270.54144689,24553.372033964937,24864.343262624352,25214.58573188824,25598.28793438724
20102.630557121913,19767.11456207865,19575.91256675099,19470.559520279894,19382.66463067437,19308.772964699143,19273.957315651624,19285.651705066364,19337.657092655714
68024.90117744611,67412.05710468107,67065.18639612525,66855.5506205437,66625.12367299858,66369.2748149663,66154.31357633574,66006.14107734218,65915.96120881637
7198.848509353684,7389.295274791793,7620.257005818161,7872.877771041775,8123.31473910989,8369.649611004827,8621.60558978598,8883.784293793611,9156.152018841658
33640.52845286966,33538.77208693595,33626.88869177178,33815.10106578359,33992.79885823194,34160.97319169557,34371.44333697431,34645.068412621215,34977.34021602737
18569.839642694034,18483.87053253597,18494.091870130695,18545.259707509627,18568.45904376055,18565.78053755379,18570.910694972616,18597.211612396437,18642.17883713796
26986.572453184923,27312.8346228731,27813.43875961456,28423.99433489579,29063.077079748167,29724.92112257853,30441.415719424695,31224.951539857502,32070.429727677485
445.53316108904585,512.2348527438497,582.5884415827453,655.0790588539271,728.3997189058923,800.9440531315239,871.3926610995264,938.8870733202881,1003.0147551097097
33716.79865106825,34296.703510063744,35031.08741949426,35837.61374647931,36613.11965896037,37352.49018571631,38099.69189929472,38873.32514067486,39669.27078175168
21590.67916965419,21624.92257671719,21805.56249848841,22062.753557179392,22309.312154652205,22545.123213600076,22809.957746521202,23118.782448778333,23467.091236575834
4255.506707136642,4467.530256710655,4703.632279479292,4953.170724670944,5203.128221593208,5450.311592214411,5697.581638272626,5946.3987775386495,6196.884687287525
77352.89317888067,76348.17027957864,75633.8361825225,75064.66915484512,74461.40681375448,73820.6959417345,73219.0868117134,72686.51940068977,72213.49428681395
4379.702419676513,4549.410303351672,4745.40109972743,4957.938060199892,5173.432583700683,5389.223199085531,5609.35740970994,5835.721926444173,6067.71159949361
73717.56152080352,72676.5081137625,71992.56854774324,71494.66160731672,70976.81509991387,70436.77366062484,69963.44506823503,69590.09893646033,69304.75417375723
22399.947804472675,22629.538297508298,22933.703110440667,23270.22574209077,23586.366187816297,23881.513045027936,24180.441677792347,24494.09122336219,24821.493446879176
14581.134784758828,14898.160751352129,15265.46173637253,15646.908167419964,15994.267161779104,16306.49384998626,16607.081557642363,16907.59302686177,17208.55038355129
16699.126257068958,16571.651637949297,16557.243073195685,16599.489232895878,16630.017737815404,16648.906865994402,16686.707712778025,16754.59299939213,16849.092558058826
30507.67965523359,31286.917398535094,32181.342247583703,33114.72410958316,33988.98283095915,34794.81689833614,35570.422485944284,36332.52715921749,37077.734180713196
3576.713096929175,3621.503614276383,3688.2016489351836,3767.2672241835326,3846.5643438877537,3924.848637523548,4006.4687481457927,4093.2483783640937,4184.65851047777
26481.313088460705,27134.34595777313,27866.729185106386,28638.989791472417,29400.850498957527,30152.854386452524,30920.270936952737,31713.549318236972,32531.17182672497
4307.105237229475,4438.433430013971,4576.930949834532,4714.190793976842,4839.788064070774,4953.32197417723,5060.008817078115,5162.58111172253,5261.565242641225
56137.04031276893,55766.66888599899,55683.017692014946,55766.56361610114,55872.845927319126,55990.45786723795,56170.60981482805,56430.59489316417,56758.174033596355
62340.37927716451,62233.095954474564,62306.47880824547,62461.58127093506,62575.461386208575,62646.279739436584,62729.94625892245,62850.96136261608,63004.78320913308
16532.910772873638,16926.564938668875,17380.11087900206,17857.59606554975,18312.756449537028,18745.137352189817,19177.042929745407,19618.02846960016,20066.90887856634
21593.40173792837,21623.246947863838,21759.58937131414,21946.93839386636,22115.303679423538,22264.615308421828,22427.633942486038,22618.0348968665,22833.383590921017
91144.31715822629,90131.47194412856,89547.6509374199,89203.70698209073,88872.27283049753,88532.68084125397,88260.63888131444,88079.23254156612,87966.35747478278
13099.497487240003,13114.247755559973,13197.435044672608,13323.873620412094,13463.491698927024,13613.0940886959,13782.464946448568,13974.748574918538,14187.368220024151
8007.9544758785005,8261.666224951145,8524.710267357257,8781.746084147151,9015.48817849987,9224.884303518364,9416.737515215653,9592.523225283896,9750.371432196049
21634.725884788953,21679.544613005863,21784.291944529887,21907.6004867907,21997.821632320352,22054.519458168168,22102.21366780358,22153.367228581166,22208.565688676084
8503.023951812353,8961.158983509293,9462.71987257186,9982.46201617639,10488.370898123,10974.55977124247,11450.92973312936,11923.29156096409,12393.7650367616
3979.003650771283,4076.1431406127967,4205.802024468744,4356.225564102347,4512.378222131266,4672.661914763372,4842.353160767559,5023.505905112261,5215.63713524388
19385.024131883692,19609.71603647984,19930.838597685815,20302.33960799617,20665.746056752803,21018.250922199943,21384.62799277988,21775.232938765363,22187.52853139396
18591.733182286505,18564.733745482077,18628.23556344699,18735.115991168423,18826.637360865017,18902.892220759273,18991.270975300373,19103.26926878351,19237.035066259315
12360.015332888102,12452.201893763742,12652.14829236816,12919.164179696341,13202.85396505947,13501.617992266047,13836.836708480312,14216.117342047688,14636.158073492854
2113.739485885826,2292.458748345531,2493.7051166678743,2711.261531250461,2936.8827545257145,3167.7329914080324,3404.841989352837,3648.622123800111,3899.092298849953
3694.1917567681976,3814.3277050387405,3957.6217201005984,4114.968689478656,4275.290818279272,4436.30196653416,4600.650648415387,4769.148853401716,4940.988870904479
7502.645818293018,7789.189415965877,8098.452641501503,8412.602184570283,8708.611695582562,8983.363712625878,9244.675792403174,9496.506251398123,9738.838067292334
7715.4723248803775,7948.279264561009,8241.239373948247,8572.197517339197,8913.087148031898,9260.209859972822,9622.98739014482,10005.01755211092,10404.855547188186
12800.598443821042,12996.822042061765,13278.06392290624,13599.686496235565,13907.89825787018,14204.582325744881,14513.513737600222,14837.52688301777,15170.448094720496
31409.975505997463,31630.078497365826,31978.301611268675,32391.89424323278,32793.13089320757,33177.93559707296,33578.03880216898,34006.58569833731,34459.98375851917
9597.399618945532,9748.963718352386,9929.832705481891,10120.532290808944,10295.86078687285,10454.960194738802,10609.302599320463,10764.343569846511,10919.939289098227
10012.275371255595,10248.623764321463,10525.397010268405,10821.055821488044,11108.012700504381,11385.109254615547,11664.927013901452,11953.445939282774,12250.632279896407
17318.090532787253,17738.137074898365,18292.3524691119,18942.4555651696,19639.36853097936,20379.223747411328,21181.665838613255,22055.579722531398,22999.310447486852
28179.928966975534,27870.09326629866,27724.209648729277,27675.864428626926,27645.509344831575,27629.657371855956,27659.748709175354,27747.310369618695,27887.080459639365
49328.777093221,48578.987282083945,48048.84074699851,47644.288175088346,47252.71025518149,46869.52694258563,46539.22853434216,46278.17139821502,46078.745558103925
42766.16683497115,42344.90882736097,42136.73556320757,42041.7238520968,41942.09225508789,41833.29668656086,41761.99256585716,41744.93687992983,41774.24214715492
19684.81442995891,19630.710401852568,19688.884047198357,19809.954461350244,19932.948123957154,20055.5693468474,20202.969159983782,20384.687861229053,20597.16683779688
4145.8408418772515,4353.168891366525,4602.093754889533,4879.503671537346,5167.4573890019665,5463.530159684805,5774.361025977192,6103.195006124188,6450.025169037258
24671.121442023225,24749.144603284145,24946.989208198167,25189.589523919956,25382.406088057076,25528.6062497035,25675.8007135559,25843.76343748027,26030.49320611719
13388.317949563532,13369.973059149914,13433.746044575866,13540.094088097432,13639.987191075634,13733.200188436962,13842.020643518072,13975.362651672604,14131.246034274527
4381.619964323656,4509.497832247274,4660.265014407799,4820.299916248402,4971.419905472116,5113.056364759717,5253.770720619061,5397.420385355703,5543.664261609129
94391.21022830615,92848.34264332108,91721.71696786502,90811.27031475607,89875.25635734836,88908.25698215172,88011.32808749599,87222.75876870206,86528.44880901628
7746.709382654783,8098.116972541606,8484.638503864655,8891.65336246935,9298.838443843333,9701.822167435494,10106.56241186968,10516.184746452489,10930.36041306898
2731.6924740393765,2823.1829938597193,2921.2632991571377,3019.623794809038,3108.8927001666375,3186.4417201333754,3253.9204904351095,3311.5598761138845,3357.666692567111
23752.66202880076,23846.342807349392,24035.45032477561,24268.850010408372,24482.02647200584,24674.14704274343,24874.502473382174,25095.164275553532,25333.491633173333
47710.31120891804,47273.11026477998,47016.26712955365,46851.9200340305,46673.97760818728,46477.3250506751,46303.59444116857,46168.34663815182,46064.634348989835
38534.17434410186,38663.11277655754,38994.69759537858,39420.41433201963,39806.439506987415,40149.63222698356,40505.51961639424,40888.50616983813,41276.28936001738
5647.5161949002395,5804.2800356859925,5981.944755094432,6167.3354060776155,6343.99703168314,6510.645895058006,6674.120925086152,6837.815661133858,7001.884207712624
67810.98023160707,67260.34540247446,66936.34736737421,66731.16746451907,66511.21524548494,66272.16469696994,66070.09244428335,65927.3566068328,65836.51518379903
20949.69561992382,20982.27185825426,21134.056287834504,21347.33532150143,21549.66137424721,21741.46569556003,21955.577033235615,22203.726833798093,22482.360537101904
37299.123348497786,37857.645501198785,38566.2965353965,39352.75677281504,40123.43761790489,40874.36483928086,41646.43114966314,42457.54073928596,43304.23802846968
12367.684113419486,12579.55479531696,12897.96074461895,13283.838810854524,13686.627027865086,14104.252472438338,14558.718321431441,15059.229454824705,15604.076711645777
40371.510404176224,39942.52168372344,39708.59497480065,39584.677951438316,39467.47595732352,39350.80445980399,39273.508263925905,39249.765535116014,39272.59075514778
30493.51496048769,30696.286423167843,31068.763286528407,31528.48760194559,31971.404610381334,32395.52651723533,32847.523436991054,33345.79937294469,33885.253185172514
12313.78493332886,12693.98060800697,13103.879257980972,13522.049580964645,13920.266407015979,14297.152337326943,14665.528805537904,15032.032455988161,15397.394292522555
2796.5619148442843,2871.741128629846,2958.7464754129774,3050.6206397689675,3138.2410110554965,3220.5086279439297,3300.6618592479604,3379.80295091935,3457.089712859223
3594.1397274994815,3669.9088417552693,3762.273597603316,3863.5683604107985,3964.029893354969,4062.564142948991,4162.678303333815,4265.77252772704,4371.289856350658
-383.773868815965,-355.9503447490833,-326.38014602656153,-294.0738991083671,-257.57371500227674,-218.89185713277803,-181.11191775157872,-145.80758545736472,-112.82692061148565
55888.557900435284,55440.18597825222,55300.97238082712,55355.41275147036,55466.50465477744,55620.73266066034,55862.45034629185,56204.91256819109,56634.49444144862
2956.403241135014,3039.2334189507465,3129.143469969426,3220.2826817733694,3305.3864198147817,3383.9837404367217,3459.44248284017,3533.7648611948575,3607.573485906737
7794.634940897379,7823.583942886431,7896.573334426255,7994.607995288092,8094.998789208679,8195.697141885252,8304.456616677593,8423.698117831345,8551.532422968437
9922.485208749733,10186.672578719546,10507.20917575948,10861.27414827995,11220.678805819816,11583.353632318842,11960.796874908774,12358.376119705119,12775.99232968579
7101.279829109192,7198.3906851153315,7331.741494261056,7487.927744427057,7648.964176830197,7813.123835336703,7987.093513132614,8173.999964601255,8373.427929278763
62796.767718088035,61919.81356419718,61402.89202941412,61052.05163095855,60637.506211262196,60159.91538114494,59720.28819792213,59354.43883778364,59048.81619406645
18162.0013040022,18730.096312528483,19368.56821600669,20039.112046555652,20692.277210102897,21322.448322946857,21948.31948861927,22579.113227159385,23214.293139283633
18331.692856410784,19497.81674720514,20752.54038209006,22037.520619686995,23274.07208852147,24448.314572211755,25584.18788610067,26691.28335034898,27765.562369806976
6426.474030598832,6547.687701870788,6704.101464938722,6881.6344776078195,7062.3883160045325,7242.835930961534,7428.4730738936505,7621.479858638572,7820.542311745371
4158.817042059691,4198.015251674856,4266.093127581631,4350.70898435958,4436.700793489969,4522.537995615721,4613.4889238980995,4711.308069699476,4814.772001871298
43406.31118865902,43922.30985374391,44554.50601497138,45214.627708995555,45790.39527414886,46279.81477008327,46736.362727700034,47186.368073456324,47631.30504935848
10517.230025941486,10721.347369561396,10958.504836521626,11208.92177051169,11446.577451831363,11671.547957120827,11897.31494245312,12130.929299729647,12372.785574660056
2991.4604549476558,3130.4964937928876,3277.9915728846127,3426.622751163277,3566.9006286164044,3698.2981553789987,3825.7840269463,3952.5292190289542,4079.743268883138
72400.34914357112,72023.86851396186,71915.41077690116,71919.73619114459,71851.60678298106,71711.43706257934,71582.96181271112,71497.80666461951,71446.84019138601
1922.5551613854198,2115.059524981155,2327.7890649412325,2555.488961137738,2791.0254329487143,3031.764186768179,3278.770179560448,3534.3247152545323,3803.128775056313
10328.749872569733,10283.733289885851,10284.411807105791,10311.318938231261,10341.728659605864,10373.8906221195,10415.891292245142,10470.524913595606,10536.11042875384
28720.246975931987,29370.588633280186,30117.76812725439,30914.439547266265,31699.18858720776,32468.625709926346,33249.17857587555,34052.973079084404,34878.310747029216
30910.893841416833,30407.754934339544,30089.983460227915,29886.445655624804,29714.099957687802,29564.49687792267,29463.490851439732,29418.64754858941,29421.98932302735
7134.910496736051,7207.955046988063,7320.437233027204,7455.268349022732,7591.592825818589,7728.095419179851,7872.988510402303,8029.774072328654,8197.979338122272
52904.44866410063,52339.37376691214,52138.44903974881,52127.23104743553,52095.39894638908,52041.85753294964,52058.00990690503,52176.295028759225,52383.8491644187
63005.26503671779,62768.540445858795,62792.03432744583,62906.57890415429,62906.50418482545,62800.17102419193,62692.2817003787,62626.60383828619,62598.9913930551
13242.343570826983,13190.220075397776,13237.63845096469,13340.757414878704,13446.130047966051,13552.303983311482,13681.38463397626,13840.913940279457,14027.012080858221
30888.498455023397,30658.97066050366,30622.065837286234,30673.8717560869,30686.89492107866,30665.043155281815,30669.750776330362,30724.11255989386,30822.302678897075
14964.719575166273,15408.865429764674,15929.060765492464,16483.21987487425,17015.319594553435,17523.6834030321,18035.260940724056,18563.865958041988,19108.155904995412
3661.3223467821385,3904.569916372004,4169.2230310103605,4444.115401130251,4714.42869847521,4977.715256494209,5239.827821926017,5504.680794832842,5772.650369751754
18512.60239503818,19053.133991168113,19653.38094578051,20266.759463122045,20832.530346034902,21349.992463612474,21849.61915918083,22347.078431182126,22844.196935471122
15519.321089836894,15417.729674331054,15377.607010194275,15369.729573527342,15358.742889932646,15343.769131453277,15339.834299021977,15352.829682555468,15380.848607316744
32237.677829662676,32447.276518245657,32816.83447052489,33270.39481387941,33712.16975916923,34139.06725421536,34592.87906647929,35091.02669499877,35629.588691754194
-735.1793210499397,-629.4468376240454,-518.485268891211,-401.0383883056835,-275.5876830033691,-144.11182345472665,-9.339640009630502,127.31358526583547,265.52473250303586
24860.94259670707,25106.813278930706,25422.019141509856,25761.448830320853,26067.905134928184,26340.374497015055,26605.224916574032,26873.91907109563,27144.79250276094
48166.720704110085,49378.49956217273,50721.823376284345,52113.31239181984,53442.64993570109,54703.77917387623,55944.6147788153,57186.54141153145,58425.01038316542
22344.76401021947,22779.13725957829,23299.627853981925,23864.55575032976,24421.391157505906,24966.269197734615,25520.220409537735,26092.120167399342,26679.75208085118
12843.327374245615,12987.439490948487,13173.731800298667,13377.495752248724,13568.526592973889,13744.965254278588,13918.976799947566,14095.550548514959,14273.336545797276
9840.722973567748,9975.788781202864,10149.36537609392,10341.223272892408,10525.913866792029,10702.272778564957,10881.413109943313,11068.695965681243,11264.16000139894
17013.460881049814,17113.303289114065,17303.24532847772,17553.97292947855,17829.672509508808,18125.87455991166,18453.651548704347,18816.544423486022,19211.16164489059
54710.79466878888,53955.74442181245,53438.55638840833,53048.30480609007,52650.2232552174,52240.7577264154,51875.99547955807,51577.150679867016,51335.9159750905
30295.967330450298,31366.084224809674,32574.135325631847,33853.40657272887,35116.467797975325,36356.0119426727,37607.42928149015,38886.954600327736,40191.95350393483
6385.296775446556,6507.891043029409,6650.807333827076,6800.585919257529,6941.33868375773,7071.759423214915,7198.0694042735495,7323.1334664752,7447.0643660648675
36153.73050831585,36099.6708368161,36238.43893574524,36473.06681214067,36684.947357567646,36874.48817468273,37096.65005772787,37371.68479880676,37692.60355032384
10890.078581721238,11023.586637844175,11213.519505710223,11430.098180551846,11634.915295803157,11827.491304186493,12025.579270861861,12236.664713703187,12459.507962713838
37058.75175763238,36502.23591414688,36097.822776500456,35773.68123163017,35443.93516971886,35105.40934220715,34792.593021612076,34518.29633644105,34276.901659427655
6121.300980379225,6404.000943041779,6720.449575457544,7053.002985140833,7377.818432530412,7693.201696826289,8009.7355986110015,8332.766011310605,8662.742599985042
33195.61006727039,33417.50075782845,33836.60926223133,34359.65156039995,34868.95680179331,35362.76569264037,35894.35970546933,36485.539302693214,37131.51164745597
35350.139664720504,35481.95374036147,35769.1753470817,36113.15854007878,36393.107983265196,36606.64281718058,36807.34518106878,37017.824376111304,37234.44486996348
40353.795441925104,40647.45321836094,41108.30758942403,41638.87804314444,42118.800445725894,42542.087685598824,42958.84008778823,43390.33622211907,43832.23420026724
4786.8930669154115,4895.500570606191,5036.989456053368,5197.045014065866,5358.157607362987,5517.655504983827,5680.756688788742,5849.459822892591,6022.77287295035
4668.230369999505,4776.12893720894,4905.14803991793,5045.361681916228,5183.345689117855,5318.192636330794,5455.720476979121,5598.285005362826,5745.494379172196
11227.681328923536,11365.76304182789,11550.515429168976,11757.57332734761,11956.041159266559,12144.145168926096,12334.826827498904,12533.664847722885,12739.61744617999
57850.07062203547,57404.99473147098,57270.421916639345,57338.35522492986,57483.958385845166,57694.40353688081,58008.17561012606,58434.80507585285,58959.75477083592
9782.087874341925,9953.88395584417,10152.477004889312,10358.311531681244,10545.962132874914,10715.261519765256,10879.021994530516,11043.82152671292,11210.192052514
9669.705543275139,9969.702587926738,10287.357931082908,10601.281615977163,10886.828126242794,11139.731601353664,11367.117807784325,11572.091320252284,11753.599960774436
22187.314311498747,23051.288126459254,23909.399943190296,24732.824955000895,25490.550575427198,26186.22926167114,26839.939914546077,27458.70920579343,28041.632976151945
12364.93814609325,12445.206453303861,12601.36573075928,12805.635038411063,13023.88164436072,13251.587065285585,13499.15087543985,13770.041626391063,14061.32538844976
10039.971553148225,10357.864119358383,10740.226493297238,11163.221580571593,11595.644915620696,12034.542084049714,12492.123169000195,12974.045773920287,13479.760188463566
52563.9082685319,51981.64330225492,51679.50068528656,51494.58075360683,51228.33212398703,50887.864110301794,50570.15280491737,50312.995577036134,50108.852363841004
4175.297542586809,4458.052638086907,4760.213657961884,5075.048099879512,5394.447591538721,5716.172644929166,6042.455657705538,6375.3323398782195,6716.405527941581
29454.21329529955,29537.819779647598,29725.276021420148,29957.97735696521,30161.563891194182,30335.92837849758,30516.524426088996,30719.253031892786,30942.608797857614
6878.755509722944,7046.753519128416,7222.021377096168,7393.80590223649,7551.189552020446,7693.99779994024,7827.489629249203,7954.0545643407095,8072.739741447888
6206.817391592829,6667.176302288119,7145.992843425813,7629.151410470838,8099.397416351257,8553.528892412663,8997.135003033552,9434.133094380148,9866.249346338202
35578.42316297814,35346.82503981436,35308.109213599535,35364.35188690542,35394.3837239127,35398.47793979648,35431.93691240741,35516.79641097367,35647.94899787876
10505.643543384629,10693.277535930305,10956.228787355745,11265.148137321201,11582.438228412137,11906.387633720507,12253.24315582473,12630.096730905532,13036.110852448512
974.6283973549388,1091.0623272793755,1205.3154466386738,1318.0356615031958,1429.7856053036605,1539.3075136794757,1645.1764713925363,1746.5053474177062,1842.935841341347
28613.930367530647,28478.205640451746,28467.85474793533,28512.270222805655,28523.040358133887,28501.679482579424,28490.831998543676,28508.17537151872,28550.70452792453
10414.200822399413,10455.805021798511,10541.089119412534,10644.383241000964,10734.562388078664,10810.341559455559,10885.014261800496,10964.45494365565,11048.055064271555
33332.86160199057,33324.91106333617,33465.336814563365,33675.38047317016,33856.80330305019,34009.16960985955,34177.88427502555,34382.13632870867,34618.693022080464
46377.09272499608,46975.3270983818,47670.55219586809,48368.175910336635,48949.1884115066,49412.07084222994,49812.36884846373,50174.665214736466,50495.55491169301
12322.16143547004,12389.289280251098,12518.999538708853,12676.701881794586,12819.115428395822,12946.415043501622,13079.529150671378,13227.724890036245,13390.490153192151
48671.57704597743,48451.94184833802,48471.3837199245,48626.96712422888,48792.90124593363,48966.07323961292,49200.3673057702,49516.81062748698,49908.61728515173
12016.865819870536,11943.749220132604,11962.902658040342,12041.6184817463,12141.062966853811,12256.530286975061,12400.154767361171,12576.430711776184,12782.83884314288
1588.518985646106,1649.84555186306,1717.4588739750689,1786.5587356166072,1850.7343751061157,1910.0953041950575,1968.1701895205342,2026.7984614624943,2086.3090442586968
27116.604475951714,27193.260532796077,27400.26011207677,27668.500508623816,27912.177907992824,28131.523996206422,28366.482877296126,28632.872851519463,28927.082408499384
33024.771463174315,32982.399918875,33137.219571926325,33386.43632770554,33602.42787634936,33786.906643692855,34000.15762567165,34265.76692747148,34578.19561210899
18860.439309797966,19124.20174268367,19463.608950484533,19843.202611708715,20217.8274219347,20585.58164345321,20965.716576223822,21365.943007894686,21784.210903145267
33334.69722321092,33457.40778982707,33754.79277278408,34141.863368367995,34513.88838645908,34867.13174619035,35245.60397453801,35666.678876842154,36125.291307755724
24436.949668994617,24570.072067639914,24817.50033383536,25118.220091461862,25394.817421315955,25647.129189772073,25911.423517291154,26202.858754342287,26518.61204200868
2892.198161355463,3015.18930693207,3139.8469778866374,3262.8368233014244,3380.1378621970916,3491.425654722537,3599.5432022075706,3707.1151389706697,3816.262742576785
52432.66372966423,51824.374405978204,51475.62859003286,51264.64900703942,51047.90116218696,50823.745434253164,50653.823664708376,50560.741287073375,50535.99637470257
45297.77367823014,45207.363368557126,45314.34431806622,45495.29285023441,45598.263179637455,45623.46920763149,45641.90330789013,45683.77216563943,45745.303204332944
19478.815269667804,18997.895743801662,18607.771988846165,18270.89658243168,17943.888197920234,17622.573555132007,17320.59500747288,17042.049643655726,16782.874879511888
40369.194730198855,41166.4173528629,42076.18895704561,43035.572005418864,43962.33872743744,44853.96263211491,45748.69464312468,46664.90830324463,47601.76261774231
24776.818417440012,25121.58335533851,25565.00148256325,26054.624430748812,26524.640622360228,26972.713319507362,27427.697837407315,27901.580064580052,28391.698354026685
12436.66485485808,12457.56882740865,12519.473237261818,12603.199753953748,12685.028336013853,12765.822918913345,12856.274808997385,12958.248419943764,13068.901903501546
48785.73282105447,48100.228655931285,47638.89592612999,47290.43831691698,46921.72755191481,46532.25539861581,46180.60675594508,45888.98582232458,45650.34799024893
1070.387268955736,1186.0315691393923,1293.840483229365,1393.4479388326254,1485.5303603451514,1569.9859938679137,1647.8397501948584,1721.9208824264563,1794.7193670420434
8518.913420630113,8728.297012829125,8978.039277003227,9241.260346726609,9483.807150426117,9705.666448134943,9923.800297997896,10145.988826467876,10372.387991642874
22174.95186042153,22183.473460136378,22297.6211120535,22461.275560296486,22603.962281897053,22725.80230542632,22859.850704186938,23019.882759209766,23203.4235555236
7388.324149503298,7796.23201632498,8224.294770617158,8655.896976154207,9069.347113805146,9465.427855742473,9859.855578960585,10268.47118192991,10709.738119111302
32338.022133403032,31769.10082067164,31362.686181245866,31045.419104273227,30728.725846733072,30411.261540402993,30130.554783499665,29900.557556953634,29715.856846750405
20689.29896519921,20318.279968873583,20042.65726377322,19819.910064860906,19599.098987023637,19378.974822865326,19180.67952418375,19012.348537405276,18871.215244934923
65593.11599553161,64575.462037709425,63870.53860364465,63348.96426573788,62857.12727160311,62384.155128992505,61984.03097596565,61673.90288757441,61439.83664051133
-353.94175582595807,-411.263700770562,-472.4300908760231,-535.884782197055,-597.4668878490609,-658.9911541372772,-725.7632098266546,-802.0474222493636,-890.4071988623176
3518.6787067620144,3532.0772721366166,3556.2729694090617,3585.379447743429,3611.7287351135237,3634.6941171810868,3657.2339068967317,3680.7719055658317,3705.1318377873454
14086.427035752466,14303.035902706602,14586.261907799788,14910.518982573381,15243.809268015475,15583.453825775743,15941.32834758262,16321.742958904895,16722.690197829532
6492.999119492357,6666.292921025117,6881.5239417170915,7125.696457762601,7381.725420420305,7647.805813828545,7930.472766872158,8232.578440667456,8553.503978521172
29707.59346163239,29577.13156934782,29607.753877544983,29734.97613808663,29880.5127613474,30038.045332194506,30235.807313301742,30485.47476749468,30784.117326578562
2194.8984115672265,2228.931362123229,2273.705025061592,2323.8541543197002,2371.9970132478375,2416.8565790607763,2460.9209995462297,2505.449238159554,2550.1819421206874
42060.73512880816,41898.13997737462,41888.86873614813,41954.505997929184,41998.88509902661,42018.87487459156,42054.918399829396,42123.33327112284,42219.24308143026
54643.30832465836,54715.269993174465,55027.7816926147,55453.92480365899,55834.91144125338,56170.11865165818,56533.399679725866,56955.84836110044,57431.978160256185
19552.96392470221,19758.285896982943,20066.366866126824,20431.471248244437,20796.875153999765,21159.03256811937,21540.405250360935,21949.716150349734,22383.876671185582
54735.52742630539,54735.39052332438,55044.372993512814,55507.69722396598,55932.71755402169,56324.75660728954,56779.18436534667,57333.91740759667,57979.52343587682
86217.48554326715,85536.81894145289,85140.11127950874,84847.11774702887,84435.62106731487,83903.00833939583,83348.37695427383,82812.80990342221,82287.39331657981
27791.169781672765,27939.040417140022,28191.59292963537,28492.60893558007,28770.50200154441,29025.61151474833,29292.52502241412,29586.264889381942,29904.919262703177
66815.07362384746,66572.93759188181,66563.27916481523,66664.31612300876,66726.25553062823,66744.0369962732,66780.93898786337,66862.81420374606,66982.10782483596
53156.99724319518,53720.84784689465,54396.37746673694,55088.76162047428,55674.221733240425,56156.0226679686,56599.67857614536,57037.104241733665,57469.29639964501
20229.64322015304,20778.681868434745,21442.0089947019,22160.781153921787,22857.953128394485,23531.7155855074,24218.111872155656,24932.615437249777,25672.871382932197
16173.142748567927,16223.127632122598,16335.07554877188,16474.588108035507,16598.076903674788,16708.66694110291,16832.662194389355,16986.262206316915,17168.92631971533
31591.907906324046,31772.82299368274,32112.898694988933,32527.64579230829,32910.75875709401,33263.67009092059,33639.09789965846,34061.46436092561,34528.131249132566
5488.087512817246,5647.575333129116,5821.219693289959,5996.534705794307,6157.343653860395,6303.399227638277,6443.038181166114,6581.145634383581,6719.250050416734
44067.61992354312,43508.67628309379,43205.824289388554,43044.028903631406,42883.89606011961,42724.105640090675,42625.19094486179,42609.79943959174,42669.866165085616
26499.09405257363,26321.10226198951,26287.131225713507,26327.892667048614,26358.71282447796,26380.22198830025,26431.159422718243,26525.96119688203,26660.042383024524
10948.697495903938,11453.254474898804,12018.56955189638,12622.872687870393,13237.853002493455,13860.381544625143,14501.55957204235,15167.383943450619,15857.394842401673
15841.930677254353,16301.064254660081,16824.12140691728,17380.985169220807,17933.254908750954,18477.398422453003,19028.718658916376,19595.050204644896,20176.751320566284
13255.227049461759,13172.37124805824,13161.367153902685,13188.28770553423,13211.857880017664,13231.417381769244,13264.993247250846,13319.57719711508,13393.0926447865
14104.428272714045,14252.972034166021,14455.3981618928,14677.307262449607,14873.949001984462,15046.45801853058,15218.014984444328,15398.811775821021,15588.116691290272
19572.80985288089,19241.304086070777,19012.85822452991,18836.93170634126,18653.452602181133,18462.136604356154,18289.011155659136,18143.737611092765,18023.030861746378
42677.615921189914,42363.14555761015,42297.4414126853,42358.21243854543,42396.02972170306,42409.97070727905,42466.242171094746,42589.91197407561,42773.08637920446
22350.924723322507,22712.93102604653,23158.837163498178,23647.86357569582,24127.429107136086,24594.963466381538,25073.392469662256,25573.228713391694,26093.157221231162
67980.04315322757,68091.53014135084,68468.0379285242,68976.9936840516,69449.66914062247,69882.6451259135,70351.37225043139,70887.14306446131,71481.99927924477
18203.12738291482,18166.90563351428,18216.919300720023,18309.69132491687,18390.714884857538,18459.976930448745,18542.867051726786,18650.10919276106,18779.91666682118
10340.564368350844,10509.849286833845,10732.380949401497,10985.140611952002,11239.490445239442,11493.126951280412,11757.1882946372,12036.626440090384,12330.684521661171
5812.840158945417,5997.730076644907,6236.205284818053,6506.510437669864,6780.158966992599,7055.267077348673,7343.630561040297,7650.107920804938,7974.193192130428
5403.026198989427,5698.689240285794,6026.512373077471,6373.124503849713,6721.7439581630115,7068.525816371206,7417.454514605694,7770.300605730696,8126.896230257235
43755.742713737396,43100.015297544094,42693.33745925894,42441.586121987086,42234.2392067966,42061.87862522247,41959.22198560147,41933.83963675505,41973.26966112897
10231.43632420276,10399.962637467359,10613.740038711529,10854.888139391755,11101.389480785338,11350.610974840998,11610.020092370742,11882.880560779413,12168.606189586568
40515.860506754856,40371.87963387764,40542.275320384426,40911.80594749607,41341.773139246965,41823.014867873535,42406.4817197456,43108.396541509566,43916.48620030918
4083.844545372168,4331.02025275821,4597.015705767495,4871.62975026337,5141.2433567773305,5403.460168162958,5663.4353728986225,5924.535493425503,6187.803851901619
6426.030011136122,6724.172364364454,7031.067239387156,7334.302905987843,7618.694056026894,7883.472997149166,8136.3198638429985,8382.445542098614,8624.049409874768
8236.209430315133,8302.956140909757,8400.335454309658,8509.849613232016,8609.658003891478,8697.941002738777,8782.649286075131,8866.60092278766,8948.37599315136
3070.0330109459196,3175.3756572528155,3278.2825443634056,3374.951651741739,3462.4286103221903,3538.84663144398,3602.894307583546,3652.700182459814,3686.446080105933
15676.979656498797,15867.253372888657,16123.577064444515,16412.23371222289,16689.970670209714,16955.63254482713,17228.889092489608,17518.339524517785,17822.647145074538
100859.19576880759,99528.59742929645,98673.59126543868,98098.74874861843,97568.73021789681,97075.49534697234,96715.8594950676,96528.9363176819,96504.74433354757
616.7318384362695,690.2686653238266,767.501619748672,847.0242895654601,925.6328467845271,1000.8005299045652,1074.0629628551471,1146.711388462748,1217.9741432742771
14655.072583598698,14584.63082527038,14575.659372558337,14600.603013080987,14625.940160337173,14650.289402812397,14687.515069074378,14743.354517558522,14816.360150581855
50450.9796125772,51069.44765245296,51776.87175852135,52476.71431899254,53048.68888988565,53480.108680410034,53813.41539355546,54066.01214986873,54232.37668578053
35736.247006961945,35805.607093361374,36069.04225703707,36422.43299105308,36736.19249245731,37002.78497710159,37273.114598688495,37565.84500931824,37872.95082634325
5402.450737876834,5471.324070521347,5561.440041953292,5660.917365771189,5755.818736242837,5845.079674125677,5933.605673633299,6022.501989936553,6110.115640311437
10063.00402994787,10113.879556503443,10221.04830659449,10361.157092069605,10506.307412426806,10653.878218854774,10813.613871762964,10988.845042691053,11177.464326026522
19758.005499598687,19664.8744316108,19682.674101057903,19761.494475800126,19839.287827154683,19916.10408813216,20020.526010957394,20164.028785198996,20343.903326989475
10208.872077484177,10166.32718230987,10178.893862066841,10219.548873089687,10254.78854772181,10284.29442588016,10323.2121009911,10377.738554990528,10446.618015098598
17670.74814896901,18088.69501049771,18575.024098722744,19092.168530161518,19592.58118084647,20072.575230551138,20552.52953161811,21042.823637468853,21541.389236972813
6588.109217318874,6678.3097301897005,6790.164747985434,6910.08648890863,7021.499473889354,7125.231365760558,7229.93031454412,7339.402732806889,7453.427656851143
29519.50110034295,29392.28867945615,29397.528925372004,29464.411899434544,29505.41866942298,29521.110800874867,29552.36957514201,29615.722405022945,29707.627347686062
8581.089808795641,8689.337294059898,8835.023025883493,8998.805520696438,9157.918989806594,9310.125247499764,9463.227909701478,9619.59939709673,9777.231676618534
2959.54760853449,3155.9843743022107,3368.4995476098975,3591.4345177058512,3817.7668776573832,4045.5439264724246,4276.44065804051,4510.463256054131,4746.296318071587
20364.346263855772,20368.23067719927,20459.804026049344,20603.384594909032,20755.181663873827,20911.721479774656,21089.242172052127,21294.129611790268,21523.68027117234
6450.223148252684,6839.83808225294,7271.233850710192,7731.91139821727,8205.81481785442,8690.235216573847,9189.613868978413,9711.562293396539,10256.30070462295
22529.45704676302,22702.151116140016,22977.89459891575,23309.69543367231,23639.622579302715,23965.05731791862,24309.901590491452,24683.51091858207,25082.89047568836
2941.414307672205,3065.619926973633,3191.4579466401005,3314.289731385607,3427.95077504701,3531.664802796266,3628.048041193081,3718.518333290387,3803.0427086391537
22045.037077744586,22164.329697241992,22339.87793539256,22537.5846876511,22714.852852296866,22870.69336929208,23023.953667094665,23182.4943825019,23344.588728379862
38454.78298508029,38629.637984284636,38973.80637009475,39417.85469491417,39876.5330343589,40343.27284917326,40849.58008558535,41406.636932884096,42007.67503306126
7372.563176521319,7577.581220001632,7805.665594622641,8041.448807161867,8265.292437141601,8476.143950799767,8683.032630652222,8890.713591147385,9099.736188479374
790.5220900523321,807.5800567856793,823.8047157022231,838.0588337384158,849.060269629227,855.9134202849805,858.2677676452138,855.6528273154723,847.8160842873389
16067.203794588175,16082.101565936233,16170.779398735576,16295.127054032017,16407.59997430415,16506.409565856437,16611.71588806903,16731.749667862943,16864.376067524412
12614.10883474521,12895.606641354056,13222.537597837752,13572.684542707617,13917.824987566786,14255.22496901317,14595.543782678296,14943.542840169268,15298.39900419368
21640.594284670602,21505.89974653982,21493.913776462225,21544.932406961423,21585.814883102892,21616.599346691644,21670.611253581923,21760.986919865638,21884.59019545218
61492.94371473164,59958.854863637556,58830.827667945,57941.24096650529,57094.88069443967,56285.21970213303,55587.56873249506,55026.1183801659,54585.05224974612
7556.73623516338,7590.202606145148,7650.921949363591,7722.939634793444,7786.890652910303,7841.644421435198,7895.1232731729815,7950.966155204778,8008.799617372043
17491.231610168805,17325.890527641994,17270.4147702313,17279.530674887537,17298.600284877277,17325.511930254655,17382.201988018754,17476.60581827502,17604.969974182164
19914.90553008101,19546.45109528814,19319.3081193798,19172.53225287142,19034.893315393856,18904.132536237892,18807.9628006206,18755.257133109055,18740.392095671625
1216.7609993620094,1275.725664010969,1342.3261385665598,1412.2833116515098,1479.9753462208107,1544.550300964824,1608.0628204148086,1671.8018915347625,1736.5055498539402
38454.21138842335,38999.20898212147,39724.98904807994,40548.56194980207,41362.99059764223,42166.34992903868,43008.04152961702,43908.98171500447,44865.19424402249
10502.187298594323,10696.593245804055,10932.675043820098,11191.096056297136,11447.16703021446,11698.543300789204,11954.845509600655,12220.17902549876,12493.648752703579
44356.64908819452,43753.024552868716,43468.272942597854,43362.4031751593,43268.301842932684,43183.73099321247,43179.1547140281,43279.10994988382,43472.46568346131
66107.10697668736,65002.44146990698,64492.25797569428,64348.43047498234,64305.00162322445,64346.947544680486,64568.918915560054,64995.796833740176,65599.53357101098
40847.841767270475,40708.4431508712,40746.21084430352,40882.491005725395,41020.03536457812,41154.84823797509,41327.01073273708,41552.37690387412,41825.48642269538
8495.586901021548,8844.792504705702,9228.208632615158,9630.91407108592,10033.219682164698,10432.914000403409,10837.747586897596,11251.870010673583,11675.336056719449
28661.760438721765,28173.567078565837,27850.664861736717,27605.112237469795,27330.09823677663,27028.866467745876,26752.336763600142,26519.699323775505,26326.016801136702
12488.433127453074,12513.487673085872,12626.729290244963,12792.763884045235,12969.414396386159,13152.370594241194,13355.78974409028,13585.274694549205,13840.098827186977
36107.047130805724,35524.996604512744,35090.21874645297,34726.04052143796,34340.70265375693,33934.976117683196,33550.20383599219,33202.008327270545,32885.63118131275
94134.5293183565,93226.14786297786,92808.18333386557,92647.81723197874,92461.93495895836,92244.72004259554,92116.82211140839,92124.29689289127,92251.28353049433
53975.92311166621,53452.27220695919,53239.41818258115,53174.1068645052,53058.97382494293,52897.74503269045,52782.76523681993,52748.90153765756,52786.76912631846
5107.346276360433,5303.021254828386,5532.117799923566,5776.670459660695,6012.980161133539,6239.204102752189,6465.153266259789,6695.147178373627,6928.965314903948
20038.820111691723,20430.054886954087,20959.456185364405,21557.187930063083,22132.941113887875,22684.54544587376,23252.58731777197,23852.743491749727,24480.722457147996
15930.913762214876,16015.663835130066,16174.824459739448,16377.562845258864,16586.311724694664,16798.002511819454,17026.6964760399,17278.250519443867,17551.116556973466
15071.692596041783,15577.639552427925,16177.68393536323,16839.981072221053,17522.812603623704,18221.239510487183,18950.389152655476,19716.918667108544,20519.027477804688
50695.335963064776,50197.24457812432,49972.34279413214,49909.30859963133,49881.44835769026,49872.18767431959,49914.92478381785,50014.22594821358,50152.84141156845
10439.890640727366,10518.51165526469,10640.964694535673,10785.775452329983,10926.41489815096,11061.084622661507,11200.11993079259,11347.73328507923,11503.184138545294
22325.30940534148,21987.364003660987,21764.589922810086,21602.59082967241,21436.430873330806,21264.162528599776,21112.29492175776,20991.021076017085,20897.07535540603
9148.640791168618,9280.198264164927,9457.453818170026,9660.774372960625,9865.415396083066,10069.48429795418,10282.709433146445,10509.131711408372,10747.701638288134
17261.978975961327,17605.70181250558,18016.316069932618,18454.993159985424,18872.40033012063,19267.85998326875,19664.90804689281,20074.07576339727,20494.535615569825
2527.3634851930983,2604.798496949222,2694.6564733403175,2788.8504407754904,2876.775619179109,2958.354668274748,3038.7439218421855,3119.9350436675763,3201.300834985448
49785.59826765643,49039.34855301985,48558.78506811222,48202.40783802871,47798.19669505776,47349.980668699565,46938.35646475451,46594.0038384617,46308.70606201456
5107.590805977165,5454.060119088219,5817.151456066809,6181.421483879278,6528.503281140265,6855.170817485689,7167.6302513287355,7470.1729896204315,7765.256556907815
12243.007120150141,12395.692439777578,12594.67538663159,12816.724552802903,13032.864400653976,13241.393418539743,13454.161230669515,13676.227774424304,13906.659808984803
47266.85355546556,47143.997967029456,47264.748999269286,47513.136886008484,47745.51606371564,47958.07647410084,48212.66968138451,48534.37053582615,48915.5914985656
12322.790777069846,12684.710141290278,13144.354125982944,13664.410512930823,14196.750438509167,14737.82936209435,15307.406978556477,15914.05582661186,16556.331847772803
14372.838467739446,14498.329159149904,14711.732754616793,14980.49545277334,15265.788356479028,15560.486364382507,15873.817358637487,16208.56154745077,16562.620073960137
20716.154859491588,20792.654107633985,20961.57124428742,21186.449824933756,21422.939329262288,21667.417844838877,21936.425711287186,22236.792367854112,22566.42809775184
88713.06252200491,86893.46012714639,85571.35903165447,84499.93202098721,83389.4604599686,82238.6425208505,81170.4427448982,80226.86735908808,79387.82165216087
56984.42902346955,56536.839955485724,56459.350316231066,56594.23102611553,56752.59450778079,56928.528234251826,57199.97418840369,57596.245614509295,58106.978681589826
1197.773835649086,1249.2695455300484,1311.8839163456569,1380.6319889910535,1449.1261408829614,1516.0874574140196,1583.2357716348017,1651.1343191081905,1719.2394647968963
10344.51193014486,10420.482929923772,10553.295748017224,10714.025637921817,10865.911529419875,11009.489960792469,11162.80453441527,11333.466504887427,11520.447494718293
21982.569025211436,22365.13030197177,22869.48908503348,23441.416822570092,24013.426285249778,24580.269414118935,25167.751709238364,25786.175174578486,26432.044905704955
16941.27812872026,17159.091040902094,17462.816863889846,17814.85336758785,18167.727171702132,18520.23690629145,18894.65318319094,19302.21636636816,19741.84021384362
3429.6574680611398,3562.8603358812834,3720.3633354928306,3889.7705002408215,4055.5329110098623,4215.862440805492,4376.38124168507,4539.437571039147,4704.629626861954
11284.87842862549,11416.310494058827,11580.404361099656,11752.966367294151,11905.135517476005,12037.632599009221,12164.814764705337,12292.065103571385,12417.98454511632
55173.93662463819,54804.028849916205,54611.313515033755,54483.64416161728,54282.919984722146,54006.01235175854,53712.62482434198,53426.79712180701,53141.93198367063
1838.2212017428512,1980.281230731403,2145.445704131825,2327.8921258156647,2519.5133831288254,2716.287869647645,2918.1182969814236,3124.90846961852,3335.8758994273344
2684.4925845422827,2700.7372918591877,2736.9166534457927,2783.975931776958,2831.2201202530673,2877.7220695009505,2927.224102613135,2980.996426389117,3038.3542504053476
49194.16696391828,50222.35289576313,51341.404082117675,52409.83151047276,53255.73633342963,53866.12118963808,54310.75644690748,54624.76175472848,54809.86975131529
5055.056687457983,5321.553305378865,5584.264432671776,5835.947548229439,6068.457069180939,6281.405084840044,6479.314323786572,6665.388377149542,6841.58633353984
18446.87461874204,18373.347261087456,18369.44999174016,18397.029319310375,18408.929815141342,18405.621534307298,18409.552375067968,18430.30311884338,18466.623246997562
5525.428602235272,5718.047795479784,5949.113912539529,6204.805210375828,6467.735255930524,6734.255597760466,7008.755039479384,7293.3550255682085,7587.952455073338
14190.383767310313,14570.003650812516,15016.758876783866,15500.266599525828,15980.88710035872,16455.61365399801,16940.77529436003,17444.3280463229,17965.752140106502
1458.549325980251,1540.038595552016,1629.3102764357654,1721.4335205487016,1810.452449217327,1894.792406774586,1975.3666881152374,2052.0829927164905,2124.15406401674
19579.89522840956,19538.416898645955,19552.643297540882,19589.0246496544,19608.37602194998,19610.510203126007,19612.793152084625,19621.685506499212,19635.13295404074
19165.846350480508,19589.776049351105,20073.848860646416,20574.383737174758,21034.281219223252,21454.092261823436,21863.468592476154,22276.77159832577,22694.411366892833
2014.816482289364,2159.231855245512,2311.316758680818,2467.8516676334043,2624.678746231199,2780.406733075162,2936.15792707984,3092.5712483042666,3249.866468083574
22667.103391632096,22462.579835242017,22359.913707790016,22307.68412750344,22243.041466473096,22165.43421898714,22102.494481889156,22065.08024071533,22050.153231268876
18593.711632725437,18915.350039365625,19313.6623514004,19752.120645960655,20184.669844723398,20607.442894014723,21038.366338440348,21485.642209038342,21948.114728866345
3158.0522522364663,3340.009348452448,3536.567013721427,3740.4205484006584,3944.963826554254,4147.505183834178,4347.810131228284,4545.690566027798,4741.3805442191
17493.667723140417,17737.945439728992,18110.779269368828,18572.197387144643,19073.78754941482,19607.632329011085,20186.367429223945,20813.002591180066,21481.779398373357
12221.97035573152,12165.310435164793,12182.876726732247,12231.306719982173,12258.292223691305,12261.258695603274,12260.477754912745,12262.552923423971,12263.807300882308
19500.607013792145,19899.712098555414,20423.629650396622,21014.832085196584,21599.340956431784,22173.176116784838,22767.751647566198,23396.41230555644,24056.644583655092
23918.653154805255,23732.073890943273,23664.957455550582,23668.901278654903,23684.746082699985,23709.16401638755,23765.00759507063,23860.775619258275,23992.347472641122
5023.175253389304,5250.545063778943,5508.395786944252,5783.919849706054,6060.6981857870705,6336.776334743187,6618.314217461335,6908.360821163291,7207.1344108978565
17838.962613549258,18087.106915265034,18460.616046454994,18906.804799016434,19357.468400814032,19811.12335274236,20298.84143172506,20833.661189872746,21413.47817390466
59214.58601899691,59261.2496445315,59549.812927209685,59975.38960768889,60408.43073416587,60842.22505327761,61321.37832515464,61851.67934207597,62415.85991861058
4454.454335332506,4728.958276561929,4999.767093344716,5262.529013813363,5511.425280410581,5747.567533173627,5976.96944549054,6203.568670578957,6429.556171032031
5701.995905828856,6138.19236641303,6589.423409501804,7045.338823949694,7490.558765306155,7923.932140049892,8354.00027595577,8786.2971516605,9223.127637854464
16574.950496428555,16828.337008179464,17151.64525700805,17497.611157952742,17804.990153807743,18076.11112354251,18343.164757048242,18620.311465648792,18906.635722284063
13661.19759625666,13827.329592605016,14054.074393162906,14316.483082127808,14583.070255437984,14851.253042110522,15133.276249358843,15434.54674557928,15754.024715565594
15757.144810539738,16340.98677831706,16989.33809804419,17658.78258826907,18291.05479308619,18882.927313927466,19460.4363651435,20035.757574691215,20608.14024689014
20769.22465054787,21024.17330783197,21300.667652683424,21567.257105805988,21787.78897554057,21964.75528476297,22118.005019668068,22255.271258909637,22375.703620833683
2847.9393792049827,3065.59467501034,3271.4012178646017,3467.5995744799056,3658.185325832986,3845.6045768384097,4031.869341631953,4218.503139348964,4408.185448244929
30955.395652076466,30704.172962883003,30590.03689228356,30542.31956496299,30474.66469204093,30386.71907284796,30317.390424801994,30282.35634422053,30278.07362400065
3457.728886919702,3488.454035400211,3533.180778277447,3581.8329767776004,3622.5644239445433,3654.7672580121393,3683.0781144402454,3708.8461776061936,3731.055468449836
30986.79248698071,31261.518807937504,31660.148598206186,32119.85902134048,32563.391095910712,32985.42232096583,33416.0662425629,33867.45691658421,34335.77904060981
11792.91152881271,11994.264471124923,12232.68154092308,12489.05913635521,12739.682658997186,12983.144821977041,13229.305927961275,13482.252882368557,13740.953030026712
4980.681495258133,5264.037687686955,5575.150999390609,5902.105907720837,6229.006135125763,6553.176242623021,6880.403616713129,7214.3402704287755,7555.662905904285
11562.522529714393,11562.652184659202,11618.46356411344,11701.421375252005,11776.230068288085,11841.253896457169,11910.813205287459,11990.428372818296,12078.178622330775
9083.144236430182,9306.973188546452,9582.751444962669,9884.896131700807,10180.384472222058,10467.418781569148,10760.293595331896,11065.344477183864,11381.99627270087
15463.244429643826,15579.775215592086,15782.035864616173,16038.398531778374,16310.116697163445,16593.792642589167,16903.284732244636,17243.529100220905,17611.63679645709
4057.1724384546173,4151.395483515769,4255.853582822519,4361.414373714261,4456.655731392009,4541.586753907445,4622.054850623405,4700.601072930006,4776.872959538596
64761.452425607844,63894.366974344026,63277.10968990186,62778.04952150918,62239.12105517464,61657.09146147701,61099.51479994571,60593.63028982985,60132.41546017042
2683.9821215195648,2749.047164282687,2831.6910437624597,2924.3521535903396,3018.2697747572515,3111.299219991958,3205.2770368422152,3300.844479209894,3397.343545272511
21492.032636578097,21702.12665866611,21996.580155291726,22328.231535129977,22638.323971709444,22923.179443910478,23206.662919139093,23499.609297375882,23800.818246585826
3413.2012298482273,3552.357351948368,3709.5655581132573,3876.6829246070456,4042.9111314316247,4205.836596988352,4367.966386992494,4529.735003119063,4689.5177847185705
26417.516902827927,26842.579287530258,27349.83891734826,27882.376019471867,28367.572500324182,28801.864923067846,29216.244145281387,29623.994299336013,30021.5343316763
22254.905014787826,22190.30724499291,22203.192982493587,22251.61554528748,22283.323640705526,22297.615320137647,22317.91387885538,22354.25792585683,22404.949574981703
13502.196049877166,14074.45497915635,14682.342396819458,15305.155450202217,15913.796737128789,16507.68912121103,17101.519559003253,17703.07196348842,18313.191433752436
7316.690459808505,7329.357661155534,7377.447167224124,7444.57153651509,7509.577399348982,7571.45773412686,7639.014636785199,7715.874994304213,7801.070521285297
78702.30978561715,78361.21441446149,78500.59511292921,78880.4920011984,79211.1987048404,79480.01257459832,79802.07771873478,80218.1458133991,80708.62789156992
16583.11076147323,16779.622944416955,17097.24141348578,17500.49335528705,17946.973080579744,18428.860732193218,18956.56548181543,19533.268008675903,20155.349613282255
34517.11172014388,34441.05086868764,34544.54204749682,34747.98238709458,34952.583305661006,35155.491801696015,35398.7937807031,35698.970381366984,36050.60520357212
821.7381582780498,842.0266346766214,852.2128176793219,851.7893821333178,841.3015523420344,819.1183648844636,782.734877534677,730.0877033405183,659.7700644604407
6786.2384557531095,6911.381167526599,7064.5108720551825,7232.476904992773,7395.939211654714,7552.706371095877,7711.051830715183,7874.81504487866,8043.632958796956
9671.341289632637,10067.902037327889,10518.381605858727,10989.626277823974,11437.703045049238,11860.596584841851,12278.243370725608,12699.60345480702,13124.123660896103
14268.753558280963,14325.638517256262,14435.33775213817,14563.4823681374,14667.373635832379,14747.704644341418,14826.651738029499,14916.745731189567,15019.100499912103
4652.991526887854,4776.001346493815,4907.020218184044,5036.268830339964,5151.1569890803985,5251.149545158532,5342.582446759451,5428.836307694648,5510.595422887368
6994.826881288255,7284.107081952021,7611.924932402974,7963.789331083261,8321.228640682122,8682.382878209322,9055.00642504876,9443.22281359044,9847.426604495113
23562.653421589133,23874.026587523476,24272.096802823922,24712.885345950657,25145.58742737064,25564.58102304478,25987.175066014453,26420.17579592632,26860.953106188466
45434.429835737574,45486.720514654204,45837.44957109017,46357.597078364306,46890.487436165204,47422.90174750976,48008.7775802862,48663.843117537304,49373.93971626408
6472.658733302232,6519.4940716849715,6592.959992399948,6678.704501243131,6758.673416492433,6831.38140691192,6903.451709051205,6977.312773919557,7051.777184456421
2100.560120463614,2164.1847609010924,2237.971399597443,2314.880211706483,2385.8102559110953,2450.447754163885,2512.94179713029,2575.1176965734467,2636.84668874142
14278.902432847382,14133.576628727604,14077.007483411007,14076.484364393627,14093.00449107714,14123.12179318819,14179.90165551378,14267.344616843782,14381.752914582052
57784.477559817955,56777.41328251737,56061.15336595281,55517.79058879258,55009.30969595386,54526.37121904304,54117.60418597507,53798.212699070944,53555.82323512534
40210.14804567065,40565.81379756284,41074.002803658426,41655.84400555218,42209.47276606375,42732.5471501002,43271.20465572179,43845.452120038695,44451.75423925869
21164.23926169273,20942.291782018012,20846.831405336416,20822.176078230248,20801.99936994049,20783.694485525048,20793.796973466364,20842.23184773723,20925.16243517202
11373.652869980155,11561.210620404932,11807.542451335445,12087.794511918437,12370.543488719382,12653.718680928238,12950.285151408454,13266.398440212899,13601.875069735072
37307.43832501911,38080.01645227178,39034.35003309252,40079.397173674304,41099.39243415692,42087.14441123024,43090.99929624079,44132.182404302286,45207.09709412242
5371.11199982749,5771.977618502446,6205.448264340501,6654.5462194826105,7097.401606123117,7529.333830136666,7956.625542189813,8383.27812775541,8810.60088773103
94716.23028387234,93393.41246129917,92553.55948021042,91945.26676321946,91269.79055318455,90519.31384478908,89817.24968257414,89209.17402300103,88677.07622588013
16302.241287696486,16644.9051538812,17075.723999953687,17557.67286687327,18041.6850428873,18520.509009632267,19012.973688323036,19531.521004540173,20076.112113726173
19919.577152152953,20308.67632450435,20783.371134819437,21304.239399229453,21820.553660854213,22330.33949083834,22856.07836281222,23407.104618961897,23981.318244356356
24777.51092121475,24822.73303229563,25027.223711172668,25320.361810285474,25616.065978944604,25907.96531987146,26230.72117071252,26598.216348786595,27004.87541257739
3302.097479609186,3361.1689170535433,3431.756755034065,3504.722715890096,3568.3333583903036,3622.5294227111926,3673.2376946887316,3723.35890869094,3773.0384765017475
35864.04384763333,35664.95469528866,35748.36713039378,36003.4829556965,36296.027341994544,36621.83867436589,37035.45731826475,37554.927044590746,38168.825958062094
8110.165314776166,8313.613338514859,8542.974737398503,8782.60990859567,9012.185377330845,9229.658577963939,9442.725776158233,9655.12543334323,9866.972211931681
43410.210587303605,42799.86180626698,42404.65231874996,42114.72221177951,41799.74420723455,41460.062578836434,41153.49019698263,40901.431158353946,40696.77784880403
516.1187279986177,551.1439634842346,585.8634968969969,620.1718870047376,652.6662696318825,682.3212329853736,710.0432597090411,736.584229235649,762.1463013892148
25909.652350000397,25774.105433590477,25760.258422750165,25814.17261524176,25869.405233833382,25924.273511418494,26007.500045370412,26130.98202013573,26291.892166162765
27145.11928625827,27453.95213113807,27880.01364279686,28353.660558038533,28786.159037432986,29173.980538335363,29555.431656873538,29946.15881158899,30341.8071846478
8597.871537870262,8898.914973281382,9240.199865845958,9602.434001399813,9960.10453766132,10311.885909624734,10669.369444843103,11038.216286277564,11418.430856007704
23587.911116400406,23821.97668432843,24181.366463243685,24607.56356808798,25026.312523596465,25435.928380737474,25870.034320133454,26342.984423107897,26852.355058529844
8802.457237435412,8818.95706181174,8891.059172169047,8990.348452460388,9082.192947399595,9166.451133928678,9258.751579620051,9364.8976955345,9483.122792033219
13407.917876271871,13778.003930452636,14258.405640406338,14810.135775128896,15382.137831161346,15970.256650726911,16594.875578448216,17264.647552332586,17977.75410712853
4491.366355453961,4824.214512505232,5159.141243666623,5487.549345184402,5797.493747893646,6088.29432403637,6366.914584613072,6638.720871134636,6906.472407185887
9388.688158360741,9827.077576098603,10226.766573264842,10584.309158792665,10898.441396598464,11173.952097604986,11417.100444005031,11629.470191073178,11811.748955504703
33775.9071887119,33478.670688332626,33350.649810598334,33281.628736007166,33135.143660312075,32921.31033372298,32713.154564944627,32539.89264596207,32398.190667418574
74027.34855324558,72119.36530928772,70682.79605533539,69517.76489189135,68392.5445268226,67298.4294976566,66322.79392941644,65492.460157085916,64787.13296454124
14259.62128226225,14142.483257858095,14101.26443188864,14095.813237942872,14077.24439644922,14045.563536755162,14022.75501917222,14017.257211254475,14026.706542017735
3331.048804757618,3455.04297396862,3597.5863242744194,3752.1477233790497,3910.3665222773,4070.675852524745,4235.533848532006,4406.117019184599,4582.218659457882
9587.187604991996,9720.930674924042,9884.266626402476,10061.30651018447,10232.775634943842,10397.569101679237,10563.70126525547,10734.708949445409,10910.282772694229
50436.624409796466,49719.90289840753,49294.26101938653,49016.99992181923,48722.61103516391,48410.61059776049,48151.68103899514,47969.44410673888,47852.92973437454
27374.444415563445,27360.023557930246,27558.407231968416,27866.790610901742,28158.89292526328,28435.132824668854,28753.425638732493,29136.601811476572,29578.60859723599
8646.903015090564,9071.485232915273,9533.083681748374,10005.973005426658,10457.32208268117,10884.432727591311,11301.15233006595,11715.094242208146,12127.949344199595
