2020,2025,2030,2035,2040,2045,2050,2055,2060
false,false,false,false,false,false,false,false,false
false,false,false,false,false,false,false,false,false
false,false,false,false,false,false,false,false,false
false,false,false,false,false,false,false,false,false
false,false,false,false,false,false,false,false,false
false,false,false,false,false,false,false,false,false
false,false,false,false,false,false,false,false,false
false,false,false,false,false,false,false,false,false
false,false,false,false,false,false,false,false,false
false,false,false,false,false,false,false,false,false
false,false,false,false,false,false,false,false,false
false,false,false,false,false,false,false,false,false
false,false,false,false,false,false,false,false,false
false,false,false,false,false,false,false,false,false
false,false,false,false,false,false,false,false,false
false,false,false,false,false,false,false,false,false
false,false,false,false,false,false,false,false,false
false,false,false,false,false,false,false,false,false
false,false,false,false,false,false,false,false,false
false,false,false,false,false,false,false,false,false
false,false,false,false,false,false,false,false,false
false,false,false,false,false,false,false,false,false
false,false,false,false,false,false,false,false,false
false,false,false,false,false,false,false,false,false
false,false,false,false,false,false,false,false,false
false,false,false,false,false,false,false,false,false
false,false,false,false,false,false,false,false,false
false,false,false,false,false,false,false,false,false
false,false,false,false,false,false,false,false,false
false,false,false,false,false,false,false,false,false
false,false,false,false,false,false,false,false,false
false,false,false,false,false,false,false,false,false
false,false,false,false,false,false,false,false,false
false,false,false,false,false,false,false,false,false
false,false,false,false,false,false,false,false,false
false,false,false,false,false,false,false,false,false
false,false,false,false,false,false,false,false,false
false,false,false,false,false,false,false,false,false
false,false,false,false,false,false,false,false,false
false,false,false,false,false,false,false,false,false
false,false,false,false,false,false,false,false,false
false,false,false,false,false,false,false,false,false
false,false,false,false,false,false,false,false,false
false,false,false,false,false,false,false,false,false
false,false,false,false,false,false,false,false,false
false,false,false,false,false,false,false,false,false
false,false,false,false,false,false,false,false,false
false,false,false,false,false,false,false,false,false
false,false,false,false,false,false,false,false,false
false,false,false,false,false,false,false,false,false
false,false,false,false,false,false,false,false,false
false,false,false,false,false,false,false,false,false
false,false,false,false,false,false,false,false,false
false,false,false,false,false,false,false,false,false
false,false,false,false,false,false,false,false,false
false,false,false,false,false,false,false,false,false
false,false,false,false,false,false,false,false,false
false,false,false,false,false,false,false,false,false
false,false,false,false,false,false,false,false,false
false,false,false,false,false,false,false,false,false
false,false,false,false,false,false,false,false,false
false,false,false,false,false,false,false,false,false
false,false,false,false,false,false,false,false,false
false,false,false,false,false,false,false,false,false
false,false,false,false,false,false,false,false,false
false,false,false,false,false,false,false,false,false
false,false,false,false,false,false,false,false,false
false,false,false,false,false,false,false,false,false
false,false,false,false,false,false,false,false,false
false,false,false,false,false,false,false,false,false
false,false,false,false,false,false,false,false,false
false,false,false,false,false,false,false,false,false
false,false,false,false,false,false,false,false,false
false,false,false,false,false,false,false,false,false
false,false,false,false,false,false,false,false,false
false,false,false,false,false,false,false,false,false
false,false,false,false,false,false,false,false,false
false,false,false,false,false,false,false,false,false
false,false,false,false,false,false,false,false,false
false,false,false,false,false,false,false,false,false
false,false,false,false,false,false,false,false,false
false,false,false,false,false,false,false,false,false
false,false,false,false,false,false,false,false,false
false,false,false,false,false,false,false,false,false
false,false,false,false,false,false,false,false,false
false,false,false,false,false,false,false,false,false
false,false,false,false,false,false,false,false,false
false,false,false,false,false,false,false,false,false
false,false,false,false,false,false,false,false,false
false,false,false,false,false,false,false,false,false
false,false,false,false,false,false,false,false,false
false,false,false,false,false,false,false,false,false
false,false,false,false,false,false,false,false,false
false,false,false,false,false,false,false,false,false
false,false,false,false,false,false,false,false,false
false,false,false,false,false,false,false,false,false
false,false,false,false,false,false,false,false,false
false,false,false,false,false,false,false,false,false
false,false,false,false,false,false,false,false,false
false,false,false,false,false,false,false,false,false
false,false,false,false,false,false,false,false,false
false,false,false,false,false,false,false,false,false
false,false,false,false,false,false,false,false,false
false,false,false,false,false,false,false,false,false
false,false,false,false,false,false,false,false,false
false,false,false,false,false,false,false,false,false
false,false,false,false,false,false,false,false,false
false,false,false,false,false,false,false,false,false
false,false,false,false,false,false,false,false,false
false,false,false,false,false,false,false,false,false
false,false,false,false,false,false,false,false,false
false,false,false,false,false,false,false,false,false
false,false,false,false,false,false,false,false,false
false,false,false,false,false,false,false,false,false
false,false,false,false,false,false,false,false,false
false,false,false,false,false,false,false,false,false
false,false,false,false,false,false,false,false,false
false,false,false,false,false,false,false,false,false
false,false,false,false,false,false,false,false,false
false,false,false,false,false,false,false,false,false
false,false,false,false,false,false,false,false,false
false,false,false,false,false,false,false,false,false
false,false,false,false,false,false,false,false,false
false,false,false,false,false,false,false,false,false
false,false,false,false,false,false,false,false,false
false,false,false,false,false,false,false,false,false
false,false,false,false,false,false,false,false,false
false,false,false,false,false,false,false,false,false
false,false,false,false,false,false,false,false,false
false,false,false,false,false,false,false,false,false
false,false,false,false,false,false,false,false,false
false,false,false,false,false,false,false,false,false
false,false,false,false,false,false,false,false,false
false,false,false,false,false,false,false,false,false
false,false,false,false,false,false,false,false,false
false,false,false,false,false,false,false,false,false
false,false,false,false,false,false,false,false,false
false,false,false,false,false,false,false,false,false
false,false,false,false,false,false,false,false,false
false,false,false,false,false,false,false,false,false
false,false,false,false,false,false,false,false,false
false,false,false,false,false,false,false,false,false
false,false,false,false,false,false,false,false,false
false,false,false,false,false,false,false,false,false
false,false,false,false,false,false,false,false,false
false,false,false,false,false,false,false,false,false
false,false,false,false,false,false,false,false,false
false,false,false,false,false,false,false,false,false
false,false,false,false,false,false,false,false,false
false,false,false,false,false,false,false,false,false
false,false,false,false,false,false,false,false,false
false,false,false,false,false,false,false,false,false
false,false,false,false,false,false,false,false,false
false,false,false,false,false,false,false,false,false
false,false,false,false,false,false,false,false,false
false,false,false,false,false,false,false,false,false
false,false,false,false,false,false,false,false,false
false,false,false,false,false,false,false,false,false
false,false,false,false,false,false,false,false,false
false,false,false,false,false,false,false,false,false
false,false,false,false,false,false,false,false,false
false,false,false,false,false,false,false,false,false
false,false,false,false,false,false,false,false,false
false,false,false,false,false,false,false,false,false
false,false,false,false,false,false,false,false,false
false,false,false,false,false,false,false,false,false
false,false,false,false,false,false,false,false,false
false,false,false,false,false,false,false,false,false
false,false,false,false,false,false,false,false,false
false,false,false,false,false,false,false,false,false
false,false,false,false,false,false,false,false,false
false,false,false,false,false,false,false,false,false
false,false,false,false,false,false,false,false,false
false,false,false,false,false,false,false,false,false
false,false,false,false,false,false,false,false,false
false,false,false,false,false,false,false,false,false
false,false,false,false,false,false,false,false,false
false,false,false,false,false,false,false,false,false
false,false,false,false,false,false,false,false,false
false,false,false,false,false,false,false,false,false
false,false,false,false,false,false,false,false,false
false,false,false,false,false,false,false,false,false
false,false,false,false,false,false,false,false,false
false,false,false,false,false,false,false,false,false
false,false,false,false,false,false,false,false,false
false,false,false,false,false,false,false,false,false
false,false,false,false,false,false,false,false,false
false,false,false,false,false,false,false,false,false
false,false,false,false,false,false,false,false,false
false,false,false,false,false,false,false,false,false
false,false,false,false,false,false,false,false,false
false,false,false,false,false,false,false,false,false
false,false,false,false,false,false,false,false,false
false,false,false,false,false,false,false,false,false
false,false,false,false,false,false,false,false,false
false,false,false,false,false,false,false,false,false
false,false,false,false,false,false,false,false,false
false,false,false,false,false,false,false,false,false
false,false,false,false,false,false,false,false,false
false,false,false,false,false,false,false,false,false
false,false,false,false,false,false,false,false,false
false,false,false,false,false,false,false,false,false
false,false,false,false,false,false,false,false,false
false,false,false,false,false,false,false,false,false
false,false,false,false,false,false,false,false,false
false,false,false,false,false,false,false,false,false
false,false,false,false,false,false,false,false,false
false,false,false,false,false,false,false,false,false
false,false,false,false,false,false,false,false,false
false,false,false,false,false,false,false,false,false
false,false,false,false,false,false,false,false,false
false,false,false,false,false,false,false,false,false
false,false,false,false,false,false,false,false,false
false,false,false,false,false,false,false,false,false
false,false,false,false,false,false,false,false,false
false,false,false,false,false,false,false,false,false
false,false,false,false,false,false,false,false,false
false,false,false,false,false,false,false,false,false
false,false,false,false,false,false,false,false,false
false,false,false,false,false,false,false,false,false
false,false,false,false,false,false,false,false,false
false,false,false,false,false,false,false,false,false
false,false,false,false,false,false,false,false,false
false,false,false,false,false,false,false,false,false
false,false,false,false,false,false,false,false,false
false,false,false,false,false,false,false,false,false
false,false,false,false,false,false,false,false,false
false,false,false,false,false,false,false,false,false
false,false,false,false,false,false,false,false,false
false,false,false,false,false,false,false,false,false
false,false,false,false,false,false,false,false,false
false,false,false,false,false,false,false,false,false
false,false,false,false,false,false,false,false,false
false,false,false,false,false,false,false,false,false
false,false,false,false,false,false,false,false,false
false,false,false,false,false,false,false,false,false
false,false,false,false,false,false,false,false,false
false,false,false,false,false,false,false,false,false
false,false,false,false,false,false,false,false,false
false,false,false,false,false,false,false,false,false
false,false,false,false,false,false,false,false,false
false,false,false,false,false,false,false,false,false
false,false,false,false,false,false,false,false,false
false,false,false,false,false,false,false,false,false
false,false,false,false,false,false,false,false,false
false,false,false,false,false,false,false,false,false
false,false,false,false,false,false,false,false,false
false,false,false,false,false,false,false,false,false
false,false,false,false,false,false,false,false,false
false,false,false,false,false,false,false,false,false
false,false,false,false,false,false,false,false,false
false,false,false,false,false,false,false,false,false
false,false,false,false,false,false,false,false,false
false,false,false,false,false,false,false,false,false
false,false,false,false,false,false,false,false,false
false,false,false,false,false,false,false,false,false
false,false,false,false,false,false,false,false,false
false,false,false,false,false,false,false,false,false
false,false,false,false,false,false,false,false,false
false,false,false,false,false,false,false,false,false
false,false,false,false,false,false,false,false,false
false,false,false,false,false,false,false,false,false
false,false,false,false,false,false,false,false,false
false,false,false,false,false,false,false,false,false
false,false,false,false,false,false,false,false,false
false,false,false,false,false,false,false,false,false
false,false,false,false,false,false,false,false,false
false,false,false,false,false,false,false,false,false
false,false,false,false,false,false,false,false,false
false,false,false,false,false,false,false,false,false
false,false,false,false,false,false,false,false,false
false,false,false,false,false,false,false,false,false
false,false,false,false,false,false,false,false,false
false,false,false,false,false,false,false,false,false
false,false,false,false,false,false,false,false,false
false,false,false,false,false,false,false,false,false
false,false,false,false,false,false,false,false,false
false,false,false,false,false,false,false,false,false
false,false,false,false,false,false,false,false,false
false,false,false,false,false,false,false,false,false
false,false,false,false,false,false,false,false,false
false,false,false,false,false,false,false,false,false
false,false,false,false,false,false,false,false,false
false,false,false,false,false,false,false,false,false
false,false,false,false,false,false,false,false,false
false,false,false,false,false,false,false,false,false
false,false,false,false,false,false,false,false,false
false,false,false,false,false,false,false,false,false
false,false,false,false,false,false,false,false,false
false,false,false,false,false,false,false,false,false
false,false,false,false,false,false,false,false,false
false,false,false,false,false,false,false,false,false
false,false,false,false,false,false,false,false,false
false,false,false,false,false,false,false,false,false
false,false,false,false,false,false,false,false,false
false,false,false,false,false,false,false,false,false
false,false,false,false,false,false,false,false,false
false,false,false,false,false,false,false,false,false
false,false,false,false,false,false,false,false,false
false,false,false,false,false,false,false,false,false
false,false,false,false,false,false,false,false,false
false,false,false,false,false,false,false,false,false
false,false,false,false,false,false,false,false,false
false,false,false,false,false,false,false,false,false
false,false,false,false,false,false,false,false,false
false,false,false,false,false,false,false,false,false
false,false,false,false,false,false,false,false,false
false,false,false,false,false,false,false,false,false
false,false,false,false,false,false,false,false,false
false,false,false,false,false,false,false,false,false
false,false,false,false,false,false,false,false,false
false,false,false,false,false,false,false,false,false
false,false,false,false,false,false,false,false,false
false,false,false,false,false,false,false,false,false
false,false,false,false,false,false,false,false,false
false,false,false,false,false,false,false,false,false
false,false,false,false,false,false,false,false,false
false,false,false,false,false,false,false,false,false
false,false,false,false,false,false,false,false,false
false,false,false,false,false,false,false,false,false
false,false,false,false,false,false,false,false,false
false,false,false,false,false,false,false,false,false
false,false,false,false,false,false,false,false,false
false,false,false,false,false,false,false,false,false
false,false,false,false,false,false,false,false,false
false,false,false,false,false,false,false,false,false
false,false,false,false,false,false,false,false,false
false,false,false,false,false,false,false,false,false
false,false,false,false,false,false,false,false,false
false,false,false,false,false,false,false,false,false
false,false,false,false,false,false,false,false,false
false,false,false,false,false,false,false,false,false
false,false,false,false,false,false,false,false,false
false,false,false,false,false,false,false,false,false
false,false,false,false,false,false,false,false,false
false,false,false,false,false,false,false,false,false
false,false,false,false,false,false,false,false,false
false,false,false,false,false,false,false,false,false
false,false,false,false,false,false,false,false,false
false,false,false,false,false,false,false,false,false
false,false,false,false,false,false,false,false,false
false,false,false,false,false,false,false,false,false
false,false,false,false,false,false,false,false,false
false,false,false,false,false,false,false,false,false
false,false,false,false,false,false,false,false,false
false,false,false,false,false,false,false,false,false
false,false,false,false,false,false,false,false,false
false,false,false,false,false,false,false,false,false
false,false,false,false,false,false,false,false,false
false,false,false,false,false,false,false,false,false
false,false,false,false,false,false,false,false,false
false,false,false,false,false,false,false,false,false
false,false,false,false,false,false,false,false,false
false,false,false,false,false,false,false,false,false
false,false,false,false,false,false,false,false,false
false,false,false,false,false,false,false,false,false
false,false,false,false,false,false,false,false,false
false,false,false,false,false,false,false,false,false
false,false,false,false,false,false,false,false,false
false,false,false,false,false,false,false,false,false
false,false,false,false,false,false,false,false,false
false,false,false,false,false,false,false,false,false
false,false,false,false,false,false,false,false,false
false,false,false,false,false,false,false,false,false
false,false,false,false,false,false,false,false,false
false,false,false,false,false,false,false,false,false
false,false,false,false,false,false,false,false,false
false,false,false,false,false,false,false,false,false
false,false,false,false,false,false,false,false,false
false,false,false,false,false,false,false,false,false
false,false,false,false,false,false,false,false,false
false,false,false,false,false,false,false,false,false
false,false,false,false,false,false,false,false,false
false,false,false,false,false,false,false,false,false
false,false,false,false,false,false,false,false,false
false,false,false,false,false,false,false,false,false
false,false,false,false,false,false,false,false,false
false,false,false,false,false,false,false,false,false
false,false,false,false,false,false,false,false,false
false,false,false,false,false,false,false,false,false
false,false,false,false,false,false,false,false,false
false,false,false,false,false,false,false,false,false
false,false,false,false,false,false,false,false,false
false,false,false,false,false,false,false,false,false
false,false,false,false,false,false,false,false,false
false,false,false,false,false,false,false,false,false
false,false,false,false,false,false,false,false,false
false,false,false,false,false,false,false,false,false
false,false,false,false,false,false,false,false,false
false,false,false,false,false,false,false,false,false
false,false,false,false,false,false,false,false,false
false,false,false,false,false,false,false,false,false
false,false,false,false,false,false,false,false,false
false,false,false,false,false,false,false,false,false
false,false,false,false,false,false,false,false,false
false,false,false,false,false,false,false,false,false
false,false,false,false,false,false,false,false,false
false,false,false,false,false,false,false,false,false
false,false,false,false,false,false,false,false,false
false,false,false,false,false,false,false,false,false
false,false,false,false,false,false,false,false,false
false,false,false,false,false,false,false,false,false
false,false,false,false,false,false,false,false,false
false,false,false,false,false,false,false,false,false
false,false,false,false,false,false,false,false,false
false,false,false,false,false,false,false,false,false
false,false,false,false,false,false,false,false,false
false,false,false,false,false,false,false,false,false
false,false,false,false,false,false,false,false,false
false,false,false,false,false,false,false,false,false
false,false,false,false,false,false,false,false,false
false,false,false,false,false,false,false,false,false
false,false,false,false,false,false,false,false,false
false,false,false,false,false,false,false,false,false
false,false,false,false,false,false,false,false,false
false,false,false,false,false,false,false,false,false
false,false,false,false,false,false,false,false,false
false,false,false,false,false,false,false,false,false
false,false,false,false,false,false,false,false,false
false,false,false,false,false,false,false,false,false
false,false,false,false,false,false,false,false,false
false,false,false,false,false,false,false,false,false
false,false,false,false,false,false,false,false,false
false,false,false,false,false,false,false,false,false
false,false,false,false,false,false,false,false,false
false,false,false,false,false,false,false,false,false
false,false,false,false,false,false,false,false,false
false,false,false,false,false,false,false,false,false
false,false,false,false,false,false,false,false,false
false,false,false,false,false,false,false,false,false
false,false,false,false,false,false,false,false,false
false,false,false,false,false,false,false,false,false
false,false,false,false,false,false,false,false,false
false,false,false,false,false,false,false,false,false
false,false,false,false,false,false,false,false,false
false,false,false,false,false,false,false,false,false
false,false,false,false,false,false,false,false,false
false,false,false,false,false,false,false,false,false
false,false,false,false,false,false,false,false,false
false,false,false,false,false,false,false,false,false
false,false,false,false,false,false,false,false,false
false,false,false,false,false,false,false,false,false
false,false,false,false,false,false,false,false,false
false,false,false,false,false,false,false,false,false
false,false,false,false,false,false,false,false,false
false,false,false,false,false,false,false,false,false
false,false,false,false,false,false,false,false,false
false,false,false,false,false,false,false,false,false
false,false,false,false,false,false,false,false,false
false,false,false,false,false,false,false,false,false
false,false,false,false,false,false,false,false,false
false,false,false,false,false,false,false,false,false
false,false,false,false,false,false,false,false,false
false,false,false,false,false,false,false,false,false
false,false,false,false,false,false,false,false,false
false,false,false,false,false,false,false,false,false
false,false,false,false,false,false,false,false,false
false,false,false,false,false,false,false,false,false
false,false,false,false,false,false,false,false,false
false,false,false,false,false,false,false,false,false
false,false,false,false,false,false,false,false,false
false,false,false,false,false,false,false,false,false
false,false,false,false,false,false,false,false,false
false,false,false,false,false,false,false,false,false
false,false,false,false,false,false,false,false,false
false,false,false,false,false,false,false,false,false
false,false,false,false,false,false,false,false,false
false,false,false,false,false,false,false,false,false
false,false,false,false,false,false,false,false,false
false,false,false,false,false,false,false,false,false
false,false,false,false,false,false,false,false,false
false,false,false,false,false,false,false,false,false
false,false,false,false,false,false,false,false,false
false,false,false,false,false,false,false,false,false
false,false,false,false,false,false,false,false,false
false,false,false,false,false,false,false,false,false
false,false,false,false,false,false,false,false,false
false,false,false,false,false,false,false,false,false
false,false,false,false,false,false,false,false,false
false,false,false,false,false,false,false,false,false
false,false,false,false,false,false,false,false,false
false,false,false,false,false,false,false,false,false
false,false,false,false,false,false,false,false,false
false,false,false,false,false,false,false,false,false
false,false,false,false,false,false,false,false,false
false,false,false,false,false,false,false,false,false
false,false,false,false,false,false,false,false,false
false,false,false,false,false,false,false,false,false
false,false,false,false,false,false,false,false,false
false,false,false,false,false,false,false,false,false
false,false,false,false,false,false,false,false,false
false,false,false,false,false,false,false,false,false
false,false,false,false,false,false,false,false,false
false,false,false,false,false,false,false,false,false
false,false,false,false,false,false,false,false,false
false,false,false,false,false,false,false,false,false
false,false,false,false,false,false,false,false,false
false,false,false,false,false,false,false,false,false
false,false,false,false,false,false,false,false,false
false,false,false,false,false,false,false,false,false
false,false,false,false,false,false,false,false,false
false,false,false,false,false,false,false,false,false
false,false,false,false,false,false,false,false,false
false,false,false,false,false,false,false,false,false
false,false,false,false,false,false,false,false,false
false,false,false,false,false,false,false,false,false
false,false,false,false,false,false,false,false,false
false,false,false,false,false,false,false,false,false
false,false,false,false,false,false,false,false,false
false,false,false,false,false,false,false,false,false
false,false,false,false,false,false,false,false,false
false,false,false,false,false,false,false,false,false
false,false,false,false,false,false,false,false,false
false,false,false,false,false,false,false,false,false
false,false,false,false,false,false,false,false,false
false,false,false,false,false,false,false,false,false
false,false,false,false,false,false,false,false,false
false,false,false,false,false,false,false,false,false
false,false,false,false,false,false,false,false,false
false,false,false,false,false,false,false,false,false
false,false,false,false,false,false,false,false,false
false,false,false,false,false,false,false,false,false
false,false,false,false,false,false,false,false,false
false,false,false,false,false,false,false,false,false
false,false,false,false,false,false,false,false,false
false,false,false,false,false,false,false,false,false
false,false,false,false,false,false,false,false,false
false,false,false,false,false,false,false,false,false
false,false,false,false,false,false,false,false,false
false,false,false,false,false,false,false,false,false
false,false,false,false,false,false,false,false,false
false,false,false,false,false,false,false,false,false
false,false,false,false,false,false,false,false,false
false,false,false,false,false,false,false,false,false
false,false,false,false,false,false,false,false,false
false,false,false,false,false,false,false,false,false
false,false,false,false,false,false,false,false,false
false,false,false,false,false,false,false,false,false
false,false,false,false,false,false,false,false,false
false,false,false,false,false,false,false,false,false
false,false,false,false,false,false,false,false,false
false,false,false,false,false,false,false,false,false
false,false,false,false,false,false,false,false,false
false,false,false,false,false,false,false,false,false
false,false,false,false,false,false,false,false,false
false,false,false,false,false,false,false,false,false
false,false,false,false,false,false,false,false,false
false,false,false,false,false,false,false,false,false
false,false,false,false,false,false,false,false,false
false,false,false,false,false,false,false,false,false
false,false,false,false,false,false,false,false,false
false,false,false,false,false,false,false,false,false
false,false,false,false,false,false,false,false,false
false,false,false,false,false,false,false,false,false
false,false,false,false,false,false,false,false,false
false,false,false,false,false,false,false,false,false
false,false,false,false,false,false,false,false,false
false,false,false,false,false,false,false,false,false
false,false,false,false,false,false,false,false,false
false,false,false,false,false,false,false,false,false
false,false,false,false,false,false,false,false,false
false,false,false,false,false,false,false,false,false
false,false,false,false,false,false,false,false,false
false,false,false,false,false,false,false,false,false
false,false,false,false,false,false,false,false,false
false,false,false,false,false,false,false,false,false
false,false,false,false,false,false,false,false,false
false,false,false,false,false,false,false,false,false
false,false,false,false,false,false,false,false,false
false,false,false,false,false,false,false,false,false
false,false,false,false,false,false,false,false,false
false,false,false,false,false,false,false,false,false
false,false,false,false,false,false,false,false,false
false,false,false,false,false,false,false,false,false
false,false,false,false,false,false,false,false,false
false,false,false,false,false,false,false,false,false
false,false,false,false,false,false,false,false,false
false,false,false,false,false,false,false,false,false
false,false,false,false,false,false,false,false,false
false,false,false,false,false,false,false,false,false
false,false,false,false,false,false,false,false,false
false,false,false,false,false,false,false,false,false
false,false,false,false,false,false,false,false,false
false,false,false,false,false,false,false,false,false
false,false,false,false,false,false,false,false,false
false,false,false,false,false,false,false,false,false
false,false,false,false,false,false,false,false,false
false,false,false,false,false,false,false,false,false
false,false,false,false,false,false,false,false,false
false,false,false,false,false,false,false,false,false
false,false,false,false,false,false,false,false,false
false,false,false,false,false,false,false,false,false
false,false,false,false,false,false,false,false,false
false,false,false,false,false,false,false,false,false
false,false,false,false,false,false,false,false,false
false,false,false,false,false,false,false,false,false
false,false,false,false,false,false,false,false,false
false,false,false,false,false,false,false,false,false
false,false,false,false,false,false,false,false,false
false,false,false,false,false,false,false,false,false
false,false,false,false,false,false,false,false,false
false,false,false,false,false,false,false,false,false
false,false,false,false,false,false,false,false,false
false,false,false,false,false,false,false,false,false
false,false,false,false,false,false,false,false,false
false,false,false,false,false,false,false,false,false
false,false,false,false,false,false,false,false,false
false,false,false,false,false,false,false,false,false
false,false,false,false,false,false,false,false,false
false,false,false,false,false,false,false,false,false
false,false,false,false,false,false,false,false,false
false,false,false,false,false,false,false,false,false
false,false,false,false,false,false,false,false,false
false,false,false,false,false,false,false,false,false
false,false,false,false,false,false,false,false,false
false,false,false,false,false,false,false,false,false
false,false,false,false,false,false,false,false,false
false,false,false,false,false,false,false,false,false
false,false,false,false,false,false,false,false,false
false,false,false,false,false,false,false,false,false
false,false,false,false,false,false,false,false,false
false,false,false,false,false,false,false,false,false
false,false,false,false,false,false,false,false,false
false,false,false,false,false,false,false,false,false
false,false,false,false,false,false,false,false,false
false,false,false,false,false,false,false,false,false
false,false,false,false,false,false,false,false,false
false,false,false,false,false,false,false,false,false
false,false,false,false,false,false,false,false,false
false,false,false,false,false,false,false,false,false
false,false,false,false,false,false,false,false,false
false,false,false,false,false,false,false,false,false
false,false,false,false,false,false,false,false,false
false,false,false,false,false,false,false,false,false
false,false,false,false,false,false,false,false,false
false,false,false,false,false,false,false,false,false
false,false,false,false,false,false,false,false,false
false,false,false,false,false,false,false,false,false
false,false,false,false,false,false,false,false,false
false,false,false,false,false,false,false,false,false
false,false,false,false,false,false,false,false,false
false,false,false,false,false,false,false,false,false
false,false,false,false,false,false,false,false,false
false,false,false,false,false,false,false,false,false
false,false,false,false,false,false,false,false,false
false,false,false,false,false,false,false,false,false
false,false,false,false,false,false,false,false,false
false,false,false,false,false,false,false,false,false
false,false,false,false,false,false,false,false,false
false,false,false,false,false,false,false,false,false
false,false,false,false,false,false,false,false,false
false,false,false,false,false,false,false,false,false
false,false,false,false,false,false,false,false,false
false,false,false,false,false,false,false,false,false
false,false,false,false,false,false,false,false,false
false,false,false,false,false,false,false,false,false
false,false,false,false,false,false,false,false,false
false,false,false,false,false,false,false,false,false
false,false,false,false,false,false,false,false,false
false,false,false,false,false,false,false,false,false
false,false,false,false,false,false,false,false,false
false,false,false,false,false,false,false,false,false
false,false,false,false,false,false,false,false,false
false,false,false,false,false,false,false,false,false
false,false,false,false,false,false,false,false,false
false,false,false,false,false,false,false,false,false
false,false,false,false,false,false,false,false,false
false,false,false,false,false,false,false,false,false
false,false,false,false,false,false,false,false,false
false,false,false,false,false,false,false,false,false
false,false,false,false,false,false,false,false,false
false,false,false,false,false,false,false,false,false
false,false,false,false,false,false,false,false,false
false,false,false,false,false,false,false,false,false
false,false,false,false,false,false,false,false,false
false,false,false,false,false,false,false,false,false
false,false,false,false,false,false,false,false,false
false,false,false,false,false,false,false,false,false
false,false,false,false,false,false,false,false,false
false,false,false,false,false,false,false,false,false
false,false,false,false,false,false,false,false,false
false,false,false,false,false,false,false,false,false
false,false,false,false,false,false,false,false,false
false,false,false,false,false,false,false,false,false
false,false,false,false,false,false,false,false,false
false,false,false,false,false,false,false,false,false
false,false,false,false,false,false,false,false,false
false,false,false,false,false,false,false,false,false
false,false,false,false,false,false,false,false,false
false,false,false,false,false,false,false,false,false
false,false,false,false,false,false,false,false,false
false,false,false,false,false,false,false,false,false
false,false,false,false,false,false,false,false,false
false,false,false,false,false,false,false,false,false
false,false,false,false,false,false,false,false,false
false,false,false,false,false,false,false,false,false
false,false,false,false,false,false,false,false,false
false,false,false,false,false,false,false,false,false
false,false,false,false,false,false,false,false,false
false,false,false,false,false,false,false,false,false
false,false,false,false,false,false,false,false,false
false,false,false,false,false,false,false,false,false
false,false,false,false,false,false,false,false,false
false,false,false,false,false,false,false,false,false
false,false,false,false,false,false,false,false,false
false,false,false,false,false,false,false,false,false
false,false,false,false,false,false,false,false,false
false,false,false,false,false,false,false,false,false
false,false,false,false,false,false,false,false,false
false,false,false,false,false,false,false,false,false
false,false,false,false,false,false,false,false,false
false,false,false,false,false,false,false,false,false
false,false,false,false,false,false,false,false,false
false,false,false,false,false,false,false,false,false
false,false,false,false,false,false,false,false,false
false,false,false,false,false,false,false,false,false
false,false,false,false,false,false,false,false,false
false,false,false,false,false,false,false,false,false
false,false,false,false,false,false,false,false,false
false,false,false,false,false,false,false,false,false
false,false,false,false,false,false,false,false,false
false,false,false,false,false,false,false,false,false
false,false,false,false,false,false,false,false,false
false,false,false,false,false,false,false,false,false
false,false,false,false,false,false,false,false,false
false,false,false,false,false,false,false,false,false
false,false,false,false,false,false,false,false,false
false,false,false,false,false,false,false,false,false
false,false,false,false,false,false,false,false,false
false,false,false,false,false,false,false,false,false
false,false,false,false,false,false,false,false,false
false,false,false,false,false,false,false,false,false
false,false,false,false,false,false,false,false,false
false,false,false,false,false,false,false,false,false
false,false,false,false,false,false,false,false,false
false,false,false,false,false,false,false,false,false
false,false,false,false,false,false,false,false,false
false,false,false,false,false,false,false,false,false
false,false,false,false,false,false,false,false,false
false,false,false,false,false,false,false,false,false
false,false,false,false,false,false,false,false,false
false,false,false,false,false,false,false,false,false
false,false,false,false,false,false,false,false,false
false,false,false,false,false,false,false,false,false
false,false,false,false,false,false,false,false,false
false,false,false,false,false,false,false,false,false
false,false,false,false,false,false,false,false,false
false,false,false,false,false,false,false,false,false
false,false,false,false,false,false,false,false,false
false,false,false,false,false,false,false,false,false
false,false,false,false,false,false,false,false,false
false,false,false,false,false,false,false,false,false
false,false,false,false,false,false,false,false,false
false,false,false,false,false,false,false,false,false
false,false,false,false,false,false,false,false,false
false,false,false,false,false,false,false,false,false
false,false,false,false,false,false,false,false,false
false,false,false,false,false,false,false,false,false
false,false,false,false,false,false,false,false,false
false,false,false,false,false,false,false,false,false
false,false,false,false,false,false,false,false,false
false,false,false,false,false,false,false,false,false
false,false,false,false,false,false,false,false,false
false,false,false,false,false,false,false,false,false
false,false,false,false,false,false,false,false,false
false,false,false,false,false,false,false,false,false
false,false,false,false,false,false,false,false,false
false,false,false,false,false,false,false,false,false
false,false,false,false,false,false,false,false,false
false,false,false,false,false,false,false,false,false
false,false,false,false,false,false,false,false,false
false,false,false,false,false,false,false,false,false
false,false,false,false,false,false,false,false,false
false,false,false,false,false,false,false,false,false
false,false,false,false,false,false,false,false,false
false,false,false,false,false,false,false,false,false
false,false,false,false,false,false,false,false,false
false,false,false,false,false,false,false,false,false
false,false,false,false,false,false,false,false,false
false,false,false,false,false,false,false,false,false
false,false,false,false,false,false,false,false,false
false,false,false,false,false,false,false,false,false
false,false,false,false,false,false,false,false,false
false,false,false,false,false,false,false,false,false
false,false,false,false,false,false,false,false,false
false,false,false,false,false,false,false,false,false
false,false,false,false,false,false,false,false,false
false,false,false,false,false,false,false,false,false
false,false,false,false,false,false,false,false,false
false,false,false,false,false,false,false,false,false
false,false,false,false,false,false,false,false,false
false,false,false,false,false,false,false,false,false
false,false,false,false,false,false,false,false,false
false,false,false,false,false,false,false,false,false
false,false,false,false,false,false,false,false,false
false,false,false,false,false,false,false,false,false
false,false,false,false,false,false,false,false,false
false,false,false,false,false,false,false,false,false
false,false,false,false,false,false,false,false,false
false,false,false,false,false,false,false,false,false
false,false,false,false,false,false,false,false,false
false,false,false,false,false,false,false,false,false
false,false,false,false,false,false,false,false,false
false,false,false,false,false,false,false,false,false
false,false,false,false,false,false,false,false,false
false,false,false,false,false,false,false,false,false
false,false,false,false,false,false,false,false,false
false,false,false,false,false,false,false,false,false
false,false,false,false,false,false,false,false,false
false,false,false,false,false,false,false,false,false
false,false,false,false,false,false,false,false,false
false,false,false,false,false,false,false,false,false
false,false,false,false,false,false,false,false,false
false,false,false,false,false,false,false,false,false
false,false,false,false,false,false,false,false,false
false,false,false,false,false,false,false,false,false
false,false,false,false,false,false,false,false,false
false,false,false,false,false,false,false,false,false
false,false,false,false,false,false,false,false,false
false,false,false,false,false,false,false,false,false
false,false,false,false,false,false,false,false,false
false,false,false,false,false,false,false,false,false
false,false,false,false,false,false,false,false,false
false,false,false,false,false,false,false,false,false
false,false,false,false,false,false,false,false,false
false,false,false,false,false,false,false,false,false
false,false,false,false,false,false,false,false,false
false,false,false,false,false,false,false,false,false
false,false,false,false,false,false,false,false,false
false,false,false,false,false,false,false,false,false
false,false,false,false,false,false,false,false,false
false,false,false,false,false,false,false,false,false
false,false,false,false,false,false,false,false,false
false,false,false,false,false,false,false,false,false
false,false,false,false,false,false,false,false,false
false,false,false,false,false,false,false,false,false
false,false,false,false,false,false,false,false,false
false,false,false,false,false,false,false,false,false
false,false,false,false,false,false,false,false,false
false,false,false,false,false,false,false,false,false
false,false,false,false,false,false,false,false,false
false,false,false,false,false,false,false,false,false
false,false,false,false,false,false,false,false,false
false,false,false,false,false,false,false,false,false
false,false,false,false,false,false,false,false,false
false,false,false,false,false,false,false,false,false
false,false,false,false,false,false,false,false,false
false,false,false,false,false,false,false,false,false
false,false,false,false,false,false,false,false,false
false,false,false,false,false,false,false,false,false
false,false,false,false,false,false,false,false,false
false,false,false,false,false,false,false,false,false
false,false,false,false,false,false,false,false,false
false,false,false,false,false,false,false,false,false
false,false,false,false,false,false,false,false,false
false,false,false,false,false,false,false,false,false
false,false,false,false,false,false,false,false,false
false,false,false,false,false,false,false,false,false
false,false,false,false,false,false,false,false,false
false,false,false,false,false,false,false,false,false
false,false,false,false,false,false,false,false,false
false,false,false,false,false,false,false,false,false
false,false,false,false,false,false,false,false,false
false,false,false,false,false,false,false,false,false
false,false,false,false,false,false,false,false,false
false,false,false,false,false,false,false,false,false
false,false,false,false,false,false,false,false,false
false,false,false,false,false,false,false,false,false
false,false,false,false,false,false,false,false,false
false,false,false,false,false,false,false,false,false
false,false,false,false,false,false,false,false,false
false,false,false,false,false,false,false,false,false
false,false,false,false,false,false,false,false,false
false,false,false,false,false,false,false,false,false
false,false,false,false,false,false,false,false,false
false,false,false,false,false,false,false,false,false
false,false,false,false,false,false,false,false,false
false,false,false,false,false,false,false,false,false
false,false,false,false,false,false,false,false,false
false,false,false,false,false,false,false,false,false
false,false,false,false,false,false,false,false,false
false,false,false,false,false,false,false,false,false
false,false,false,false,false,false,false,false,false
false,false,false,false,false,false,false,false,false
false,false,false,false,false,false,false,false,false
false,false,false,false,false,false,false,false,false
false,false,false,false,false,false,false,false,false
false,false,false,false,false,false,false,false,false
false,false,false,false,false,false,false,false,false
false,false,false,false,false,false,false,false,false
false,false,false,false,false,false,false,false,false
false,false,false,false,false,false,false,false,false
false,false,false,false,false,false,false,false,false
false,false,false,false,false,false,false,false,false
false,false,false,false,false,false,false,false,false
false,false,false,false,false,false,false,false,false
false,false,false,false,false,false,false,false,false
false,false,false,false,false,false,false,false,false
false,false,false,false,false,false,false,false,false
false,false,false,false,false,false,false,false,false
false,false,false,false,false,false,false,false,false
false,false,false,false,false,false,false,false,false
false,false,false,false,false,false,false,false,false
false,false,false,false,false,false,false,false,false
false,false,false,false,false,false,false,false,false
false,false,false,false,false,false,false,false,false
false,false,false,false,false,false,false,false,false
false,false,false,false,false,false,false,false,false
false,false,false,false,false,false,false,false,false
false,false,false,false,false,false,false,false,false
false,false,false,false,false,false,false,false,false
false,false,false,false,false,false,false,false,false
false,false,false,false,false,false,false,false,false
false,false,false,false,false,false,false,false,false
false,false,false,false,false,false,false,false,false
false,false,false,false,false,false,false,false,false
false,false,false,false,false,false,false,false,false
false,false,false,false,false,false,false,false,false
false,false,false,false,false,false,false,false,false
false,false,false,false,false,false,false,false,false
false,false,false,false,false,false,false,false,false
false,false,false,false,false,false,false,false,false
false,false,false,false,false,false,false,false,false
false,false,false,false,false,false,false,false,false
false,false,false,false,false,false,false,false,false
false,false,false,false,false,false,false,false,false
false,false,false,false,false,false,false,false,false
false,false,false,false,false,false,false,false,false
false,false,false,false,false,false,false,false,false
false,false,false,false,false,false,false,false,false
false,false,false,false,false,false,false,false,false
false,false,false,false,false,false,false,false,false
false,false,false,false,false,false,false,false,false
false,false,false,false,false,false,false,false,false
false,false,false,false,false,false,false,false,false
false,false,false,false,false,false,false,false,false
false,false,false,false,false,false,false,false,false
false,false,false,false,false,false,false,false,false
false,false,false,false,false,false,false,false,false
false,false,false,false,false,false,false,false,false
false,false,false,false,false,false,false,false,false
false,false,false,false,false,false,false,false,false
false,false,false,false,false,false,false,false,false
false,false,false,false,false,false,false,false,false
false,false,false,false,false,false,false,false,false
false,false,false,false,false,false,false,false,false
false,false,false,false,false,false,false,false,false
false,false,false,false,false,false,false,false,false
false,false,false,false,false,false,false,false,false
false,false,false,false,false,false,false,false,false
false,false,false,false,false,false,false,false,false
false,false,false,false,false,false,false,false,false
false,false,false,false,false,false,false,false,false
false,false,false,false,false,false,false,false,false
false,false,false,false,false,false,false,false,false
false,false,false,false,false,false,false,false,false
false,false,false,false,false,false,false,false,false
false,false,false,false,false,false,false,false,false
false,false,false,false,false,false,false,false,false
false,false,false,false,false,false,false,false,false
false,false,false,false,false,false,false,false,false
false,false,false,false,false,false,false,false,false
false,false,false,false,false,false,false,false,false
false,false,false,false,false,false,false,false,false
false,false,false,false,false,false,false,false,false
false,false,false,false,false,false,false,false,false
false,false,false,false,false,false,false,false,false
false,false,false,false,false,false,false,false,false
false,false,false,false,false,false,false,false,false
false,false,false,false,false,false,false,false,false
false,false,false,false,false,false,false,false,false
false,false,false,false,false,false,false,false,false
false,false,false,false,false,false,false,false,false
false,false,false,false,false,false,false,false,false
false,false,false,false,false,false,false,false,false
false,false,false,false,false,false,false,false,false
false,false,false,false,false,false,false,false,false
false,false,false,false,false,false,false,false,false
false,false,false,false,false,false,false,false,false
false,false,false,false,false,false,false,false,false
false,false,false,false,false,false,false,false,false
false,false,false,false,false,false,false,false,false
false,false,false,false,false,false,false,false,false
false,false,false,false,false,false,false,false,false
false,false,false,false,false,false,false,false,false
false,false,false,false,false,false,false,false,false
false,false,false,false,false,false,false,false,false
false,false,false,false,false,false,false,false,false
false,false,false,false,false,false,false,false,false
false,false,false,false,false,false,false,false,false
false,false,false,false,false,false,false,false,false
false,false,false,false,false,false,false,false,false
false,false,false,false,false,false,false,false,false
false,false,false,false,false,false,false,false,false
false,false,false,false,false,false,false,false,false
false,false,false,false,false,false,false,false,false
false,false,false,false,false,false,false,false,false
false,false,false,false,false,false,false,false,false
false,false,false,false,false,false,false,false,false
false,false,false,false,false,false,false,false,false
false,false,false,false,false,false,false,false,false
false,false,false,false,false,false,false,false,false
false,false,false,false,false,false,false,false,false
false,false,false,false,false,false,false,false,false
false,false,false,false,false,false,false,false,false
false,false,false,false,false,false,false,false,false
false,false,false,false,false,false,false,false,false
false,false,false,false,false,false,false,false,false
false,false,false,false,false,false,false,false,false
false,false,false,false,false,false,false,false,false
false,false,false,false,false,false,false,false,false
false,false,false,false,false,false,false,false,false
false,false,false,false,false,false,false,false,false
false,false,false,false,false,false,false,false,false
false,false,false,false,false,false,false,false,false
false,false,false,false,false,false,false,false,false
false,false,false,false,false,false,false,false,false
false,false,false,false,false,false,false,false,false
false,false,false,false,false,false,false,false,false
false,false,false,false,false,false,false,false,false
false,false,false,false,false,false,false,false,false
false,false,false,false,false,false,false,false,false
false,false,false,false,false,false,false,false,false
false,false,false,false,false,false,false,false,false
false,false,false,false,false,false,false,false,false
false,false,false,false,false,false,false,false,false
false,false,false,false,false,false,false,false,false
false,false,false,false,false,false,false,false,false
false,false,false,false,false,false,false,false,false
false,false,false,false,false,false,false,false,false
false,false,false,false,false,false,false,false,false
false,false,false,false,false,false,false,false,false
false,false,false,false,false,false,false,false,false
false,false,false,false,false,false,false,false,false
false,false,false,false,false,false,false,false,false
false,false,false,false,false,false,false,false,false
false,false,false,false,false,false,false,false,false
false,false,false,false,false,false,false,false,false
false,false,false,false,false,false,false,false,false
false,false,false,false,false,false,false,false,false
false,false,false,false,false,false,false,false,false
false,false,false,false,false,false,false,false,false
false,false,false,false,false,false,false,false,false
false,false,false,false,false,false,false,false,false
false,false,false,false,false,false,false,false,false
false,false,false,false,false,false,false,false,false
false,false,false,false,false,false,false,false,false
false,false,false,false,false,false,false,false,false
false,false,false,false,false,false,false,false,false
false,false,false,false,false,false,false,false,false
false,false,false,false,false,false,false,false,false
false,false,false,false,false,false,false,false,false
false,false,false,false,false,false,false,false,false
false,false,false,false,false,false,false,false,false
false,false,false,false,false,false,false,false,false
false,false,false,false,false,false,false,false,false
false,false,false,false,false,false,false,false,false
false,false,false,false,false,false,false,false,false
false,false,false,false,false,false,false,false,false
false,false,false,false,false,false,false,false,false
false,false,false,false,false,false,false,false,false
false,false,false,false,false,false,false,false,false
false,false,false,false,false,false,false,false,false
false,false,false,false,false,false,false,false,false
false,false,false,false,false,false,false,false,false
false,false,false,false,false,false,false,false,false
false,false,false,false,false,false,false,false,false
false,false,false,false,false,false,false,false,false
false,false,false,false,false,false,false,false,false
false,false,false,false,false,false,false,false,false
false,false,false,false,false,false,false,false,false
false,false,false,false,false,false,false,false,false
false,false,false,false,false,false,false,false,false
false,false,false,false,false,false,false,false,false
false,false,false,false,false,false,false,false,false
false,false,false,false,false,false,false,false,false
false,false,false,false,false,false,false,false,false
false,false,false,false,false,false,false,false,false
false,false,false,false,false,false,false,false,false
false,false,false,false,false,false,false,false,false
false,false,false,false,false,false,false,false,false
false,false,false,false,false,false,false,false,false
false,false,false,false,false,false,false,false,false
false,false,false,false,false,false,false,false,false
false,false,false,false,false,false,false,false,false
false,false,false,false,false,false,false,false,false
false,false,false,false,false,false,false,false,false
false,false,false,false,false,false,false,false,false
false,false,false,false,false,false,false,false,false
false,false,false,false,false,false,false,false,false
false,false,false,false,false,false,false,false,false
false,false,false,false,false,false,false,false,false
false,false,false,false,false,false,false,false,false
false,false,false,false,false,false,false,false,false
false,false,false,false,false,false,false,false,false
false,false,false,false,false,false,false,false,false
false,false,false,false,false,false,false,false,false
false,false,false,false,false,false,false,false,false
false,false,false,false,false,false,false,false,false
false,false,false,false,false,false,false,false,false
false,false,false,false,false,false,false,false,false
false,false,false,false,false,false,false,false,false
false,false,false,false,false,false,false,false,false
false,false,false,false,false,false,false,false,false
false,false,false,false,false,false,false,false,false
false,false,false,false,false,false,false,false,false
false,false,false,false,false,false,false,false,false
false,false,false,false,false,false,false,false,false
false,false,false,false,false,false,false,false,false
false,false,false,false,false,false,false,false,false
false,false,false,false,false,false,false,false,false
false,false,false,false,false,false,false,false,false
false,false,false,false,false,false,false,false,false
false,false,false,false,false,false,false,false,false
false,false,false,false,false,false,false,false,false
false,false,false,false,false,false,false,false,false
false,false,false,false,false,false,false,false,false
false,false,false,false,false,false,false,false,false
false,false,false,false,false,false,false,false,false
false,false,false,false,false,false,false,false,false
false,false,false,false,false,false,false,false,false
false,false,false,false,false,false,false,false,false
false,false,false,false,false,false,false,false,false
false,false,false,false,false,false,false,false,false
false,false,false,false,false,false,false,false,false
false,false,false,false,false,false,false,false,false
false,false,false,false,false,false,false,false,false
false,false,false,false,false,false,false,false,false
false,false,false,false,false,false,false,false,false
false,false,false,false,false,false,false,false,false
false,false,false,false,false,false,false,false,false
false,false,false,false,false,false,false,false,false
false,false,false,false,false,false,false,false,false
false,false,false,false,false,false,false,false,false
false,false,false,false,false,false,false,false,false
false,false,false,false,false,false,false,false,false
false,false,false,false,false,false,false,false,false
false,false,false,false,false,false,false,false,false
false,false,false,false,false,false,false,false,false
false,false,false,false,false,false,false,false,false
false,false,false,false,false,false,false,false,false
false,false,false,false,false,false,false,false,false
false,false,false,false,false,false,false,false,false
false,false,false,false,false,false,false,false,false
false,false,false,false,false,false,false,false,false
false,false,false,false,false,false,false,false,false
false,false,false,false,false,false,false,false,false
false,false,false,false,false,false,false,false,false
false,false,false,false,false,false,false,false,false
false,false,false,false,false,false,false,false,false
false,false,false,false,false,false,false,false,false
false,false,false,false,false,false,false,false,false
false,false,false,false,false,false,false,false,false
false,false,false,false,false,false,false,false,false
false,false,false,false,false,false,false,false,false
false,false,false,false,false,false,false,false,false
false,false,false,false,false,false,false,false,false
false,false,false,false,false,false,false,false,false
false,false,false,false,false,false,false,false,false
false,false,false,false,false,false,false,false,false
false,false,false,false,false,false,false,false,false
false,false,false,false,false,false,false,false,false
false,false,false,false,false,false,false,false,false
false,false,false,false,false,false,false,false,false
false,false,false,false,false,false,false,false,false
false,false,false,false,false,false,false,false,false
false,false,false,false,false,false,false,false,false
false,false,false,false,false,false,false,false,false
false,false,false,false,false,false,false,false,false
false,false,false,false,false,false,false,false,false
false,false,false,false,false,false,false,false,false
false,false,false,false,false,false,false,false,false
false,false,false,false,false,false,false,false,false
false,false,false,false,false,false,false,false,false
false,false,false,false,false,false,false,false,false
false,false,false,false,false,false,false,false,false
false,false,false,false,false,false,false,false,false
false,false,false,false,false,false,false,false,false
false,false,false,false,false,false,false,false,false
false,false,false,false,false,false,false,false,false
false,false,false,false,false,false,false,false,false
false,false,false,false,false,false,false,false,false
false,false,false,false,false,false,false,false,false
false,false,false,false,false,false,false,false,false
false,false,false,false,false,false,false,false,false
false,false,false,false,false,false,false,false,false
false,false,false,false,false,false,false,false,false
false,false,false,false,false,false,false,false,false
false,false,false,false,false,false,false,false,false
false,false,false,false,false,false,false,false,false
false,false,false,false,false,false,false,false,false
false,false,false,false,false,false,false,false,false
false,false,false,false,false,false,false,false,false
false,false,false,false,false,false,false,false,false
false,false,false,false,false,false,false,false,false
false,false,false,false,false,false,false,false,false
false,false,false,false,false,false,false,false,false
false,false,false,false,false,false,false,false,false
false,false,false,false,false,false,false,false,false
false,false,false,false,false,false,false,false,false
false,false,false,false,false,false,false,false,false
false,false,false,false,false,false,false,false,false
false,false,false,false,false,false,false,false,false
false,false,false,false,false,false,false,false,false
false,false,false,false,false,false,false,false,false
false,false,false,false,false,false,false,false,false
false,false,false,false,false,false,false,false,false
false,false,false,false,false,false,false,false,false
false,false,false,false,false,false,false,false,false
false,false,false,false,false,false,false,false,false
false,false,false,false,false,false,false,false,false
false,false,false,false,false,false,false,false,false
false,false,false,false,false,false,false,false,false
false,false,false,false,false,false,false,false,false
false,false,false,false,false,false,false,false,false
false,false,false,false,false,false,false,false,false
false,false,false,false,false,false,false,false,false
false,false,false,false,false,false,false,false,false
false,false,false,false,false,false,false,false,false
false,false,false,false,false,false,false,false,false
false,false,false,false,false,false,false,false,false
false,false,false,false,false,false,false,false,false
false,false,false,false,false,false,false,false,false
false,false,false,false,false,false,false,false,false
false,false,false,false,false,false,false,false,false
false,false,false,false,false,false,false,false,false
false,false,false,false,false,false,false,false,false
false,false,false,false,false,false,false,false,false
false,false,false,false,false,false,false,false,false
false,false,false,false,false,false,false,false,false
false,false,false,false,false,false,false,false,false
false,false,false,false,false,false,false,false,false
false,false,false,false,false,false,false,false,false
false,false,false,false,false,false,false,false,false
false,false,false,false,false,false,false,false,false
false,false,false,false,false,false,false,false,false
false,false,false,false,false,false,false,false,false
false,false,false,false,false,false,false,false,false
false,false,false,false,false,false,false,false,false
false,false,false,false,false,false,false,false,false
false,false,false,false,false,false,false,false,false
false,false,false,false,false,false,false,false,false
false,false,false,false,false,false,false,false,false
false,false,false,false,false,false,false,false,false
false,false,false,false,false,false,false,false,false
false,false,false,false,false,false,false,false,false
false,false,false,false,false,false,false,false,false
false,false,false,false,false,false,false,false,false
false,false,false,false,false,false,false,false,false
false,false,false,false,false,false,false,false,false
false,false,false,false,false,false,false,false,false
false,false,false,false,false,false,false,false,false
false,false,false,false,false,false,false,false,false
false,false,false,false,false,false,false,false,false
false,false,false,false,false,false,false,false,false
false,false,false,false,false,false,false,false,false
false,false,false,false,false,false,false,false,false
false,false,false,false,false,false,false,false,false
false,false,false,false,false,false,false,false,false
false,false,false,false,false,false,false,false,false
false,false,false,false,false,false,false,false,false
false,false,false,false,false,false,false,false,false
false,false,false,false,false,false,false,false,false
false,false,false,false,false,false,false,false,false
false,false,false,false,false,false,false,false,false
false,false,false,false,false,false,false,false,false
false,false,false,false,false,false,false,false,false
false,false,false,false,false,false,false,false,false
false,false,false,false,false,false,false,false,false
false,false,false,false,false,false,false,false,false
false,false,false,false,false,false,false,false,false
false,false,false,false,false,false,false,false,false
false,false,false,false,false,false,false,false,false
false,false,false,false,false,false,false,false,false
false,false,false,false,false,false,false,false,false
false,false,false,false,false,false,false,false,false
false,false,false,false,false,false,false,false,false
false,false,false,false,false,false,false,false,false
false,false,false,false,false,false,false,false,false
false,false,false,false,false,false,false,false,false
false,false,false,false,false,false,false,false,false
false,false,false,false,false,false,false,false,false
false,false,false,false,false,false,false,false,false
false,false,false,false,false,false,false,false,false
false,false,false,false,false,false,false,false,false
false,false,false,false,false,false,false,false,false
false,false,false,false,false,false,false,false,false
false,false,false,false,false,false,false,false,false
false,false,false,false,false,false,false,false,false
false,false,false,false,false,false,false,false,false
false,false,false,false,false,false,false,false,false
false,false,false,false,false,false,false,false,false
false,false,false,false,false,false,false,false,false
false,false,false,false,false,false,false,false,false
false,false,false,false,false,false,false,false,false
false,false,false,false,false,false,false,false,false
false,false,false,false,false,false,false,false,false
false,false,false,false,false,false,false,false,false
false,false,false,false,false,false,false,false,false
false,false,false,false,false,false,false,false,false
false,false,false,false,false,false,false,false,false
false,false,false,false,false,false,false,false,false
false,false,false,false,false,false,false,false,false
false,false,false,false,false,false,false,false,false
false,false,false,false,false,false,false,false,false
false,false,false,false,false,false,false,false,false
false,false,false,false,false,false,false,false,false
false,false,false,false,false,false,false,false,false
false,false,false,false,false,false,false,false,false
false,false,false,false,false,false,false,false,false
false,false,false,false,false,false,false,false,false
false,false,false,false,false,false,false,false,false
false,false,false,false,false,false,false,false,false
false,false,false,false,false,false,false,false,false
false,false,false,false,false,false,false,false,false
false,false,false,false,false,false,false,false,false
false,false,false,false,false,false,false,false,false
false,false,false,false,false,false,false,false,false
false,false,false,false,false,false,false,false,false
false,false,false,false,false,false,false,false,false
false,false,false,false,false,false,false,false,false
false,false,false,false,false,false,false,false,false
false,false,false,false,false,false,false,false,false
false,false,false,false,false,false,false,false,false
false,false,false,false,false,false,false,false,false
false,false,false,false,false,false,false,false,false
false,false,false,false,false,false,false,false,false
false,false,false,false,false,false,false,false,false
false,false,false,false,false,false,false,false,false
false,false,false,false,false,false,false,false,false
false,false,false,false,false,false,false,false,false
false,false,false,false,false,false,false,false,false
false,false,false,false,false,false,false,false,false
false,false,false,false,false,false,false,false,false
false,false,false,false,false,false,false,false,false
false,false,false,false,false,false,false,false,false
false,false,false,false,false,false,false,false,false
false,false,false,false,false,false,false,false,false
false,false,false,false,false,false,false,false,false
false,false,false,false,false,false,false,false,false
false,false,false,false,false,false,false,false,false
false,false,false,false,false,false,false,false,false
false,false,false,false,false,false,false,false,false
false,false,false,false,false,false,false,false,false
false,false,false,false,false,false,false,false,false
false,false,false,false,false,false,false,false,false
false,false,false,false,false,false,false,false,false
false,false,false,false,false,false,false,false,false
false,false,false,false,false,false,false,false,false
false,false,false,false,false,false,false,false,false
false,false,false,false,false,false,false,false,false
false,false,false,false,false,false,false,false,false
false,false,false,false,false,false,false,false,false
false,false,false,false,false,false,false,false,false
false,false,false,false,false,false,false,false,false
false,false,false,false,false,false,false,false,false
false,false,false,false,false,false,false,false,false
false,false,false,false,false,false,false,false,false
false,false,false,false,false,false,false,false,false
false,false,false,false,false,false,false,false,false
false,false,false,false,false,false,false,false,false
false,false,false,false,false,false,false,false,false
false,false,false,false,false,false,false,false,false
false,false,false,false,false,false,false,false,false
false,false,false,false,false,false,false,false,false
false,false,false,false,false,false,false,false,false
false,false,false,false,false,false,false,false,false
false,false,false,false,false,false,false,false,false
false,false,false,false,false,false,false,false,false
false,false,false,false,false,false,false,false,false
false,false,false,false,false,false,false,false,false
false,false,false,false,false,false,false,false,false
false,false,false,false,false,false,false,false,false
false,false,false,false,false,false,false,false,false
false,false,false,false,false,false,false,false,false
false,false,false,false,false,false,false,false,false
false,false,false,false,false,false,false,false,false
false,false,false,false,false,false,false,false,false
false,false,false,false,false,false,false,false,false
false,false,false,false,false,false,false,false,false
false,false,false,false,false,false,false,false,false
false,false,false,false,false,false,false,false,false
false,false,false,false,false,false,false,false,false
false,false,false,false,false,false,false,false,false
false,false,false,false,false,false,false,false,false
false,false,false,false,false,false,false,false,false
false,false,false,false,false,false,false,false,false
false,false,false,false,false,false,false,false,false
false,false,false,false,false,false,false,false,false
false,false,false,false,false,false,false,false,false
false,false,false,false,false,false,false,false,false
false,false,false,false,false,false,false,false,false
false,false,false,false,false,false,false,false,false
false,false,false,false,false,false,false,false,false
false,false,false,false,false,false,false,false,false
false,false,false,false,false,false,false,false,false
false,false,false,false,false,false,false,false,false
false,false,false,false,false,false,false,false,false
false,false,false,false,false,false,false,false,false
false,false,false,false,false,false,false,false,false
false,false,false,false,false,false,false,false,false
false,false,false,false,false,false,false,false,false
false,false,false,false,false,false,false,false,false
false,false,false,false,false,false,false,false,false
false,false,false,false,false,false,false,false,false
false,false,false,false,false,false,false,false,false
false,false,false,false,false,false,false,false,false
false,false,false,false,false,false,false,false,false
false,false,false,false,false,false,false,false,false
false,false,false,false,false,false,false,false,false
false,false,false,false,false,false,false,false,false
false,false,false,false,false,false,false,false,false
false,false,false,false,false,false,false,false,false
false,false,false,false,false,false,false,false,false
false,false,false,false,false,false,false,false,false
false,false,false,false,false,false,false,false,false
false,false,false,false,false,false,false,false,false
false,false,false,false,false,false,false,false,false
false,false,false,false,false,false,false,false,false
false,false,false,false,false,false,false,false,false
false,false,false,false,false,false,false,false,false
false,false,false,false,false,false,false,false,false
false,false,false,false,false,false,false,false,false
false,false,false,false,false,false,false,false,false
false,false,false,false,false,false,false,false,false
false,false,false,false,false,false,false,false,false
false,false,false,false,false,false,false,false,false
false,false,false,false,false,false,false,false,false
false,false,false,false,false,false,false,false,false
false,false,false,false,false,false,false,false,false
false,false,false,false,false,false,false,false,false
false,false,false,false,false,false,false,false,false
false,false,false,false,false,false,false,false,false
false,false,false,false,false,false,false,false,false
false,false,false,false,false,false,false,false,false
false,false,false,false,false,false,false,false,false
false,false,false,false,false,false,false,false,false
false,false,false,false,false,false,false,false,false
false,false,false,false,false,false,false,false,false
false,false,false,false,false,false,false,false,false
false,false,false,false,false,false,false,false,false
false,false,false,false,false,false,false,false,false
false,false,false,false,false,false,false,false,false
false,false,false,false,false,false,false,false,false
false,false,false,false,false,false,false,false,false
false,false,false,false,false,false,false,false,false
false,false,false,false,false,false,false,false,false
false,false,false,false,false,false,false,false,false
false,false,false,false,false,false,false,false,false
false,false,false,false,false,false,false,false,false
false,false,false,false,false,false,false,false,false
false,false,false,false,false,false,false,false,false
false,false,false,false,false,false,false,false,false
false,false,false,false,false,false,false,false,false
false,false,false,false,false,false,false,false,false
false,false,false,false,false,false,false,false,false
false,false,false,false,false,false,false,false,false
false,false,false,false,false,false,false,false,false
false,false,false,false,false,false,false,false,false
false,false,false,false,false,false,false,false,false
false,false,false,false,false,false,false,false,false
false,false,false,false,false,false,false,false,false
false,false,false,false,false,false,false,false,false
false,false,false,false,false,false,false,false,false
false,false,false,false,false,false,false,false,false
false,false,false,false,false,false,false,false,false
false,false,false,false,false,false,false,false,false
false,false,false,false,false,false,false,false,false
false,false,false,false,false,false,false,false,false
false,false,false,false,false,false,false,false,false
false,false,false,false,false,false,false,false,false
false,false,false,false,false,false,false,false,false
false,false,false,false,false,false,false,false,false
false,false,false,false,false,false,false,false,false
false,false,false,false,false,false,false,false,false
false,false,false,false,false,false,false,false,false
false,false,false,false,false,false,false,false,false
false,false,false,false,false,false,false,false,false
false,false,false,false,false,false,false,false,false
false,false,false,false,false,false,false,false,false
false,false,false,false,false,false,false,false,false
false,false,false,false,false,false,false,false,false
false,false,false,false,false,false,false,false,false
false,false,false,false,false,false,false,false,false
false,false,false,false,false,false,false,false,false
false,false,false,false,false,false,false,false,false
false,false,false,false,false,false,false,false,false
false,false,false,false,false,false,false,false,false
false,false,false,false,false,false,false,false,false
false,false,false,false,false,false,false,false,false
false,false,false,false,false,false,false,false,false
false,false,false,false,false,false,false,false,false
false,false,false,false,false,false,false,false,false
false,false,false,false,false,false,false,false,false
false,false,false,false,false,false,false,false,false
false,false,false,false,false,false,false,false,false
false,false,false,false,false,false,false,false,false
false,false,false,false,false,false,false,false,false
false,false,false,false,false,false,false,false,false
false,false,false,false,false,false,false,false,false
false,false,false,false,false,false,false,false,false
false,false,false,false,false,false,false,false,false
false,false,false,false,false,false,false,false,false
false,false,false,false,false,false,false,false,false
false,false,false,false,false,false,false,false,false
false,false,false,false,false,false,false,false,false
false,false,false,false,false,false,false,false,false
false,false,false,false,false,false,false,false,false
false,false,false,false,false,false,false,false,false
false,false,false,false,false,false,false,false,false
false,false,false,false,false,false,false,false,false
false,false,false,false,false,false,false,false,false
false,false,false,false,false,false,false,false,false
false,false,false,false,false,false,false,false,false
false,false,false,false,false,false,false,false,false
false,false,false,false,false,false,false,false,false
false,false,false,false,false,false,false,false,false
false,false,false,false,false,false,false,false,false
false,false,false,false,false,false,false,false,false
false,false,false,false,false,false,false,false,false
false,false,false,false,false,false,false,false,false
false,false,false,false,false,false,false,false,false
false,false,false,false,false,false,false,false,false
false,false,false,false,false,false,false,false,false
false,false,false,false,false,false,false,false,false
false,false,false,false,false,false,false,false,false
false,false,false,false,false,false,false,false,false
false,false,false,false,false,false,false,false,false
false,false,false,false,false,false,false,false,false
false,false,false,false,false,false,false,false,false
false,false,false,false,false,false,false,false,false
false,false,false,false,false,false,false,false,false
false,false,false,false,false,false,false,false,false
false,false,false,false,false,false,false,false,false
false,false,false,false,false,false,false,false,false
false,false,false,false,false,false,false,false,false
false,false,false,false,false,false,false,false,false
false,false,false,false,false,false,false,false,false
false,false,false,false,false,false,false,false,false
false,false,false,false,false,false,false,false,false
false,false,false,false,false,false,false,false,false
false,false,false,false,false,false,false,false,false
false,false,false,false,false,false,false,false,false
false,false,false,false,false,false,false,false,false
false,false,false,false,false,false,false,false,false
false,false,false,false,false,false,false,false,false
false,false,false,false,false,false,false,false,false
false,false,false,false,false,false,false,false,false
false,false,false,false,false,false,false,false,false
false,false,false,false,false,false,false,false,false
false,false,false,false,false,false,false,false,false
false,false,false,false,false,false,false,false,false
false,false,false,false,false,false,false,false,false
false,false,false,false,false,false,false,false,false
false,false,false,false,false,false,false,false,false
false,false,false,false,false,false,false,false,false
false,false,false,false,false,false,false,false,false
false,false,false,false,false,false,false,false,false
false,false,false,false,false,false,false,false,false
false,false,false,false,false,false,false,false,false
false,false,false,false,false,false,false,false,false
false,false,false,false,false,false,false,false,false
false,false,false,false,false,false,false,false,false
false,false,false,false,false,false,false,false,false
false,false,false,false,false,false,false,false,false
false,false,false,false,false,false,false,false,false
false,false,false,false,false,false,false,false,false
false,false,false,false,false,false,false,false,false
false,false,false,false,false,false,false,false,false
false,false,false,false,false,false,false,false,false
false,false,false,false,false,false,false,false,false
false,false,false,false,false,false,false,false,false
false,false,false,false,false,false,false,false,false
false,false,false,false,false,false,false,false,false
false,false,false,false,false,false,false,false,false
false,false,false,false,false,false,false,false,false
false,false,false,false,false,false,false,false,false
false,false,false,false,false,false,false,false,false
false,false,false,false,false,false,false,false,false
false,false,false,false,false,false,false,false,false
false,false,false,false,false,false,false,false,false
false,false,false,false,false,false,false,false,false
false,false,false,false,false,false,false,false,false
false,false,false,false,false,false,false,false,false
false,false,false,false,false,false,false,false,false
false,false,false,false,false,false,false,false,false
false,false,false,false,false,false,false,false,false
false,false,false,false,false,false,false,false,false
false,false,false,false,false,false,false,false,false
false,false,false,false,false,false,false,false,false
false,false,false,false,false,false,false,false,false
false,false,false,false,false,false,false,false,false
false,false,false,false,false,false,false,false,false
false,false,false,false,false,false,false,false,false
false,false,false,false,false,false,false,false,false
false,false,false,false,false,false,false,false,false
false,false,false,false,false,false,false,false,false
false,false,false,false,false,false,false,false,false
false,false,false,false,false,false,false,false,false
false,false,false,false,false,false,false,false,false
false,false,false,false,false,false,false,false,false
false,false,false,false,false,false,false,false,false
false,false,false,false,false,false,false,false,false
false,false,false,false,false,false,false,false,false
false,false,false,false,false,false,false,false,false
false,false,false,false,false,false,false,false,false
false,false,false,false,false,false,false,false,false
false,false,false,false,false,false,false,false,false
false,false,false,false,false,false,false,false,false
false,false,false,false,false,false,false,false,false
false,false,false,false,false,false,false,false,false
false,false,false,false,false,false,false,false,false
false,false,false,false,false,false,false,false,false
false,false,false,false,false,false,false,false,false
false,false,false,false,false,false,false,false,false
false,false,false,false,false,false,false,false,false
false,false,false,false,false,false,false,false,false
false,false,false,false,false,false,false,false,false
false,false,false,false,false,false,false,false,false
false,false,false,false,false,false,false,false,false
false,false,false,false,false,false,false,false,false
false,false,false,false,false,false,false,false,false
false,false,false,false,false,false,false,false,false
false,false,false,false,false,false,false,false,false
false,false,false,false,false,false,false,false,false
false,false,false,false,false,false,false,false,false
false,false,false,false,false,false,false,false,false
false,false,false,false,false,false,false,false,false
false,false,false,false,false,false,false,false,false
false,false,false,false,false,false,false,false,false
false,false,false,false,false,false,false,false,false
false,false,false,false,false,false,false,false,false
false,false,false,false,false,false,false,false,false
false,false,false,false,false,false,false,false,false
false,false,false,false,false,false,false,false,false
false,false,false,false,false,false,false,false,false
false,false,false,false,false,false,false,false,false
false,false,false,false,false,false,false,false,false
false,false,false,false,false,false,false,false,false
false,false,false,false,false,false,false,false,false
false,false,false,false,false,false,false,false,false
false,false,false,false,false,false,false,false,false
false,false,false,false,false,false,false,false,false
false,false,false,false,false,false,false,false,false
false,false,false,false,false,false,false,false,false
false,false,false,false,false,false,false,false,false
false,false,false,false,false,false,false,false,false
false,false,false,false,false,false,false,false,false
false,false,false,false,false,false,false,false,false
false,false,false,false,false,false,false,false,false
false,false,false,false,false,false,false,false,false
false,false,false,false,false,false,false,false,false
false,false,false,false,false,false,false,false,false
false,false,false,false,false,false,false,false,false
false,false,false,false,false,false,false,false,false
false,false,false,false,false,false,false,false,false
false,false,false,false,false,false,false,false,false
false,false,false,false,false,false,false,false,false
false,false,false,false,false,false,false,false,false
false,false,false,false,false,false,false,false,false
false,false,false,false,false,false,false,false,false
false,false,false,false,false,false,false,false,false
false,false,false,false,false,false,false,false,false
false,false,false,false,false,false,false,false,false
false,false,false,false,false,false,false,false,false
false,false,false,false,false,false,false,false,false
false,false,false,false,false,false,false,false,false
false,false,false,false,false,false,false,false,false
false,false,false,false,false,false,false,false,false
false,false,false,false,false,false,false,false,false
false,false,false,false,false,false,false,false,false
false,false,false,false,false,false,false,false,false
false,false,false,false,false,false,false,false,false
false,false,false,false,false,false,false,false,false
false,false,false,false,false,false,false,false,false
false,false,false,false,false,false,false,false,false
false,false,false,false,false,false,false,false,false
false,false,false,false,false,false,false,false,false
false,false,false,false,false,false,false,false,false
false,false,false,false,false,false,false,false,false
false,false,false,false,false,false,false,false,false
false,false,false,false,false,false,false,false,false
false,false,false,false,false,false,false,false,false
false,false,false,false,false,false,false,false,false
false,false,false,false,false,false,false,false,false
false,false,false,false,false,false,false,false,false
false,false,false,false,false,false,false,false,false
false,false,false,false,false,false,false,false,false
false,false,false,false,false,false,false,false,false
false,false,false,false,false,false,false,false,false
false,false,false,false,false,false,false,false,false
false,false,false,false,false,false,false,false,false
false,false,false,false,false,false,false,false,false
false,false,false,false,false,false,false,false,false
false,false,false,false,false,false,false,false,false
false,false,false,false,false,false,false,false,false
false,false,false,false,false,false,false,false,false
false,false,false,false,false,false,false,false,false
false,false,false,false,false,false,false,false,false
false,false,false,false,false,false,false,false,false
false,false,false,false,false,false,false,false,false
false,false,false,false,false,false,false,false,false
false,false,false,false,false,false,false,false,false
false,false,false,false,false,false,false,false,false
false,false,false,false,false,false,false,false,false
false,false,false,false,false,false,false,false,false
false,false,false,false,false,false,false,false,false
false,false,false,false,false,false,false,false,false
false,false,false,false,false,false,false,false,false
false,false,false,false,false,false,false,false,false
false,false,false,false,false,false,false,false,false
false,false,false,false,false,false,false,false,false
false,false,false,false,false,false,false,false,false
false,false,false,false,false,false,false,false,false
false,false,false,false,false,false,false,false,false
false,false,false,false,false,false,false,false,false
false,false,false,false,false,false,false,false,false
false,false,false,false,false,false,false,false,false
false,false,false,false,false,false,false,false,false
false,false,false,false,false,false,false,false,false
false,false,false,false,false,false,false,false,false
false,false,false,false,false,false,false,false,false
false,false,false,false,false,false,false,false,false
false,false,false,false,false,false,false,false,false
false,false,false,false,false,false,false,false,false
false,false,false,false,false,false,false,false,false
false,false,false,false,false,false,false,false,false
false,false,false,false,false,false,false,false,false
false,false,false,false,false,false,false,false,false
false,false,false,false,false,false,false,false,false
false,false,false,false,false,false,false,false,false
false,false,false,false,false,false,false,false,false
false,false,false,false,false,false,false,false,false
false,false,false,false,false,false,false,false,false
false,false,false,false,false,false,false,false,false
false,false,false,false,false,false,false,false,false
false,false,false,false,false,false,false,false,false
false,false,false,false,false,false,false,false,false
false,false,false,false,false,false,false,false,false
false,false,false,false,false,false,false,false,false
false,false,false,false,false,false,false,false,false
false,false,false,false,false,false,false,false,false
false,false,false,false,false,false,false,false,false
false,false,false,false,false,false,false,false,false
false,false,false,false,false,false,false,false,false
false,false,false,false,false,false,false,false,false
false,false,false,false,false,false,false,false,false
false,false,false,false,false,false,false,false,false
false,false,false,false,false,false,false,false,false
false,false,false,false,false,false,false,false,false
false,false,false,false,false,false,false,false,false
false,false,false,false,false,false,false,false,false
false,false,false,false,false,false,false,false,false
false,false,false,false,false,false,false,false,false
false,false,false,false,false,false,false,false,false
false,false,false,false,false,false,false,false,false
false,false,false,false,false,false,false,false,false
false,false,false,false,false,false,false,false,false
false,false,false,false,false,false,false,false,false
false,false,false,false,false,false,false,false,false
false,false,false,false,false,false,false,false,false
false,false,false,false,false,false,false,false,false
false,false,false,false,false,false,false,false,false
false,false,false,false,false,false,false,false,false
false,false,false,false,false,false,false,false,false
false,false,false,false,false,false,false,false,false
false,false,false,false,false,false,false,false,false
false,false,false,false,false,false,false,false,false
false,false,false,false,false,false,false,false,false
false,false,false,false,false,false,false,false,false
false,false,false,false,false,false,false,false,false
false,false,false,false,false,false,false,false,false
false,false,false,false,false,false,false,false,false
false,false,false,false,false,false,false,false,false
false,false,false,false,false,false,false,false,false
false,false,false,false,false,false,false,false,false
false,false,false,false,false,false,false,false,false
false,false,false,false,false,false,false,false,false
false,false,false,false,false,false,false,false,false
false,false,false,false,false,false,false,false,false
false,false,false,false,false,false,false,false,false
false,false,false,false,false,false,false,false,false
false,false,false,false,false,false,false,false,false
false,false,false,false,false,false,false,false,false
false,false,false,false,false,false,false,false,false
false,false,false,false,false,false,false,false,false
false,false,false,false,false,false,false,false,false
false,false,false,false,false,false,false,false,false
false,false,false,false,false,false,false,false,false
false,false,false,false,false,false,false,false,false
false,false,false,false,false,false,false,false,false
false,false,false,false,false,false,false,false,false
false,false,false,false,false,false,false,false,false
false,false,false,false,false,false,false,false,false
false,false,false,false,false,false,false,false,false
false,false,false,false,false,false,false,false,false
false,false,false,false,false,false,false,false,false
false,false,false,false,false,false,false,false,false
false,false,false,false,false,false,false,false,false
false,false,false,false,false,false,false,false,false
false,false,false,false,false,false,false,false,false
false,false,false,false,false,false,false,false,false
false,false,false,false,false,false,false,false,false
false,false,false,false,false,false,false,false,false
false,false,false,false,false,false,false,false,false
false,false,false,false,false,false,false,false,false
false,false,false,false,false,false,false,false,false
false,false,false,false,false,false,false,false,false
false,false,false,false,false,false,false,false,false
false,false,false,false,false,false,false,false,false
false,false,false,false,false,false,false,false,false
false,false,false,false,false,false,false,false,false
false,false,false,false,false,false,false,false,false
false,false,false,false,false,false,false,false,false
false,false,false,false,false,false,false,false,false
false,false,false,false,false,false,false,false,false
false,false,false,false,false,false,false,false,false
false,false,false,false,false,false,false,false,false
false,false,false,false,false,false,false,false,false
false,false,false,false,false,false,false,false,false
false,false,false,false,false,false,false,false,false
false,false,false,false,false,false,false,false,false
false,false,false,false,false,false,false,false,false
false,false,false,false,false,false,false,false,false
false,false,false,false,false,false,false,false,false
false,false,false,false,false,false,false,false,false
false,false,false,false,false,false,false,false,false
false,false,false,false,false,false,false,false,false
false,false,false,false,false,false,false,false,false
false,false,false,false,false,false,false,false,false
false,false,false,false,false,false,false,false,false
false,false,false,false,false,false,false,false,false
false,false,false,false,false,false,false,false,false
false,false,false,false,false,false,false,false,false
false,false,false,false,false,false,false,false,false
false,false,false,false,false,false,false,false,false
false,false,false,false,false,false,false,false,false
false,false,false,false,false,false,false,false,false
false,false,false,false,false,false,false,false,false
false,false,false,false,false,false,false,false,false
false,false,false,false,false,false,false,false,false
false,false,false,false,false,false,false,false,false
false,false,false,false,false,false,false,false,false
false,false,false,false,false,false,false,false,false
false,false,false,false,false,false,false,false,false
false,false,false,false,false,false,false,false,false
false,false,false,false,false,false,false,false,false
false,false,false,false,false,false,false,false,false
false,false,false,false,false,false,false,false,false
false,false,false,false,false,false,false,false,false
false,false,false,false,false,false,false,false,false
false,false,false,false,false,false,false,false,false
false,false,false,false,false,false,false,false,false
false,false,false,false,false,false,false,false,false
false,false,false,false,false,false,false,false,false
false,false,false,false,false,false,false,false,false
false,false,false,false,false,false,false,false,false
false,false,false,false,false,false,false,false,false
false,false,false,false,false,false,false,false,false
false,false,false,false,false,false,false,false,false
false,false,false,false,false,false,false,false,false
false,false,false,false,false,false,false,false,false
false,false,false,false,false,false,false,false,false
false,false,false,false,false,false,false,false,false
false,false,false,false,false,false,false,false,false
false,false,false,false,false,false,false,false,false
false,false,false,false,false,false,false,false,false
false,false,false,false,false,false,false,false,false
false,false,false,false,false,false,false,false,false
false,false,false,false,false,false,false,false,false
false,false,false,false,false,false,false,false,false
false,false,false,false,false,false,false,false,false
false,false,false,false,false,false,false,false,false
false,false,false,false,false,false,false,false,false
false,false,false,false,false,false,false,false,false
false,false,false,false,false,false,false,false,false
false,false,false,false,false,false,false,false,false
false,false,false,false,false,false,false,false,false
false,false,false,false,false,false,false,false,false
false,false,false,false,false,false,false,false,false
false,false,false,false,false,false,false,false,false
false,false,false,false,false,false,false,false,false
false,false,false,false,false,false,false,false,false
false,false,false,false,false,false,false,false,false
false,false,false,false,false,false,false,false,false
false,false,false,false,false,false,false,false,false
false,false,false,false,false,false,false,false,false
false,false,false,false,false,false,false,false,false
false,false,false,false,false,false,false,false,false
false,false,false,false,false,false,false,false,false
false,false,false,false,false,false,false,false,false
false,false,false,false,false,false,false,false,false
false,false,false,false,false,false,false,false,false
false,false,false,false,false,false,false,false,false
false,false,false,false,false,false,false,false,false
false,false,false,false,false,false,false,false,false
false,false,false,false,false,false,false,false,false
false,false,false,false,false,false,false,false,false
false,false,false,false,false,false,false,false,false
false,false,false,false,false,false,false,false,false
false,false,false,false,false,false,false,false,false
false,false,false,false,false,false,false,false,false
false,false,false,false,false,false,false,false,false
false,false,false,false,false,false,false,false,false
false,false,false,false,false,false,false,false,false
false,false,false,false,false,false,false,false,false
false,false,false,false,false,false,false,false,false
false,false,false,false,false,false,false,false,false
false,false,false,false,false,false,false,false,false
false,false,false,false,false,false,false,false,false
false,false,false,false,false,false,false,false,false
false,false,false,false,false,false,false,false,false
false,false,false,false,false,false,false,false,false
false,false,false,false,false,false,false,false,false
false,false,false,false,false,false,false,false,false
false,false,false,false,false,false,false,false,false
false,false,false,false,false,false,false,false,false
false,false,false,false,false,false,false,false,false
false,false,false,false,false,false,false,false,false
false,false,false,false,false,false,false,false,false
false,false,false,false,false,false,false,false,false
false,false,false,false,false,false,false,false,false
false,false,false,false,false,false,false,false,false
false,false,false,false,false,false,false,false,false
false,false,false,false,false,false,false,false,false
false,false,false,false,false,false,false,false,false
false,false,false,false,false,false,false,false,false
false,false,false,false,false,false,false,false,false
false,false,false,false,false,false,false,false,false
false,false,false,false,false,false,false,false,false
false,false,false,false,false,false,false,false,false
false,false,false,false,false,false,false,false,false
false,false,false,false,false,false,false,false,false
false,false,false,false,false,false,false,false,false
false,false,false,false,false,false,false,false,false
false,false,false,false,false,false,false,false,false
false,false,false,false,false,false,false,false,false
false,false,false,false,false,false,false,false,false
false,false,false,false,false,false,false,false,false
false,false,false,false,false,false,false,false,false
false,false,false,false,false,false,false,false,false
false,false,false,false,false,false,false,false,false
false,false,false,false,false,false,false,false,false
false,false,false,false,false,false,false,false,false
false,false,false,false,false,false,false,false,false
false,false,false,false,false,false,false,false,false
false,false,false,false,false,false,false,false,false
false,false,false,false,false,false,false,false,false
false,false,false,false,false,false,false,false,false
false,false,false,false,false,false,false,false,false
false,false,false,false,false,false,false,false,false
false,false,false,false,false,false,false,false,false
false,false,false,false,false,false,false,false,false
false,false,false,false,false,false,false,false,false
false,false,false,false,false,false,false,false,false
false,false,false,false,false,false,false,false,false
false,false,false,false,false,false,false,false,false
false,false,false,false,false,false,false,false,false
false,false,false,false,false,false,false,false,false
false,false,false,false,false,false,false,false,false
false,false,false,false,false,false,false,false,false
false,false,false,false,false,false,false,false,false
false,false,false,false,false,false,false,false,false
false,false,false,false,false,false,false,false,false
false,false,false,false,false,false,false,false,false
false,false,false,false,false,false,false,false,false
false,false,false,false,false,false,false,false,false
false,false,false,false,false,false,false,false,false
false,false,false,false,false,false,false,false,false
false,false,false,false,false,false,false,false,false
false,false,false,false,false,false,false,false,false
false,false,false,false,false,false,false,false,false
false,false,false,false,false,false,false,false,false
false,false,false,false,false,false,false,false,false
false,false,false,false,false,false,false,false,false
false,false,false,false,false,false,false,false,false
false,false,false,false,false,false,false,false,false
false,false,false,false,false,false,false,false,false
false,false,false,false,false,false,false,false,false
false,false,false,false,false,false,false,false,false
false,false,false,false,false,false,false,false,false
false,false,false,false,false,false,false,false,false
false,false,false,false,false,false,false,false,false
false,false,false,false,false,false,false,false,false
false,false,false,false,false,false,false,false,false
false,false,false,false,false,false,false,false,false
false,false,false,false,false,false,false,false,false
false,false,false,false,false,false,false,false,false
false,false,false,false,false,false,false,false,false
false,false,false,false,false,false,false,false,false
false,false,false,false,false,false,false,false,false
false,false,false,false,false,false,false,false,false
false,false,false,false,false,false,false,false,false
false,false,false,false,false,false,false,false,false
false,false,false,false,false,false,false,false,false
false,false,false,false,false,false,false,false,false
false,false,false,false,false,false,false,false,false
false,false,false,false,false,false,false,false,false
false,false,false,false,false,false,false,false,false
false,false,false,false,false,false,false,false,false
false,false,false,false,false,false,false,false,false
false,false,false,false,false,false,false,false,false
false,false,false,false,false,false,false,false,false
false,false,false,false,false,false,false,false,false
false,false,false,false,false,false,false,false,false
false,false,false,false,false,false,false,false,false
false,false,false,false,false,false,false,false,false
false,false,false,false,false,false,false,false,false
false,false,false,false,false,false,false,false,false
false,false,false,false,false,false,false,false,false
false,false,false,false,false,false,false,false,false
false,false,false,false,false,false,false,false,false
false,false,false,false,false,false,false,false,false
false,false,false,false,false,false,false,false,false
false,false,false,false,false,false,false,false,false
false,false,false,false,false,false,false,false,false
false,false,false,false,false,false,false,false,false
false,false,false,false,false,false,false,false,false
false,false,false,false,false,false,false,false,false
false,false,false,false,false,false,false,false,false
false,false,false,false,false,false,false,false,false
false,false,false,false,false,false,false,false,false
false,false,false,false,false,false,false,false,false
false,false,false,false,false,false,false,false,false
false,false,false,false,false,false,false,false,false
false,false,false,false,false,false,false,false,false
false,false,false,false,false,false,false,false,false
false,false,false,false,false,false,false,false,false
false,false,false,false,false,false,false,false,false
false,false,false,false,false,false,false,false,false
false,false,false,false,false,false,false,false,false
false,false,false,false,false,false,false,false,false
false,false,false,false,false,false,false,false,false
false,false,false,false,false,false,false,false,false
false,false,false,false,false,false,false,false,false
false,false,false,false,false,false,false,false,false
false,false,false,false,false,false,false,false,false
false,false,false,false,false,false,false,false,false
false,false,false,false,false,false,false,false,false
false,false,false,false,false,false,false,false,false
false,false,false,false,false,false,false,false,false
false,false,false,false,false,false,false,false,false
false,false,false,false,false,false,false,false,false
false,false,false,false,false,false,false,false,false
false,false,false,false,false,false,false,false,false
false,false,false,false,false,false,false,false,false
false,false,false,false,false,false,false,false,false
false,false,false,false,false,false,false,false,false
false,false,false,false,false,false,false,false,false
false,false,false,false,false,false,false,false,false
false,false,false,false,false,false,false,false,false
false,false,false,false,false,false,false,false,false
false,false,false,false,false,false,false,false,false
false,false,false,false,false,false,false,false,false
false,false,false,false,false,false,false,false,false
false,false,false,false,false,false,false,false,false
false,false,false,false,false,false,false,false,false
false,false,false,false,false,false,false,false,false
false,false,false,false,false,false,false,false,false
false,false,false,false,false,false,false,false,false
false,false,false,false,false,false,false,false,false
false,false,false,false,false,false,false,false,false
false,false,false,false,false,false,false,false,false
false,false,false,false,false,false,false,false,false
false,false,false,false,false,false,false,false,false
false,false,false,false,false,false,false,false,false
false,false,false,false,false,false,false,false,false
false,false,false,false,false,false,false,false,false
false,false,false,false,false,false,false,false,false
false,false,false,false,false,false,false,false,false
false,false,false,false,false,false,false,false,false
false,false,false,false,false,false,false,false,false
false,false,false,false,false,false,false,false,false
false,false,false,false,false,false,false,false,false
false,false,false,false,false,false,false,false,false
false,false,false,false,false,false,false,false,false
false,false,false,false,false,false,false,false,false
false,false,false,false,false,false,false,false,false
false,false,false,false,false,false,false,false,false
false,false,false,false,false,false,false,false,false
false,false,false,false,false,false,false,false,false
false,false,false,false,false,false,false,false,false
false,false,false,false,false,false,false,false,false
false,false,false,false,false,false,false,false,false
false,false,false,false,false,false,false,false,false
false,false,false,false,false,false,false,false,false
false,false,false,false,false,false,false,false,false
false,false,false,false,false,false,false,false,false
false,false,false,false,false,false,false,false,false
false,false,false,false,false,false,false,false,false
false,false,false,false,false,false,false,false,false
false,false,false,false,false,false,false,false,false
false,false,false,false,false,false,false,false,false
false,false,false,false,false,false,false,false,false
false,false,false,false,false,false,false,false,false
false,false,false,false,false,false,false,false,false
false,false,false,false,false,false,false,false,false
false,false,false,false,false,false,false,false,false
false,false,false,false,false,false,false,false,false
false,false,false,false,false,false,false,false,false
false,false,false,false,false,false,false,false,false
false,false,false,false,false,false,false,false,false
false,false,false,false,false,false,false,false,false
false,false,false,false,false,false,false,false,false
false,false,false,false,false,false,false,false,false
false,false,false,false,false,false,false,false,false
false,false,false,false,false,false,false,false,false
false,false,false,false,false,false,false,false,false
false,false,false,false,false,false,false,false,false
false,false,false,false,false,false,false,false,false
false,false,false,false,false,false,false,false,false
false,false,false,false,false,false,false,false,false
false,false,false,false,false,false,false,false,false
false,false,false,false,false,false,false,false,false
false,false,false,false,false,false,false,false,false
false,false,false,false,false,false,false,false,false
false,false,false,false,false,false,false,false,false
false,false,false,false,false,false,false,false,false
false,false,false,false,false,false,false,false,false
false,false,false,false,false,false,false,false,false
false,false,false,false,false,false,false,false,false
false,false,false,false,false,false,false,false,false
false,false,false,false,false,false,false,false,false
false,false,false,false,false,false,false,false,false
false,false,false,false,false,false,false,false,false
false,false,false,false,false,false,false,false,false
false,false,false,false,false,false,false,false,false
false,false,false,false,false,false,false,false,false
false,false,false,false,false,false,false,false,false
false,false,false,false,false,false,false,false,false
false,false,false,false,false,false,false,false,false
false,false,false,false,false,false,false,false,false
false,false,false,false,false,false,false,false,false
false,false,false,false,false,false,false,false,false
false,false,false,false,false,false,false,false,false
false,false,false,false,false,false,false,false,false
false,false,false,false,false,false,false,false,false
false,false,false,false,false,false,false,false,false
false,false,false,false,false,false,false,false,false
false,false,false,false,false,false,false,false,false
false,false,false,false,false,false,false,false,false
false,false,false,false,false,false,false,false,false
false,false,false,false,false,false,false,false,false
false,false,false,false,false,false,false,false,false
false,false,false,false,false,false,false,false,false
false,false,false,false,false,false,false,false,false
false,false,false,false,false,false,false,false,false
false,false,false,false,false,false,false,false,false
false,false,false,false,false,false,false,false,false
false,false,false,false,false,false,false,false,false
false,false,false,false,false,false,false,false,false
false,false,false,false,false,false,false,false,false
false,false,false,false,false,false,false,false,false
false,false,false,false,false,false,false,false,false
false,false,false,false,false,false,false,false,false
false,false,false,false,false,false,false,false,false
false,false,false,false,false,false,false,false,false
false,false,false,false,false,false,false,false,false
false,false,false,false,false,false,false,false,false
false,false,false,false,false,false,false,false,false
false,false,false,false,false,false,false,false,false
false,false,false,false,false,false,false,false,false
false,false,false,false,false,false,false,false,false
false,false,false,false,false,false,false,false,false
false,false,false,false,false,false,false,false,false
false,false,false,false,false,false,false,false,false
false,false,false,false,false,false,false,false,false
false,false,false,false,false,false,false,false,false
false,false,false,false,false,false,false,false,false
false,false,false,false,false,false,false,false,false
false,false,false,false,false,false,false,false,false
false,false,false,false,false,false,false,false,false
false,false,false,false,false,false,false,false,false
false,false,false,false,false,false,false,false,false
false,false,false,false,false,false,false,false,false
false,false,false,false,false,false,false,false,false
false,false,false,false,false,false,false,false,false
false,false,false,false,false,false,false,false,false
false,false,false,false,false,false,false,false,false
false,false,false,false,false,false,false,false,false
false,false,false,false,false,false,false,false,false
false,false,false,false,false,false,false,false,false
false,false,false,false,false,false,false,false,false
false,false,false,false,false,false,false,false,false
false,false,false,false,false,false,false,false,false
false,false,false,false,false,false,false,false,false
false,false,false,false,false,false,false,false,false
false,false,false,false,false,false,false,false,false
false,false,false,false,false,false,false,false,false
false,false,false,false,false,false,false,false,false
false,false,false,false,false,false,false,false,false
false,false,false,false,false,false,false,false,false
false,false,false,false,false,false,false,false,false
false,false,false,false,false,false,false,false,false
false,false,false,false,false,false,false,false,false
false,false,false,false,false,false,false,false,false
false,false,false,false,false,false,false,false,false
false,false,false,false,false,false,false,false,false
false,false,false,false,false,false,false,false,false
false,false,false,false,false,false,false,false,false
false,false,false,false,false,false,false,false,false
false,false,false,false,false,false,false,false,false
false,false,false,false,false,false,false,false,false
false,false,false,false,false,false,false,false,false
false,false,false,false,false,false,false,false,false
false,false,false,false,false,false,false,false,false
false,false,false,false,false,false,false,false,false
false,false,false,false,false,false,false,false,false
false,false,false,false,false,false,false,false,false
false,false,false,false,false,false,false,false,false
false,false,false,false,false,false,false,false,false
false,false,false,false,false,false,false,false,false
false,false,false,false,false,false,false,false,false
false,false,false,false,false,false,false,false,false
false,false,false,false,false,false,false,false,false
false,false,false,false,false,false,false,false,false
false,false,false,false,false,false,false,false,false
false,false,false,false,false,false,false,false,false
false,false,false,false,false,false,false,false,false
false,false,false,false,false,false,false,false,false
false,false,false,false,false,false,false,false,false
false,false,false,false,false,false,false,false,false
false,false,false,false,false,false,false,false,false
false,false,false,false,false,false,false,false,false
false,false,false,false,false,false,false,false,false
false,false,false,false,false,false,false,false,false
false,false,false,false,false,false,false,false,false
false,false,false,false,false,false,false,false,false
false,false,false,false,false,false,false,false,false
false,false,false,false,false,false,false,false,false
false,false,false,false,false,false,false,false,false
false,false,false,false,false,false,false,false,false
false,false,false,false,false,false,false,false,false
false,false,false,false,false,false,false,false,false
false,false,false,false,false,false,false,false,false
false,false,false,false,false,false,false,false,false
false,false,false,false,false,false,false,false,false
false,false,false,false,false,false,false,false,false
false,false,false,false,false,false,false,false,false
false,false,false,false,false,false,false,false,false
false,false,false,false,false,false,false,false,false
false,false,false,false,false,false,false,false,false
false,false,false,false,false,false,false,false,false
false,false,false,false,false,false,false,false,false
false,false,false,false,false,false,false,false,false
false,false,false,false,false,false,false,false,false
false,false,false,false,false,false,false,false,false
false,false,false,false,false,false,false,false,false
false,false,false,false,false,false,false,false,false
false,false,false,false,false,false,false,false,false
false,false,false,false,false,false,false,false,false
false,false,false,false,false,false,false,false,false
false,false,false,false,false,false,false,false,false
false,false,false,false,false,false,false,false,false
false,false,false,false,false,false,false,false,false
false,false,false,false,false,false,false,false,false
false,false,false,false,false,false,false,false,false
false,false,false,false,false,false,false,false,false
false,false,false,false,false,false,false,false,false
false,false,false,false,false,false,false,false,false
false,false,false,false,false,false,false,false,false
false,false,false,false,false,false,false,false,false
false,false,false,false,false,false,false,false,false
false,false,false,false,false,false,false,false,false
false,false,false,false,false,false,false,false,false
false,false,false,false,false,false,false,false,false
false,false,false,false,false,false,false,false,false
false,false,false,false,false,false,false,false,false
false,false,false,false,false,false,false,false,false
false,false,false,false,false,false,false,false,false
false,false,false,false,false,false,false,false,false
false,false,false,false,false,false,false,false,false
false,false,false,false,false,false,false,false,false
false,false,false,false,false,false,false,false,false
false,false,false,false,false,false,false,false,false
false,false,false,false,false,false,false,false,false
false,false,false,false,false,false,false,false,false
false,false,false,false,false,false,false,false,false
false,false,false,false,false,false,false,false,false
false,false,false,false,false,false,false,false,false
false,false,false,false,false,false,false,false,false
false,false,false,false,false,false,false,false,false
false,false,false,false,false,false,false,false,false
false,false,false,false,false,false,false,false,false
false,false,false,false,false,false,false,false,false
false,false,false,false,false,false,false,false,false
false,false,false,false,false,false,false,false,false
false,false,false,false,false,false,false,false,false
false,false,false,false,false,false,false,false,false
false,false,false,false,false,false,false,false,false
false,false,false,false,false,false,false,false,false
false,false,false,false,false,false,false,false,false
false,false,false,false,false,false,false,false,false
false,false,false,false,false,false,false,false,false
false,false,false,false,false,false,false,false,false
false,false,false,false,false,false,false,false,false
false,false,false,false,false,false,false,false,false
false,false,false,false,false,false,false,false,false
false,false,false,false,false,false,false,false,false
false,false,false,false,false,false,false,false,false
false,false,false,false,false,false,false,false,false
false,false,false,false,false,false,false,false,false
false,false,false,false,false,false,false,false,false
false,false,false,false,false,false,false,false,false
false,false,false,false,false,false,false,false,false
false,false,false,false,false,false,false,false,false
false,false,false,false,false,false,false,false,false
false,false,false,false,false,false,false,false,false
false,false,false,false,false,false,false,false,false
false,false,false,false,false,false,false,false,false
false,false,false,false,false,false,false,false,false
false,false,false,false,false,false,false,false,false
false,false,false,false,false,false,false,false,false
false,false,false,false,false,false,false,false,false
false,false,false,false,false,false,false,false,false
false,false,false,false,false,false,false,false,false
false,false,false,false,false,false,false,false,false
false,false,false,false,false,false,false,false,false
false,false,false,false,false,false,false,false,false
false,false,false,false,false,false,false,false,false
false,false,false,false,false,false,false,false,false
false,false,false,false,false,false,false,false,false
false,false,false,false,false,false,false,false,false
false,false,false,false,false,false,false,false,false
false,false,false,false,false,false,false,false,false
false,false,false,false,false,false,false,false,false
false,false,false,false,false,false,false,false,false
false,false,false,false,false,false,false,false,false
false,false,false,false,false,false,false,false,false
false,false,false,false,false,false,false,false,false
false,false,false,false,false,false,false,false,false
false,false,false,false,false,false,false,false,false
false,false,false,false,false,false,false,false,false
false,false,false,false,false,false,false,false,false
false,false,false,false,false,false,false,false,false
false,false,false,false,false,false,false,false,false
false,false,false,false,false,false,false,false,false
false,false,false,false,false,false,false,false,false
false,false,false,false,false,false,false,false,false
false,false,false,false,false,false,false,false,false
false,false,false,false,false,false,false,false,false
false,false,false,false,false,false,false,false,false
false,false,false,false,false,false,false,false,false
false,false,false,false,false,false,false,false,false
false,false,false,false,false,false,false,false,false
false,false,false,false,false,false,false,false,false
false,false,false,false,false,false,false,false,false
false,false,false,false,false,false,false,false,false
false,false,false,false,false,false,false,false,false
false,false,false,false,false,false,false,false,false
false,false,false,false,false,false,false,false,false
false,false,false,false,false,false,false,false,false
false,false,false,false,false,false,false,false,false
false,false,false,false,false,false,false,false,false
false,false,false,false,false,false,false,false,false
false,false,false,false,false,false,false,false,false
false,false,false,false,false,false,false,false,false
false,false,false,false,false,false,false,false,false
false,false,false,false,false,false,false,false,false
false,false,false,false,false,false,false,false,false
false,false,false,false,false,false,false,false,false
false,false,false,false,false,false,false,false,false
false,false,false,false,false,false,false,false,false
false,false,false,false,false,false,false,false,false
false,false,false,false,false,false,false,false,false
false,false,false,false,false,false,false,false,false
false,false,false,false,false,false,false,false,false
false,false,false,false,false,false,false,false,false
false,false,false,false,false,false,false,false,false
false,false,false,false,false,false,false,false,false
false,false,false,false,false,false,false,false,false
false,false,false,false,false,false,false,false,false
false,false,false,false,false,false,false,false,false
false,false,false,false,false,false,false,false,false
false,false,false,false,false,false,false,false,false
false,false,false,false,false,false,false,false,false
false,false,false,false,false,false,false,false,false
false,false,false,false,false,false,false,false,false
false,false,false,false,false,false,false,false,false
false,false,false,false,false,false,false,false,false
false,false,false,false,false,false,false,false,false
false,false,false,false,false,false,false,false,false
false,false,false,false,false,false,false,false,false
false,false,false,false,false,false,false,false,false
false,false,false,false,false,false,false,false,false
false,false,false,false,false,false,false,false,false
false,false,false,false,false,false,false,false,false
false,false,false,false,false,false,false,false,false
false,false,false,false,false,false,false,false,false
false,false,false,false,false,false,false,false,false
false,false,false,false,false,false,false,false,false
false,false,false,false,false,false,false,false,false
false,false,false,false,false,false,false,false,false
false,false,false,false,false,false,false,false,false
false,false,false,false,false,false,false,false,false
false,false,false,false,false,false,false,false,false
false,false,false,false,false,false,false,false,false
false,false,false,false,false,false,false,false,false
false,false,false,false,false,false,false,false,false
false,false,false,false,false,false,false,false,false
false,false,false,false,false,false,false,false,false
false,false,false,false,false,false,false,false,false
false,false,false,false,false,false,false,false,false
false,false,false,false,false,false,false,false,false
false,false,false,false,false,false,false,false,false
false,false,false,false,false,false,false,false,false
false,false,false,false,false,false,false,false,false
false,false,false,false,false,false,false,false,false
false,false,false,false,false,false,false,false,false
false,false,false,false,false,false,false,false,false
false,false,false,false,false,false,false,false,false
false,false,false,false,false,false,false,false,false
false,false,false,false,false,false,false,false,false
false,false,false,false,false,false,false,false,false
false,false,false,false,false,false,false,false,false
false,false,false,false,false,false,false,false,false
false,false,false,false,false,false,false,false,false
false,false,false,false,false,false,false,false,false
false,false,false,false,false,false,false,false,false
false,false,false,false,false,false,false,false,false
false,false,false,false,false,false,false,false,false
false,false,false,false,false,false,false,false,false
false,false,false,false,false,false,false,false,false
false,false,false,false,false,false,false,false,false
false,false,false,false,false,false,false,false,false
false,false,false,false,false,false,false,false,false
false,false,false,false,false,false,false,false,false
false,false,false,false,false,false,false,false,false
false,false,false,false,false,false,false,false,false
false,false,false,false,false,false,false,false,false
false,false,false,false,false,false,false,false,false
false,false,false,false,false,false,false,false,false
false,false,false,false,false,false,false,false,false
false,false,false,false,false,false,false,false,false
false,false,false,false,false,false,false,false,false
false,false,false,false,false,false,false,false,false
false,false,false,false,false,false,false,false,false
false,false,false,false,false,false,false,false,false
false,false,false,false,false,false,false,false,false
false,false,false,false,false,false,false,false,false
false,false,false,false,false,false,false,false,false
false,false,false,false,false,false,false,false,false
false,false,false,false,false,false,false,false,false
false,false,false,false,false,false,false,false,false
false,false,false,false,false,false,false,false,false
false,false,false,false,false,false,false,false,false
false,false,false,false,false,false,false,false,false
false,false,false,false,false,false,false,false,false
false,false,false,false,false,false,false,false,false
false,false,false,false,false,false,false,false,false
false,false,false,false,false,false,false,false,false
false,false,false,false,false,false,false,false,false
false,false,false,false,false,false,false,false,false
false,false,false,false,false,false,false,false,false
false,false,false,false,false,false,false,false,false
false,false,false,false,false,false,false,false,false
false,false,false,false,false,false,false,false,false
false,false,false,false,false,false,false,false,false
false,false,false,false,false,false,false,false,false
false,false,false,false,false,false,false,false,false
false,false,false,false,false,false,false,false,false
false,false,false,false,false,false,false,false,false
false,false,false,false,false,false,false,false,false
false,false,false,false,false,false,false,false,false
false,false,false,false,false,false,false,false,false
false,false,false,false,false,false,false,false,false
false,false,false,false,false,false,false,false,false
false,false,false,false,false,false,false,false,false
false,false,false,false,false,false,false,false,false
false,false,false,false,false,false,false,false,false
false,false,false,false,false,false,false,false,false
false,false,false,false,false,false,false,false,false
false,false,false,false,false,false,false,false,false
false,false,false,false,false,false,false,false,false
false,false,false,false,false,false,false,false,false
false,false,false,false,false,false,false,false,false
false,false,false,false,false,false,false,false,false
false,false,false,false,false,false,false,false,false
false,false,false,false,false,false,false,false,false
false,false,false,false,false,false,false,false,false
false,false,false,false,false,false,false,false,false
false,false,false,false,false,false,false,false,false
false,false,false,false,false,false,false,false,false
false,false,false,false,false,false,false,false,false
false,false,false,false,false,false,false,false,false
false,false,false,false,false,false,false,false,false
false,false,false,false,false,false,false,false,false
false,false,false,false,false,false,false,false,false
false,false,false,false,false,false,false,false,false
false,false,false,false,false,false,false,false,false
false,false,false,false,false,false,false,false,false
false,false,false,false,false,false,false,false,false
false,false,false,false,false,false,false,false,false
false,false,false,false,false,false,false,false,false
false,false,false,false,false,false,false,false,false
false,false,false,false,false,false,false,false,false
false,false,false,false,false,false,false,false,false
false,false,false,false,false,false,false,false,false
false,false,false,false,false,false,false,false,false
false,false,false,false,false,false,false,false,false
false,false,false,false,false,false,false,false,false
false,false,false,false,false,false,false,false,false
false,false,false,false,false,false,false,false,false
false,false,false,false,false,false,false,false,false
false,false,false,false,false,false,false,false,false
false,false,false,false,false,false,false,false,false
false,false,false,false,false,false,false,false,false
false,false,false,false,false,false,false,false,false
false,false,false,false,false,false,false,false,false
false,false,false,false,false,false,false,false,false
false,false,false,false,false,false,false,false,false
false,false,false,false,false,false,false,false,false
false,false,false,false,false,false,false,false,false
false,false,false,false,false,false,false,false,false
false,false,false,false,false,false,false,false,false
false,false,false,false,false,false,false,false,false
false,false,false,false,false,false,false,false,false
false,false,false,false,false,false,false,false,false
false,false,false,false,false,false,false,false,false
false,false,false,false,false,false,false,false,false
false,false,false,false,false,false,false,false,false
false,false,false,false,false,false,false,false,false
false,false,false,false,false,false,false,false,false
false,false,false,false,false,false,false,false,false
false,false,false,false,false,false,false,false,false
false,false,false,false,false,false,false,false,false
false,false,false,false,false,false,false,false,false
false,false,false,false,false,false,false,false,false
false,false,false,false,false,false,false,false,false
false,false,false,false,false,false,false,false,false
false,false,false,false,false,false,false,false,false
false,false,false,false,false,false,false,false,false
false,false,false,false,false,false,false,false,false
false,false,false,false,false,false,false,false,false
false,false,false,false,false,false,false,false,false
false,false,false,false,false,false,false,false,false
false,false,false,false,false,false,false,false,false
false,false,false,false,false,false,false,false,false
false,false,false,false,false,false,false,false,false
false,false,false,false,false,false,false,false,false
false,false,false,false,false,false,false,false,false
false,false,false,false,false,false,false,false,false
false,false,false,false,false,false,false,false,false
false,false,false,false,false,false,false,false,false
false,false,false,false,false,false,false,false,false
false,false,false,false,false,false,false,false,false
false,false,false,false,false,false,false,false,false
false,false,false,false,false,false,false,false,false
false,false,false,false,false,false,false,false,false
false,false,false,false,false,false,false,false,false
false,false,false,false,false,false,false,false,false
false,false,false,false,false,false,false,false,false
false,false,false,false,false,false,false,false,false
false,false,false,false,false,false,false,false,false
false,false,false,false,false,false,false,false,false
false,false,false,false,false,false,false,false,false
false,false,false,false,false,false,false,false,false
false,false,false,false,false,false,false,false,false
false,false,false,false,false,false,false,false,false
false,false,false,false,false,false,false,false,false
false,false,false,false,false,false,false,false,false
false,false,false,false,false,false,false,false,false
false,false,false,false,false,false,false,false,false
false,false,false,false,false,false,false,false,false
false,false,false,false,false,false,false,false,false
false,false,false,false,false,false,false,false,false
false,false,false,false,false,false,false,false,false
false,false,false,false,false,false,false,false,false
false,false,false,false,false,false,false,false,false
false,false,false,false,false,false,false,false,false
false,false,false,false,false,false,false,false,false
false,false,false,false,false,false,false,false,false
false,false,false,false,false,false,false,false,false
false,false,false,false,false,false,false,false,false
false,false,false,false,false,false,false,false,false
false,false,false,false,false,false,false,false,false
false,false,false,false,false,false,false,false,false
false,false,false,false,false,false,false,false,false
false,false,false,false,false,false,false,false,false
false,false,false,false,false,false,false,false,false
false,false,false,false,false,false,false,false,false
false,false,false,false,false,false,false,false,false
false,false,false,false,false,false,false,false,false
false,false,false,false,false,false,false,false,false
false,false,false,false,false,false,false,false,false
false,false,false,false,false,false,false,false,false
false,false,false,false,false,false,false,false,false
false,false,false,false,false,false,false,false,false
false,false,false,false,false,false,false,false,false
false,false,false,false,false,false,false,false,false
false,false,false,false,false,false,false,false,false
false,false,false,false,false,false,false,false,false
false,false,false,false,false,false,false,false,false
false,false,false,false,false,false,false,false,false
false,false,false,false,false,false,false,false,false
false,false,false,false,false,false,false,false,false
false,false,false,false,false,false,false,false,false
false,false,false,false,false,false,false,false,false
false,false,false,false,false,false,false,false,false
false,false,false,false,false,false,false,false,false
false,false,false,false,false,false,false,false,false
false,false,false,false,false,false,false,false,false
false,false,false,false,false,false,false,false,false
false,false,false,false,false,false,false,false,false
false,false,false,false,false,false,false,false,false
false,false,false,false,false,false,false,false,false
false,false,false,false,false,false,false,false,false
false,false,false,false,false,false,false,false,false
false,false,false,false,false,false,false,false,false
false,false,false,false,false,false,false,false,false
false,false,false,false,false,false,false,false,false
false,false,false,false,false,false,false,false,false
false,false,false,false,false,false,false,false,false
false,false,false,false,false,false,false,false,false
false,false,false,false,false,false,false,false,false
false,false,false,false,false,false,false,false,false
false,false,false,false,false,false,false,false,false
false,false,false,false,false,false,false,false,false
false,false,false,false,false,false,false,false,false
false,false,false,false,false,false,false,false,false
false,false,false,false,false,false,false,false,false
false,false,false,false,false,false,false,false,false
false,false,false,false,false,false,false,false,false
false,false,false,false,false,false,false,false,false
false,false,false,false,false,false,false,false,false
false,false,false,false,false,false,false,false,false
false,false,false,false,false,false,false,false,false
false,false,false,false,false,false,false,false,false
false,false,false,false,false,false,false,false,false
false,false,false,false,false,false,false,false,false
false,false,false,false,false,false,false,false,false
false,false,false,false,false,false,false,false,false
false,false,false,false,false,false,false,false,false
false,false,false,false,false,false,false,false,false
false,false,false,false,false,false,false,false,false
false,false,false,false,false,false,false,false,false
false,false,false,false,false,false,false,false,false
false,false,false,false,false,false,false,false,false
false,false,false,false,false,false,false,false,false
false,false,false,false,false,false,false,false,false
false,false,false,false,false,false,false,false,false
false,false,false,false,false,false,false,false,false
false,false,false,false,false,false,false,false,false
false,false,false,false,false,false,false,false,false
false,false,false,false,false,false,false,false,false
false,false,false,false,false,false,false,false,false
false,false,false,false,false,false,false,false,false
false,false,false,false,false,false,false,false,false
false,false,false,false,false,false,false,false,false
false,false,false,false,false,false,false,false,false
false,false,false,false,false,false,false,false,false
false,false,false,false,false,false,false,false,false
false,false,false,false,false,false,false,false,false
false,false,false,false,false,false,false,false,false
false,false,false,false,false,false,false,false,false
false,false,false,false,false,false,false,false,false
false,false,false,false,false,false,false,false,false
false,false,false,false,false,false,false,false,false
false,false,false,false,false,false,false,false,false
false,false,false,false,false,false,false,false,false
false,false,false,false,false,false,false,false,false
false,false,false,false,false,false,false,false,false
false,false,false,false,false,false,false,false,false
false,false,false,false,false,false,false,false,false
false,false,false,false,false,false,false,false,false
false,false,false,false,false,false,false,false,false
false,false,false,false,false,false,false,false,false
false,false,false,false,false,false,false,false,false
false,false,false,false,false,false,false,false,false
false,false,false,false,false,false,false,false,false
false,false,false,false,false,false,false,false,false
false,false,false,false,false,false,false,false,false
false,false,false,false,false,false,false,false,false
false,false,false,false,false,false,false,false,false
false,false,false,false,false,false,false,false,false
false,false,false,false,false,false,false,false,false
false,false,false,false,false,false,false,false,false
false,false,false,false,false,false,false,false,false
false,false,false,false,false,false,false,false,false
false,false,false,false,false,false,false,false,false
false,false,false,false,false,false,false,false,false
false,false,false,false,false,false,false,false,false
false,false,false,false,false,false,false,false,false
false,false,false,false,false,false,false,false,false
false,false,false,false,false,false,false,false,false
false,false,false,false,false,false,false,false,false
false,false,false,false,false,false,false,false,false
false,false,false,false,false,false,false,false,false
false,false,false,false,false,false,false,false,false
false,false,false,false,false,false,false,false,false
false,false,false,false,false,false,false,false,false
false,false,false,false,false,false,false,false,false
false,false,false,false,false,false,false,false,false
false,false,false,false,false,false,false,false,false
false,false,false,false,false,false,false,false,false
false,false,false,false,false,false,false,false,false
false,false,false,false,false,false,false,false,false
false,false,false,false,false,false,false,false,false
false,false,false,false,false,false,false,false,false
false,false,false,false,false,false,false,false,false
false,false,false,false,false,false,false,false,false
false,false,false,false,false,false,false,false,false
false,false,false,false,false,false,false,false,false
false,false,false,false,false,false,false,false,false
false,false,false,false,false,false,false,false,false
false,false,false,false,false,false,false,false,false
false,false,false,false,false,false,false,false,false
false,false,false,false,false,false,false,false,false
false,false,false,false,false,false,false,false,false
false,false,false,false,false,false,false,false,false
false,false,false,false,false,false,false,false,false
false,false,false,false,false,false,false,false,false
false,false,false,false,false,false,false,false,false
false,false,false,false,false,false,false,false,false
false,false,false,false,false,false,false,false,false
false,false,false,false,false,false,false,false,false
false,false,false,false,false,false,false,false,false
false,false,false,false,false,false,false,false,false
false,false,false,false,false,false,false,false,false
false,false,false,false,false,false,false,false,false
false,false,false,false,false,false,false,false,false
false,false,false,false,false,false,false,false,false
false,false,false,false,false,false,false,false,false
false,false,false,false,false,false,false,false,false
false,false,false,false,false,false,false,false,false
false,false,false,false,false,false,false,false,false
false,false,false,false,false,false,false,false,false
false,false,false,false,false,false,false,false,false
false,false,false,false,false,false,false,false,false
false,false,false,false,false,false,false,false,false
false,false,false,false,false,false,false,false,false
false,false,false,false,false,false,false,false,false
false,false,false,false,false,false,false,false,false
false,false,false,false,false,false,false,false,false
false,false,false,false,false,false,false,false,false
false,false,false,false,false,false,false,false,false
false,false,false,false,false,false,false,false,false
false,false,false,false,false,false,false,false,false
false,false,false,false,false,false,false,false,false
false,false,false,false,false,false,false,false,false
false,false,false,false,false,false,false,false,false
false,false,false,false,false,false,false,false,false
false,false,false,false,false,false,false,false,false
false,false,false,false,false,false,false,false,false
false,false,false,false,false,false,false,false,false
false,false,false,false,false,false,false,false,false
false,false,false,false,false,false,false,false,false
false,false,false,false,false,false,false,false,false
false,false,false,false,false,false,false,false,false
false,false,false,false,false,false,false,false,false
false,false,false,false,false,false,false,false,false
false,false,false,false,false,false,false,false,false
false,false,false,false,false,false,false,false,false
false,false,false,false,false,false,false,false,false
false,false,false,false,false,false,false,false,false
false,false,false,false,false,false,false,false,false
false,false,false,false,false,false,false,false,false
false,false,false,false,false,false,false,false,false
false,false,false,false,false,false,false,false,false
false,false,false,false,false,false,false,false,false
false,false,false,false,false,false,false,false,false
false,false,false,false,false,false,false,false,false
false,false,false,false,false,false,false,false,false
false,false,false,false,false,false,false,false,false
false,false,false,false,false,false,false,false,false
false,false,false,false,false,false,false,false,false
false,false,false,false,false,false,false,false,false
false,false,false,false,false,false,false,false,false
false,false,false,false,false,false,false,false,false
false,false,false,false,false,false,false,false,false
false,false,false,false,false,false,false,false,false
false,false,false,false,false,false,false,false,false
false,false,false,false,false,false,false,false,false
false,false,false,false,false,false,false,false,false
false,false,false,false,false,false,false,false,false
false,false,false,false,false,false,false,false,false
false,false,false,false,false,false,false,false,false
false,false,false,false,false,false,false,false,false
false,false,false,false,false,false,false,false,false
false,false,false,false,false,false,false,false,false
false,false,false,false,false,false,false,false,false
false,false,false,false,false,false,false,false,false
false,false,false,false,false,false,false,false,false
false,false,false,false,false,false,false,false,false
false,false,false,false,false,false,false,false,false
false,false,false,false,false,false,false,false,false
false,false,false,false,false,false,false,false,false
false,false,false,false,false,false,false,false,false
false,false,false,false,false,false,false,false,false
false,false,false,false,false,false,false,false,false
false,false,false,false,false,false,false,false,false
false,false,false,false,false,false,false,false,false
false,false,false,false,false,false,false,false,false
false,false,false,false,false,false,false,false,false
false,false,false,false,false,false,false,false,false
false,false,false,false,false,false,false,false,false
false,false,false,false,false,false,false,false,false
false,false,false,false,false,false,false,false,false
false,false,false,false,false,false,false,false,false
false,false,false,false,false,false,false,false,false
false,false,false,false,false,false,false,false,false
false,false,false,false,false,false,false,false,false
false,false,false,false,false,false,false,false,false
false,false,false,false,false,false,false,false,false
false,false,false,false,false,false,false,false,false
false,false,false,false,false,false,false,false,false
false,false,false,false,false,false,false,false,false
false,false,false,false,false,false,false,false,false
false,false,false,false,false,false,false,false,false
false,false,false,false,false,false,false,false,false
false,false,false,false,false,false,false,false,false
false,false,false,false,false,false,false,false,false
false,false,false,false,false,false,false,false,false
false,false,false,false,false,false,false,false,false
false,false,false,false,false,false,false,false,false
false,false,false,false,false,false,false,false,false
false,false,false,false,false,false,false,false,false
false,false,false,false,false,false,false,false,false
false,false,false,false,false,false,false,false,false
false,false,false,false,false,false,false,false,false
false,false,false,false,false,false,false,false,false
false,false,false,false,false,false,false,false,false
false,false,false,false,false,false,false,false,false
false,false,false,false,false,false,false,false,false
false,false,false,false,false,false,false,false,false
false,false,false,false,false,false,false,false,false
false,false,false,false,false,false,false,false,false
false,false,false,false,false,false,false,false,false
false,false,false,false,false,false,false,false,false
false,false,false,false,false,false,false,false,false
false,false,false,false,false,false,false,false,false
false,false,false,false,false,false,false,false,false
false,false,false,false,false,false,false,false,false
false,false,false,false,false,false,false,false,false
false,false,false,false,false,false,false,false,false
false,false,false,false,false,false,false,false,false
false,false,false,false,false,false,false,false,false
false,false,false,false,false,false,false,false,false
false,false,false,false,false,false,false,false,false
false,false,false,false,false,false,false,false,false
false,false,false,false,false,false,false,false,false
false,false,false,false,false,false,false,false,false
false,false,false,false,false,false,false,false,false
false,false,false,false,false,false,false,false,false
false,false,false,false,false,false,false,false,false
false,false,false,false,false,false,false,false,false
false,false,false,false,false,false,false,false,false
false,false,false,false,false,false,false,false,false
false,false,false,false,false,false,false,false,false
false,false,false,false,false,false,false,false,false
false,false,false,false,false,false,false,false,false
false,false,false,false,false,false,false,false,false
false,false,false,false,false,false,false,false,false
false,false,false,false,false,false,false,false,false
false,false,false,false,false,false,false,false,false
false,false,false,false,false,false,false,false,false
false,false,false,false,false,false,false,false,false
false,false,false,false,false,false,false,false,false
false,false,false,false,false,false,false,false,false
false,false,false,false,false,false,false,false,false
false,false,false,false,false,false,false,false,false
false,false,false,false,false,false,false,false,false
false,false,false,false,false,false,false,false,false
false,false,false,false,false,false,false,false,false
false,false,false,false,false,false,false,false,false
false,false,false,false,false,false,false,false,false
false,false,false,false,false,false,false,false,false
false,false,false,false,false,false,false,false,false
false,false,false,false,false,false,false,false,false
false,false,false,false,false,false,false,false,false
false,false,false,false,false,false,false,false,false
false,false,false,false,false,false,false,false,false
false,false,false,false,false,false,false,false,false
false,false,false,false,false,false,false,false,false
false,false,false,false,false,false,false,false,false
false,false,false,false,false,false,false,false,false
false,false,false,false,false,false,false,false,false
false,false,false,false,false,false,false,false,false
false,false,false,false,false,false,false,false,false
false,false,false,false,false,false,false,false,false
false,false,false,false,false,false,false,false,false
false,false,false,false,false,false,false,false,false
false,false,false,false,false,false,false,false,false
false,false,false,false,false,false,false,false,false
false,false,false,false,false,false,false,false,false
false,false,false,false,false,false,false,false,false
false,false,false,false,false,false,false,false,false
false,false,false,false,false,false,false,false,false
false,false,false,false,false,false,false,false,false
false,false,false,false,false,false,false,false,false
false,false,false,false,false,false,false,false,false
false,false,false,false,false,false,false,false,false
false,false,false,false,false,false,false,false,false
false,false,false,false,false,false,false,false,false
false,false,false,false,false,false,false,false,false
false,false,false,false,false,false,false,false,false
false,false,false,false,false,false,false,false,false
false,false,false,false,false,false,false,false,false
false,false,false,false,false,false,false,false,false
false,false,false,false,false,false,false,false,false
false,false,false,false,false,false,false,false,false
false,false,false,false,false,false,false,false,false
false,false,false,false,false,false,false,false,false
false,false,false,false,false,false,false,false,false
false,false,false,false,false,false,false,false,false
false,false,false,false,false,false,false,false,false
false,false,false,false,false,false,false,false,false
false,false,false,false,false,false,false,false,false
false,false,false,false,false,false,false,false,false
false,false,false,false,false,false,false,false,false
false,false,false,false,false,false,false,false,false
false,false,false,false,false,false,false,false,false
false,false,false,false,false,false,false,false,false
false,false,false,false,false,false,false,false,false
false,false,false,false,false,false,false,false,false
false,false,false,false,false,false,false,false,false
false,false,false,false,false,false,false,false,false
false,false,false,false,false,false,false,false,false
false,false,false,false,false,false,false,false,false
false,false,false,false,false,false,false,false,false
false,false,false,false,false,false,false,false,false
false,false,false,false,false,false,false,false,false
false,false,false,false,false,false,false,false,false
false,false,false,false,false,false,false,false,false
false,false,false,false,false,false,false,false,false
false,false,false,false,false,false,false,false,false
false,false,false,false,false,false,false,false,false
false,false,false,false,false,false,false,false,false
false,false,false,false,false,false,false,false,false
false,false,false,false,false,false,false,false,false
false,false,false,false,false,false,false,false,false
false,false,false,false,false,false,false,false,false
false,false,false,false,false,false,false,false,false
false,false,false,false,false,false,false,false,false
false,false,false,false,false,false,false,false,false
false,false,false,false,false,false,false,false,false
false,false,false,false,false,false,false,false,false
false,false,false,false,false,false,false,false,false
false,false,false,false,false,false,false,false,false
false,false,false,false,false,false,false,false,false
false,false,false,false,false,false,false,false,false
false,false,false,false,false,false,false,false,false
false,false,false,false,false,false,false,false,false
false,false,false,false,false,false,false,false,false
false,false,false,false,false,false,false,false,false
false,false,false,false,false,false,false,false,false
false,false,false,false,false,false,false,false,false
false,false,false,false,false,false,false,false,false
false,false,false,false,false,false,false,false,false
false,false,false,false,false,false,false,false,false
false,false,false,false,false,false,false,false,false
false,false,false,false,false,false,false,false,false
false,false,false,false,false,false,false,false,false
false,false,false,false,false,false,false,false,false
false,false,false,false,false,false,false,false,false
false,false,false,false,false,false,false,false,false
false,false,false,false,false,false,false,false,false
false,false,false,false,false,false,false,false,false
false,false,false,false,false,false,false,false,false
false,false,false,false,false,false,false,false,false
false,false,false,false,false,false,false,false,false
false,false,false,false,false,false,false,false,false
false,false,false,false,false,false,false,false,false
false,false,false,false,false,false,false,false,false
false,false,false,false,false,false,false,false,false
false,false,false,false,false,false,false,false,false
false,false,false,false,false,false,false,false,false
false,false,false,false,false,false,false,false,false
false,false,false,false,false,false,false,false,false
false,false,false,false,false,false,false,false,false
false,false,false,false,false,false,false,false,false
false,false,false,false,false,false,false,false,false
false,false,false,false,false,false,false,false,false
false,false,false,false,false,false,false,false,false
false,false,false,false,false,false,false,false,false
false,false,false,false,false,false,false,false,false
false,false,false,false,false,false,false,false,false
false,false,false,false,false,false,false,false,false
false,false,false,false,false,false,false,false,false
false,false,false,false,false,false,false,false,false
false,false,false,false,false,false,false,false,false
false,false,false,false,false,false,false,false,false
false,false,false,false,false,false,false,false,false
false,false,false,false,false,false,false,false,false
false,false,false,false,false,false,false,false,false
false,false,false,false,false,false,false,false,false
false,false,false,false,false,false,false,false,false
false,false,false,false,false,false,false,false,false
false,false,false,false,false,false,false,false,false
false,false,false,false,false,false,false,false,false
false,false,false,false,false,false,false,false,false
false,false,false,false,false,false,false,false,false
false,false,false,false,false,false,false,false,false
false,false,false,false,false,false,false,false,false
false,false,false,false,false,false,false,false,false
false,false,false,false,false,false,false,false,false
false,false,false,false,false,false,false,false,false
false,false,false,false,false,false,false,false,false
false,false,false,false,false,false,false,false,false
false,false,false,false,false,false,false,false,false
false,false,false,false,false,false,false,false,false
false,false,false,false,false,false,false,false,false
false,false,false,false,false,false,false,false,false
false,false,false,false,false,false,false,false,false
false,false,false,false,false,false,false,false,false
false,false,false,false,false,false,false,false,false
false,false,false,false,false,false,false,false,false
false,false,false,false,false,false,false,false,false
false,false,false,false,false,false,false,false,false
false,false,false,false,false,false,false,false,false
false,false,false,false,false,false,false,false,false
false,false,false,false,false,false,false,false,false
false,false,false,false,false,false,false,false,false
false,false,false,false,false,false,false,false,false
false,false,false,false,false,false,false,false,false
false,false,false,false,false,false,false,false,false
false,false,false,false,false,false,false,false,false
false,false,false,false,false,false,false,false,false
false,false,false,false,false,false,false,false,false
false,false,false,false,false,false,false,false,false
false,false,false,false,false,false,false,false,false
false,false,false,false,false,false,false,false,false
false,false,false,false,false,false,false,false,false
false,false,false,false,false,false,false,false,false
false,false,false,false,false,false,false,false,false
false,false,false,false,false,false,false,false,false
false,false,false,false,false,false,false,false,false
false,false,false,false,false,false,false,false,false
false,false,false,false,false,false,false,false,false
false,false,false,false,false,false,false,false,false
false,false,false,false,false,false,false,false,false
false,false,false,false,false,false,false,false,false
false,false,false,false,false,false,false,false,false
false,false,false,false,false,false,false,false,false
false,false,false,false,false,false,false,false,false
false,false,false,false,false,false,false,false,false
false,false,false,false,false,false,false,false,false
false,false,false,false,false,false,false,false,false
false,false,false,false,false,false,false,false,false
false,false,false,false,false,false,false,false,false
false,false,false,false,false,false,false,false,false
false,false,false,false,false,false,false,false,false
false,false,false,false,false,false,false,false,false
false,false,false,false,false,false,false,false,false
false,false,false,false,false,false,false,false,false
false,false,false,false,false,false,false,false,false
false,false,false,false,false,false,false,false,false
false,false,false,false,false,false,false,false,false
false,false,false,false,false,false,false,false,false
false,false,false,false,false,false,false,false,false
false,false,false,false,false,false,false,false,false
false,false,false,false,false,false,false,false,false
false,false,false,false,false,false,false,false,false
false,false,false,false,false,false,false,false,false
false,false,false,false,false,false,false,false,false
false,false,false,false,false,false,false,false,false
false,false,false,false,false,false,false,false,false
false,false,false,false,false,false,false,false,false
false,false,false,false,false,false,false,false,false
false,false,false,false,false,false,false,false,false
false,false,false,false,false,false,false,false,false
false,false,false,false,false,false,false,false,false
false,false,false,false,false,false,false,false,false
false,false,false,false,false,false,false,false,false
false,false,false,false,false,false,false,false,false
false,false,false,false,false,false,false,false,false
false,false,false,false,false,false,false,false,false
false,false,false,false,false,false,false,false,false
false,false,false,false,false,false,false,false,false
false,false,false,false,false,false,false,false,false
false,false,false,false,false,false,false,false,false
false,false,false,false,false,false,false,false,false
false,false,false,false,false,false,false,false,false
false,false,false,false,false,false,false,false,false
false,false,false,false,false,false,false,false,false
false,false,false,false,false,false,false,false,false
false,false,false,false,false,false,false,false,false
false,false,false,false,false,false,false,false,false
false,false,false,false,false,false,false,false,false
false,false,false,false,false,false,false,false,false
false,false,false,false,false,false,false,false,false
false,false,false,false,false,false,false,false,false
false,false,false,false,false,false,false,false,false
false,false,false,false,false,false,false,false,false
false,false,false,false,false,false,false,false,false
false,false,false,false,false,false,false,false,false
false,false,false,false,false,false,false,false,false
false,false,false,false,false,false,false,false,false
false,false,false,false,false,false,false,false,false
false,false,false,false,false,false,false,false,false
false,false,false,false,false,false,false,false,false
false,false,false,false,false,false,false,false,false
false,false,false,false,false,false,false,false,false
false,false,false,false,false,false,false,false,false
false,false,false,false,false,false,false,false,false
false,false,false,false,false,false,false,false,false
false,false,false,false,false,false,false,false,false
false,false,false,false,false,false,false,false,false
false,false,false,false,false,false,false,false,false
false,false,false,false,false,false,false,false,false
false,false,false,false,false,false,false,false,false
false,false,false,false,false,false,false,false,false
false,false,false,false,false,false,false,false,false
false,false,false,false,false,false,false,false,false
false,false,false,false,false,false,false,false,false
false,false,false,false,false,false,false,false,false
false,false,false,false,false,false,false,false,false
false,false,false,false,false,false,false,false,false
false,false,false,false,false,false,false,false,false
false,false,false,false,false,false,false,false,false
false,false,false,false,false,false,false,false,false
false,false,false,false,false,false,false,false,false
false,false,false,false,false,false,false,false,false
false,false,false,false,false,false,false,false,false
false,false,false,false,false,false,false,false,false
false,false,false,false,false,false,false,false,false
false,false,false,false,false,false,false,false,false
false,false,false,false,false,false,false,false,false
false,false,false,false,false,false,false,false,false
false,false,false,false,false,false,false,false,false
false,false,false,false,false,false,false,false,false
false,false,false,false,false,false,false,false,false
false,false,false,false,false,false,false,false,false
false,false,false,false,false,false,false,false,false
false,false,false,false,false,false,false,false,false
false,false,false,false,false,false,false,false,false
false,false,false,false,false,false,false,false,false
false,false,false,false,false,false,false,false,false
false,false,false,false,false,false,false,false,false
false,false,false,false,false,false,false,false,false
false,false,false,false,false,false,false,false,false
false,false,false,false,false,false,false,false,false
false,false,false,false,false,false,false,false,false
false,false,false,false,false,false,false,false,false
false,false,false,false,false,false,false,false,false
false,false,false,false,false,false,false,false,false
false,false,false,false,false,false,false,false,false
false,false,false,false,false,false,false,false,false
false,false,false,false,false,false,false,false,false
false,false,false,false,false,false,false,false,false
false,false,false,false,false,false,false,false,false
false,false,false,false,false,false,false,false,false
false,false,false,false,false,false,false,false,false
false,false,false,false,false,false,false,false,false
false,false,false,false,false,false,false,false,false
false,false,false,false,false,false,false,false,false
false,false,false,false,false,false,false,false,false
false,false,false,false,false,false,false,false,false
false,false,false,false,false,false,false,false,false
false,false,false,false,false,false,false,false,false
false,false,false,false,false,false,false,false,false
false,false,false,false,false,false,false,false,false
false,false,false,false,false,false,false,false,false
false,false,false,false,false,false,false,false,false
false,false,false,false,false,false,false,false,false
false,false,false,false,false,false,false,false,false
false,false,false,false,false,false,false,false,false
false,false,false,false,false,false,false,false,false
false,false,false,false,false,false,false,false,false
false,false,false,false,false,false,false,false,false
false,false,false,false,false,false,false,false,false
false,false,false,false,false,false,false,false,false
false,false,false,false,false,false,false,false,false
false,false,false,false,false,false,false,false,false
false,false,false,false,false,false,false,false,false
false,false,false,false,false,false,false,false,false
false,false,false,false,false,false,false,false,false
false,false,false,false,false,false,false,false,false
false,false,false,false,false,false,false,false,false
false,false,false,false,false,false,false,false,false
false,false,false,false,false,false,false,false,false
false,false,false,false,false,false,false,false,false
false,false,false,false,false,false,false,false,false
false,false,false,false,false,false,false,false,false
false,false,false,false,false,false,false,false,false
false,false,false,false,false,false,false,false,false
false,false,false,false,false,false,false,false,false
false,false,false,false,false,false,false,false,false
false,false,false,false,false,false,false,false,false
false,false,false,false,false,false,false,false,false
false,false,false,false,false,false,false,false,false
false,false,false,false,false,false,false,false,false
false,false,false,false,false,false,false,false,false
false,false,false,false,false,false,false,false,false
false,false,false,false,false,false,false,false,false
false,false,false,false,false,false,false,false,false
false,false,false,false,false,false,false,false,false
false,false,false,false,false,false,false,false,false
false,false,false,false,false,false,false,false,false
false,false,false,false,false,false,false,false,false
false,false,false,false,false,false,false,false,false
false,false,false,false,false,false,false,false,false
false,false,false,false,false,false,false,false,false
false,false,false,false,false,false,false,false,false
false,false,false,false,false,false,false,false,false
false,false,false,false,false,false,false,false,false
false,false,false,false,false,false,false,false,false
false,false,false,false,false,false,false,false,false
false,false,false,false,false,false,false,false,false
false,false,false,false,false,false,false,false,false
false,false,false,false,false,false,false,false,false
false,false,false,false,false,false,false,false,false
false,false,false,false,false,false,false,false,false
false,false,false,false,false,false,false,false,false
false,false,false,false,false,false,false,false,false
false,false,false,false,false,false,false,false,false
false,false,false,false,false,false,false,false,false
false,false,false,false,false,false,false,false,false
false,false,false,false,false,false,false,false,false
false,false,false,false,false,false,false,false,false
false,false,false,false,false,false,false,false,false
false,false,false,false,false,false,false,false,false
false,false,false,false,false,false,false,false,false
false,false,false,false,false,false,false,false,false
false,false,false,false,false,false,false,false,false
false,false,false,false,false,false,false,false,false
false,false,false,false,false,false,false,false,false
false,false,false,false,false,false,false,false,false
false,false,false,false,false,false,false,false,false
false,false,false,false,false,false,false,false,false
false,false,false,false,false,false,false,false,false
false,false,false,false,false,false,false,false,false
false,false,false,false,false,false,false,false,false
false,false,false,false,false,false,false,false,false
false,false,false,false,false,false,false,false,false
false,false,false,false,false,false,false,false,false
false,false,false,false,false,false,false,false,false
false,false,false,false,false,false,false,false,false
false,false,false,false,false,false,false,false,false
false,false,false,false,false,false,false,false,false
false,false,false,false,false,false,false,false,false
false,false,false,false,false,false,false,false,false
false,false,false,false,false,false,false,false,false
false,false,false,false,false,false,false,false,false
false,false,false,false,false,false,false,false,false
false,false,false,false,false,false,false,false,false
false,false,false,false,false,false,false,false,false
false,false,false,false,false,false,false,false,false
false,false,false,false,false,false,false,false,false
false,false,false,false,false,false,false,false,false
false,false,false,false,false,false,false,false,false
false,false,false,false,false,false,false,false,false
false,false,false,false,false,false,false,false,false
false,false,false,false,false,false,false,false,false
false,false,false,false,false,false,false,false,false
false,false,false,false,false,false,false,false,false
false,false,false,false,false,false,false,false,false
false,false,false,false,false,false,false,false,false
false,false,false,false,false,false,false,false,false
false,false,false,false,false,false,false,false,false
false,false,false,false,false,false,false,false,false
false,false,false,false,false,false,false,false,false
false,false,false,false,false,false,false,false,false
false,false,false,false,false,false,false,false,false
false,false,false,false,false,false,false,false,false
false,false,false,false,false,false,false,false,false
false,false,false,false,false,false,false,false,false
false,false,false,false,false,false,false,false,false
false,false,false,false,false,false,false,false,false
false,false,false,false,false,false,false,false,false
false,false,false,false,false,false,false,false,false
false,false,false,false,false,false,false,false,false
false,false,false,false,false,false,false,false,false
false,false,false,false,false,false,false,false,false
false,false,false,false,false,false,false,false,false
false,false,false,false,false,false,false,false,false
false,false,false,false,false,false,false,false,false
false,false,false,false,false,false,false,false,false
false,false,false,false,false,false,false,false,false
false,false,false,false,false,false,false,false,false
false,false,false,false,false,false,false,false,false
false,false,false,false,false,false,false,false,false
false,false,false,false,false,false,false,false,false
false,false,false,false,false,false,false,false,false
false,false,false,false,false,false,false,false,false
false,false,false,false,false,false,false,false,false
false,false,false,false,false,false,false,false,false
false,false,false,false,false,false,false,false,false
false,false,false,false,false,false,false,false,false
false,false,false,false,false,false,false,false,false
false,false,false,false,false,false,false,false,false
false,false,false,false,false,false,false,false,false
false,false,false,false,false,false,false,false,false
false,false,false,false,false,false,false,false,false
false,false,false,false,false,false,false,false,false
false,false,false,false,false,false,false,false,false
false,false,false,false,false,false,false,false,false
false,false,false,false,false,false,false,false,false
false,false,false,false,false,false,false,false,false
false,false,false,false,false,false,false,false,false
false,false,false,false,false,false,false,false,false
false,false,false,false,false,false,false,false,false
false,false,false,false,false,false,false,false,false
false,false,false,false,false,false,false,false,false
false,false,false,false,false,false,false,false,false
false,false,false,false,false,false,false,false,false
false,false,false,false,false,false,false,false,false
false,false,false,false,false,false,false,false,false
false,false,false,false,false,false,false,false,false
false,false,false,false,false,false,false,false,false
false,false,false,false,false,false,false,false,false
false,false,false,false,false,false,false,false,false
false,false,false,false,false,false,false,false,false
false,false,false,false,false,false,false,false,false
false,false,false,false,false,false,false,false,false
false,false,false,false,false,false,false,false,false
false,false,false,false,false,false,false,false,false
false,false,false,false,false,false,false,false,false
false,false,false,false,false,false,false,false,false
false,false,false,false,false,false,false,false,false
false,false,false,false,false,false,false,false,false
false,false,false,false,false,false,false,false,false
false,false,false,false,false,false,false,false,false
false,false,false,false,false,false,false,false,false
false,false,false,false,false,false,false,false,false
false,false,false,false,false,false,false,false,false
false,false,false,false,false,false,false,false,false
false,false,false,false,false,false,false,false,false
false,false,false,false,false,false,false,false,false
false,false,false,false,false,false,false,false,false
false,false,false,false,false,false,false,false,false
false,false,false,false,false,false,false,false,false
false,false,false,false,false,false,false,false,false
false,false,false,false,false,false,false,false,false
false,false,false,false,false,false,false,false,false
false,false,false,false,false,false,false,false,false
false,false,false,false,false,false,false,false,false
false,false,false,false,false,false,false,false,false
false,false,false,false,false,false,false,false,false
false,false,false,false,false,false,false,false,false
false,false,false,false,false,false,false,false,false
false,false,false,false,false,false,false,false,false
false,false,false,false,false,false,false,false,false
false,false,false,false,false,false,false,false,false
false,false,false,false,false,false,false,false,false
false,false,false,false,false,false,false,false,false
false,false,false,false,false,false,false,false,false
false,false,false,false,false,false,false,false,false
false,false,false,false,false,false,false,false,false
false,false,false,false,false,false,false,false,false
false,false,false,false,false,false,false,false,false
false,false,false,false,false,false,false,false,false
false,false,false,false,false,false,false,false,false
false,false,false,false,false,false,false,false,false
false,false,false,false,false,false,false,false,false
false,false,false,false,false,false,false,false,false
false,false,false,false,false,false,false,false,false
false,false,false,false,false,false,false,false,false
false,false,false,false,false,false,false,false,false
false,false,false,false,false,false,false,false,false
false,false,false,false,false,false,false,false,false
false,false,false,false,false,false,false,false,false
false,false,false,false,false,false,false,false,false
false,false,false,false,false,false,false,false,false
false,false,false,false,false,false,false,false,false
false,false,false,false,false,false,false,false,false
false,false,false,false,false,false,false,false,false
false,false,false,false,false,false,false,false,false
false,false,false,false,false,false,false,false,false
false,false,false,false,false,false,false,false,false
false,false,false,false,false,false,false,false,false
false,false,false,false,false,false,false,false,false
false,false,false,false,false,false,false,false,false
false,false,false,false,false,false,false,false,false
false,false,false,false,false,false,false,false,false
false,false,false,false,false,false,false,false,false
false,false,false,false,false,false,false,false,false
false,false,false,false,false,false,false,false,false
false,false,false,false,false,false,false,false,false
false,false,false,false,false,false,false,false,false
false,false,false,false,false,false,false,false,false
false,false,false,false,false,false,false,false,false
false,false,false,false,false,false,false,false,false
false,false,false,false,false,false,false,false,false
false,false,false,false,false,false,false,false,false
false,false,false,false,false,false,false,false,false
false,false,false,false,false,false,false,false,false
false,false,false,false,false,false,false,false,false
false,false,false,false,false,false,false,false,false
false,false,false,false,false,false,false,false,false
false,false,false,false,false,false,false,false,false
false,false,false,false,false,false,false,false,false
false,false,false,false,false,false,false,false,false
false,false,false,false,false,false,false,false,false
false,false,false,false,false,false,false,false,false
false,false,false,false,false,false,false,false,false
false,false,false,false,false,false,false,false,false
false,false,false,false,false,false,false,false,false
false,false,false,false,false,false,false,false,false
false,false,false,false,false,false,false,false,false
false,false,false,false,false,false,false,false,false
false,false,false,false,false,false,false,false,false
false,false,false,false,false,false,false,false,false
false,false,false,false,false,false,false,false,false
false,false,false,false,false,false,false,false,false
false,false,false,false,false,false,false,false,false
false,false,false,false,false,false,false,false,false
false,false,false,false,false,false,false,false,false
false,false,false,false,false,false,false,false,false
false,false,false,false,false,false,false,false,false
false,false,false,false,false,false,false,false,false
false,false,false,false,false,false,false,false,false
false,false,false,false,false,false,false,false,false
false,false,false,false,false,false,false,false,false
false,false,false,false,false,false,false,false,false
false,false,false,false,false,false,false,false,false
false,false,false,false,false,false,false,false,false
false,false,false,false,false,false,false,false,false
false,false,false,false,false,false,false,false,false
false,false,false,false,false,false,false,false,false
false,false,false,false,false,false,false,false,false
false,false,false,false,false,false,false,false,false
false,false,false,false,false,false,false,false,false
false,false,false,false,false,false,false,false,false
false,false,false,false,false,false,false,false,false
false,false,false,false,false,false,false,false,false
false,false,false,false,false,false,false,false,false
false,false,false,false,false,false,false,false,false
false,false,false,false,false,false,false,false,false
false,false,false,false,false,false,false,false,false
false,false,false,false,false,false,false,false,false
false,false,false,false,false,false,false,false,false
false,false,false,false,false,false,false,false,false
false,false,false,false,false,false,false,false,false
false,false,false,false,false,false,false,false,false
false,false,false,false,false,false,false,false,false
false,false,false,false,false,false,false,false,false
false,false,false,false,false,false,false,false,false
false,false,false,false,false,false,false,false,false
false,false,false,false,false,false,false,false,false
false,false,false,false,false,false,false,false,false
false,false,false,false,false,false,false,false,false
false,false,false,false,false,false,false,false,false
false,false,false,false,false,false,false,false,false
false,false,false,false,false,false,false,false,false
false,false,false,false,false,false,false,false,false
false,false,false,false,false,false,false,false,false
false,false,false,false,false,false,false,false,false
false,false,false,false,false,false,false,false,false
false,false,false,false,false,false,false,false,false
false,false,false,false,false,false,false,false,false
false,false,false,false,false,false,false,false,false
false,false,false,false,false,false,false,false,false
false,false,false,false,false,false,false,false,false
false,false,false,false,false,false,false,false,false
false,false,false,false,false,false,false,false,false
false,false,false,false,false,false,false,false,false
false,false,false,false,false,false,false,false,false
false,false,false,false,false,false,false,false,false
false,false,false,false,false,false,false,false,false
false,false,false,false,false,false,false,false,false
false,false,false,false,false,false,false,false,false
false,false,false,false,false,false,false,false,false
false,false,false,false,false,false,false,false,false
false,false,false,false,false,false,false,false,false
false,false,false,false,false,false,false,false,false
false,false,false,false,false,false,false,false,false
false,false,false,false,false,false,false,false,false
false,false,false,false,false,false,false,false,false
false,false,false,false,false,false,false,false,false
false,false,false,false,false,false,false,false,false
false,false,false,false,false,false,false,false,false
false,false,false,false,false,false,false,false,false
false,false,false,false,false,false,false,false,false
false,false,false,false,false,false,false,false,false
false,false,false,false,false,false,false,false,false
false,false,false,false,false,false,false,false,false
false,false,false,false,false,false,false,false,false
false,false,false,false,false,false,false,false,false
false,false,false,false,false,false,false,false,false
false,false,false,false,false,false,false,false,false
false,false,false,false,false,false,false,false,false
false,false,false,false,false,false,false,false,false
false,false,false,false,false,false,false,false,false
false,false,false,false,false,false,false,false,false
false,false,false,false,false,false,false,false,false
false,false,false,false,false,false,false,false,false
false,false,false,false,false,false,false,false,false
false,false,false,false,false,false,false,false,false
false,false,false,false,false,false,false,false,false
false,false,false,false,false,false,false,false,false
false,false,false,false,false,false,false,false,false
false,false,false,false,false,false,false,false,false
false,false,false,false,false,false,false,false,false
false,false,false,false,false,false,false,false,false
false,false,false,false,false,false,false,false,false
false,false,false,false,false,false,false,false,false
false,false,false,false,false,false,false,false,false
false,false,false,false,false,false,false,false,false
false,false,false,false,false,false,false,false,false
false,false,false,false,false,false,false,false,false
false,false,false,false,false,false,false,false,false
false,false,false,false,false,false,false,false,false
false,false,false,false,false,false,false,false,false
false,false,false,false,false,false,false,false,false
false,false,false,false,false,false,false,false,false
false,false,false,false,false,false,false,false,false
false,false,false,false,false,false,false,false,false
false,false,false,false,false,false,false,false,false
false,false,false,false,false,false,false,false,false
false,false,false,false,false,false,false,false,false
false,false,false,false,false,false,false,false,false
false,false,false,false,false,false,false,false,false
false,false,false,false,false,false,false,false,false
false,false,false,false,false,false,false,false,false
false,false,false,false,false,false,false,false,false
false,false,false,false,false,false,false,false,false
false,false,false,false,false,false,false,false,false
false,false,false,false,false,false,false,false,false
false,false,false,false,false,false,false,false,false
false,false,false,false,false,false,false,false,false
false,false,false,false,false,false,false,false,false
false,false,false,false,false,false,false,false,false
false,false,false,false,false,false,false,false,false
false,false,false,false,false,false,false,false,false
false,false,false,false,false,false,false,false,false
false,false,false,false,false,false,false,false,false
false,false,false,false,false,false,false,false,false
false,false,false,false,false,false,false,false,false
false,false,false,false,false,false,false,false,false
false,false,false,false,false,false,false,false,false
false,false,false,false,false,false,false,false,false
false,false,false,false,false,false,false,false,false
false,false,false,false,false,false,false,false,false
false,false,false,false,false,false,false,false,false
false,false,false,false,false,false,false,false,false
false,false,false,false,false,false,false,false,false
false,false,false,false,false,false,false,false,false
false,false,false,false,false,false,false,false,false
false,false,false,false,false,false,false,false,false
false,false,false,false,false,false,false,false,false
false,false,false,false,false,false,false,false,false
false,false,false,false,false,false,false,false,false
false,false,false,false,false,false,false,false,false
false,false,false,false,false,false,false,false,false
false,false,false,false,false,false,false,false,false
false,false,false,false,false,false,false,false,false
false,false,false,false,false,false,false,false,false
false,false,false,false,false,false,false,false,false
false,false,false,false,false,false,false,false,false
false,false,false,false,false,false,false,false,false
false,false,false,false,false,false,false,false,false
false,false,false,false,false,false,false,false,false
false,false,false,false,false,false,false,false,false
false,false,false,false,false,false,false,false,false
false,false,false,false,false,false,false,false,false
false,false,false,false,false,false,false,false,false
false,false,false,false,false,false,false,false,false
false,false,false,false,false,false,false,false,false
false,false,false,false,false,false,false,false,false
false,false,false,false,false,false,false,false,false
false,false,false,false,false,false,false,false,false
false,false,false,false,false,false,false,false,false
false,false,false,false,false,false,false,false,false
false,false,false,false,false,false,false,false,false
false,false,false,false,false,false,false,false,false
false,false,false,false,false,false,false,false,false
false,false,false,false,false,false,false,false,false
false,false,false,false,false,false,false,false,false
false,false,false,false,false,false,false,false,false
false,false,false,false,false,false,false,false,false
false,false,false,false,false,false,false,false,false
false,false,false,false,false,false,false,false,false
false,false,false,false,false,false,false,false,false
false,false,false,false,false,false,false,false,false
false,false,false,false,false,false,false,false,false
false,false,false,false,false,false,false,false,false
false,false,false,false,false,false,false,false,false
false,false,false,false,false,false,false,false,false
false,false,false,false,false,false,false,false,false
false,false,false,false,false,false,false,false,false
false,false,false,false,false,false,false,false,false
false,false,false,false,false,false,false,false,false
false,false,false,false,false,false,false,false,false
false,false,false,false,false,false,false,false,false
false,false,false,false,false,false,false,false,false
false,false,false,false,false,false,false,false,false
false,false,false,false,false,false,false,false,false
false,false,false,false,false,false,false,false,false
false,false,false,false,false,false,false,false,false
false,false,false,false,false,false,false,false,false
false,false,false,false,false,false,false,false,false
false,false,false,false,false,false,false,false,false
false,false,false,false,false,false,false,false,false
false,false,false,false,false,false,false,false,false
false,false,false,false,false,false,false,false,false
false,false,false,false,false,false,false,false,false
false,false,false,false,false,false,false,false,false
false,false,false,false,false,false,false,false,false
false,false,false,false,false,false,false,false,false
false,false,false,false,false,false,false,false,false
false,false,false,false,false,false,false,false,false
false,false,false,false,false,false,false,false,false
false,false,false,false,false,false,false,false,false
false,false,false,false,false,false,false,false,false
false,false,false,false,false,false,false,false,false
false,false,false,false,false,false,false,false,false
false,false,false,false,false,false,false,false,false
false,false,false,false,false,false,false,false,false
false,false,false,false,false,false,false,false,false
false,false,false,false,false,false,false,false,false
false,false,false,false,false,false,false,false,false
false,false,false,false,false,false,false,false,false
false,false,false,false,false,false,false,false,false
false,false,false,false,false,false,false,false,false
false,false,false,false,false,false,false,false,false
false,false,false,false,false,false,false,false,false
false,false,false,false,false,false,false,false,false
false,false,false,false,false,false,false,false,false
false,false,false,false,false,false,false,false,false
false,false,false,false,false,false,false,false,false
false,false,false,false,false,false,false,false,false
false,false,false,false,false,false,false,false,false
false,false,false,false,false,false,false,false,false
false,false,false,false,false,false,false,false,false
false,false,false,false,false,false,false,false,false
false,false,false,false,false,false,false,false,false
false,false,false,false,false,false,false,false,false
false,false,false,false,false,false,false,false,false
false,false,false,false,false,false,false,false,false
false,false,false,false,false,false,false,false,false
false,false,false,false,false,false,false,false,false
false,false,false,false,false,false,false,false,false
false,false,false,false,false,false,false,false,false
false,false,false,false,false,false,false,false,false
false,false,false,false,false,false,false,false,false
false,false,false,false,false,false,false,false,false
false,false,false,false,false,false,false,false,false
false,false,false,false,false,false,false,false,false
false,false,false,false,false,false,false,false,false
false,false,false,false,false,false,false,false,false
false,false,false,false,false,false,false,false,false
false,false,false,false,false,false,false,false,false
false,false,false,false,false,false,false,false,false
false,false,false,false,false,false,false,false,false
false,false,false,false,false,false,false,false,false
false,false,false,false,false,false,false,false,false
false,false,false,false,false,false,false,false,false
false,false,false,false,false,false,false,false,false
false,false,false,false,false,false,false,false,false
false,false,false,false,false,false,false,false,false
false,false,false,false,false,false,false,false,false
false,false,false,false,false,false,false,false,false
false,false,false,false,false,false,false,false,false
false,false,false,false,false,false,false,false,false
false,false,false,false,false,false,false,false,false
false,false,false,false,false,false,false,false,false
false,false,false,false,false,false,false,false,false
false,false,false,false,false,false,false,false,false
false,false,false,false,false,false,false,false,false
false,false,false,false,false,false,false,false,false
false,false,false,false,false,false,false,false,false
false,false,false,false,false,false,false,false,false
false,false,false,false,false,false,false,false,false
false,false,false,false,false,false,false,false,false
false,false,false,false,false,false,false,false,false
false,false,false,false,false,false,false,false,false
false,false,false,false,false,false,false,false,false
false,false,false,false,false,false,false,false,false
false,false,false,false,false,false,false,false,false
false,false,false,false,false,false,false,false,false
false,false,false,false,false,false,false,false,false
false,false,false,false,false,false,false,false,false
false,false,false,false,false,false,false,false,false
false,false,false,false,false,false,false,false,false
false,false,false,false,false,false,false,false,false
false,false,false,false,false,false,false,false,false
false,false,false,false,false,false,false,false,false
false,false,false,false,false,false,false,false,false
false,false,false,false,false,false,false,false,false
false,false,false,false,false,false,false,false,false
false,false,false,false,false,false,false,false,false
false,false,false,false,false,false,false,false,false
false,false,false,false,false,false,false,false,false
false,false,false,false,false,false,false,false,false
false,false,false,false,false,false,false,false,false
false,false,false,false,false,false,false,false,false
false,false,false,false,false,false,false,false,false
false,false,false,false,false,false,false,false,false
false,false,false,false,false,false,false,false,false
false,false,false,false,false,false,false,false,false
false,false,false,false,false,false,false,false,false
false,false,false,false,false,false,false,false,false
false,false,false,false,false,false,false,false,false
false,false,false,false,false,false,false,false,false
false,false,false,false,false,false,false,false,false
false,false,false,false,false,false,false,false,false
false,false,false,false,false,false,false,false,false
false,false,false,false,false,false,false,false,false
false,false,false,false,false,false,false,false,false
false,false,false,false,false,false,false,false,false
false,false,false,false,false,false,false,false,false
false,false,false,false,false,false,false,false,false
false,false,false,false,false,false,false,false,false
false,false,false,false,false,false,false,false,false
false,false,false,false,false,false,false,false,false
false,false,false,false,false,false,false,false,false
false,false,false,false,false,false,false,false,false
false,false,false,false,false,false,false,false,false
false,false,false,false,false,false,false,false,false
false,false,false,false,false,false,false,false,false
false,false,false,false,false,false,false,false,false
false,false,false,false,false,false,false,false,false
false,false,false,false,false,false,false,false,false
false,false,false,false,false,false,false,false,false
false,false,false,false,false,false,false,false,false
false,false,false,false,false,false,false,false,false
false,false,false,false,false,false,false,false,false
false,false,false,false,false,false,false,false,false
false,false,false,false,false,false,false,false,false
false,false,false,false,false,false,false,false,false
false,false,false,false,false,false,false,false,false
false,false,false,false,false,false,false,false,false
false,false,false,false,false,false,false,false,false
false,false,false,false,false,false,false,false,false
false,false,false,false,false,false,false,false,false
false,false,false,false,false,false,false,false,false
false,false,false,false,false,false,false,false,false
false,false,false,false,false,false,false,false,false
false,false,false,false,false,false,false,false,false
false,false,false,false,false,false,false,false,false
false,false,false,false,false,false,false,false,false
false,false,false,false,false,false,false,false,false
false,false,false,false,false,false,false,false,false
false,false,false,false,false,false,false,false,false
false,false,false,false,false,false,false,false,false
false,false,false,false,false,false,false,false,false
false,false,false,false,false,false,false,false,false
false,false,false,false,false,false,false,false,false
false,false,false,false,false,false,false,false,false
false,false,false,false,false,false,false,false,false
false,false,false,false,false,false,false,false,false
false,false,false,false,false,false,false,false,false
false,false,false,false,false,false,false,false,false
false,false,false,false,false,false,false,false,false
false,false,false,false,false,false,false,false,false
false,false,false,false,false,false,false,false,false
false,false,false,false,false,false,false,false,false
false,false,false,false,false,false,false,false,false
false,false,false,false,false,false,false,false,false
false,false,false,false,false,false,false,false,false
false,false,false,false,false,false,false,false,false
false,false,false,false,false,false,false,false,false
false,false,false,false,false,false,false,false,false
false,false,false,false,false,false,false,false,false
false,false,false,false,false,false,false,false,false
false,false,false,false,false,false,false,false,false
false,false,false,false,false,false,false,false,false
false,false,false,false,false,false,false,false,false
false,false,false,false,false,false,false,false,false
false,false,false,false,false,false,false,false,false
false,false,false,false,false,false,false,false,false
false,false,false,false,false,false,false,false,false
false,false,false,false,false,false,false,false,false
false,false,false,false,false,false,false,false,false
false,false,false,false,false,false,false,false,false
false,false,false,false,false,false,false,false,false
false,false,false,false,false,false,false,false,false
false,false,false,false,false,false,false,false,false
false,false,false,false,false,false,false,false,false
false,false,false,false,false,false,false,false,false
false,false,false,false,false,false,false,false,false
false,false,false,false,false,false,false,false,false
false,false,false,false,false,false,false,false,false
false,false,false,false,false,false,false,false,false
false,false,false,false,false,false,false,false,false
false,false,false,false,false,false,false,false,false
false,false,false,false,false,false,false,false,false
false,false,false,false,false,false,false,false,false
false,false,false,false,false,false,false,false,false
false,false,false,false,false,false,false,false,false
false,false,false,false,false,false,false,false,false
false,false,false,false,false,false,false,false,false
false,false,false,false,false,false,false,false,false
false,false,false,false,false,false,false,false,false
false,false,false,false,false,false,false,false,false
false,false,false,false,false,false,false,false,false
false,false,false,false,false,false,false,false,false
false,false,false,false,false,false,false,false,false
false,false,false,false,false,false,false,false,false
false,false,false,false,false,false,false,false,false
false,false,false,false,false,false,false,false,false
false,false,false,false,false,false,false,false,false
false,false,false,false,false,false,false,false,false
false,false,false,false,false,false,false,false,false
false,false,false,false,false,false,false,false,false
false,false,false,false,false,false,false,false,false
false,false,false,false,false,false,false,false,false
false,false,false,false,false,false,false,false,false
false,false,false,false,false,false,false,false,false
false,false,false,false,false,false,false,false,false
false,false,false,false,false,false,false,false,false
false,false,false,false,false,false,false,false,false
false,false,false,false,false,false,false,false,false
false,false,false,false,false,false,false,false,false
false,false,false,false,false,false,false,false,false
false,false,false,false,false,false,false,false,false
false,false,false,false,false,false,false,false,false
false,false,false,false,false,false,false,false,false
false,false,false,false,false,false,false,false,false
false,false,false,false,false,false,false,false,false
false,false,false,false,false,false,false,false,false
false,false,false,false,false,false,false,false,false
false,false,false,false,false,false,false,false,false
false,false,false,false,false,false,false,false,false
false,false,false,false,false,false,false,false,false
false,false,false,false,false,false,false,false,false
false,false,false,false,false,false,false,false,false
false,false,false,false,false,false,false,false,false
false,false,false,false,false,false,false,false,false
false,false,false,false,false,false,false,false,false
false,false,false,false,false,false,false,false,false
false,false,false,false,false,false,false,false,false
false,false,false,false,false,false,false,false,false
false,false,false,false,false,false,false,false,false
false,false,false,false,false,false,false,false,false
false,false,false,false,false,false,false,false,false
false,false,false,false,false,false,false,false,false
false,false,false,false,false,false,false,false,false
false,false,false,false,false,false,false,false,false
false,false,false,false,false,false,false,false,false
false,false,false,false,false,false,false,false,false
false,false,false,false,false,false,false,false,false
false,false,false,false,false,false,false,false,false
false,false,false,false,false,false,false,false,false
false,false,false,false,false,false,false,false,false
false,false,false,false,false,false,false,false,false
false,false,false,false,false,false,false,false,false
false,false,false,false,false,false,false,false,false
false,false,false,false,false,false,false,false,false
false,false,false,false,false,false,false,false,false
false,false,false,false,false,false,false,false,false
false,false,false,false,false,false,false,false,false
false,false,false,false,false,false,false,false,false
false,false,false,false,false,false,false,false,false
false,false,false,false,false,false,false,false,false
false,false,false,false,false,false,false,false,false
false,false,false,false,false,false,false,false,false
false,false,false,false,false,false,false,false,false
false,false,false,false,false,false,false,false,false
false,false,false,false,false,false,false,false,false
false,false,false,false,false,false,false,false,false
false,false,false,false,false,false,false,false,false
false,false,false,false,false,false,false,false,false
false,false,false,false,false,false,false,false,false
false,false,false,false,false,false,false,false,false
false,false,false,false,false,false,false,false,false
false,false,false,false,false,false,false,false,false
false,false,false,false,false,false,false,false,false
false,false,false,false,false,false,false,false,false
false,false,false,false,false,false,false,false,false
false,false,false,false,false,false,false,false,false
false,false,false,false,false,false,false,false,false
false,false,false,false,false,false,false,false,false
false,false,false,false,false,false,false,false,false
false,false,false,false,false,false,false,false,false
false,false,false,false,false,false,false,false,false
false,false,false,false,false,false,false,false,false
false,false,false,false,false,false,false,false,false
false,false,false,false,false,false,false,false,false
false,false,false,false,false,false,false,false,false
false,false,false,false,false,false,false,false,false
false,false,false,false,false,false,false,false,false
false,false,false,false,false,false,false,false,false
false,false,false,false,false,false,false,false,false
false,false,false,false,false,false,false,false,false
false,false,false,false,false,false,false,false,false
false,false,false,false,false,false,false,false,false
false,false,false,false,false,false,false,false,false
false,false,false,false,false,false,false,false,false
false,false,false,false,false,false,false,false,false
false,false,false,false,false,false,false,false,false
false,false,false,false,false,false,false,false,false
false,false,false,false,false,false,false,false,false
false,false,false,false,false,false,false,false,false
false,false,false,false,false,false,false,false,false
false,false,false,false,false,false,false,false,false
false,false,false,false,false,false,false,false,false
false,false,false,false,false,false,false,false,false
false,false,false,false,false,false,false,false,false
false,false,false,false,false,false,false,false,false
false,false,false,false,false,false,false,false,false
false,false,false,false,false,false,false,false,false
false,false,false,false,false,false,false,false,false
false,false,false,false,false,false,false,false,false
false,false,false,false,false,false,false,false,false
false,false,false,false,false,false,false,false,false
false,false,false,false,false,false,false,false,false
false,false,false,false,false,false,false,false,false
false,false,false,false,false,false,false,false,false
false,false,false,false,false,false,false,false,false
false,false,false,false,false,false,false,false,false
false,false,false,false,false,false,false,false,false
false,false,false,false,false,false,false,false,false
false,false,false,false,false,false,false,false,false
false,false,false,false,false,false,false,false,false
false,false,false,false,false,false,false,false,false
false,false,false,false,false,false,false,false,false
false,false,false,false,false,false,false,false,false
false,false,false,false,false,false,false,false,false
false,false,false,false,false,false,false,false,false
false,false,false,false,false,false,false,false,false
false,false,false,false,false,false,false,false,false
false,false,false,false,false,false,false,false,false
false,false,false,false,false,false,false,false,false
false,false,false,false,false,false,false,false,false
false,false,false,false,false,false,false,false,false
false,false,false,false,false,false,false,false,false
false,false,false,false,false,false,false,false,false
false,false,false,false,false,false,false,false,false
false,false,false,false,false,false,false,false,false
false,false,false,false,false,false,false,false,false
false,false,false,false,false,false,false,false,false
false,false,false,false,false,false,false,false,false
false,false,false,false,false,false,false,false,false
false,false,false,false,false,false,false,false,false
false,false,false,false,false,false,false,false,false
false,false,false,false,false,false,false,false,false
false,false,false,false,false,false,false,false,false
false,false,false,false,false,false,false,false,false
false,false,false,false,false,false,false,false,false
false,false,false,false,false,false,false,false,false
false,false,false,false,false,false,false,false,false
false,false,false,false,false,false,false,false,false
false,false,false,false,false,false,false,false,false
false,false,false,false,false,false,false,false,false
false,false,false,false,false,false,false,false,false
false,false,false,false,false,false,false,false,false
false,false,false,false,false,false,false,false,false
false,false,false,false,false,false,false,false,false
false,false,false,false,false,false,false,false,false
false,false,false,false,false,false,false,false,false
false,false,false,false,false,false,false,false,false
false,false,false,false,false,false,false,false,false
false,false,false,false,false,false,false,false,false
false,false,false,false,false,false,false,false,false
false,false,false,false,false,false,false,false,false
false,false,false,false,false,false,false,false,false
false,false,false,false,false,false,false,false,false
false,false,false,false,false,false,false,false,false
false,false,false,false,false,false,false,false,false
false,false,false,false,false,false,false,false,false
false,false,false,false,false,false,false,false,false
false,false,false,false,false,false,false,false,false
false,false,false,false,false,false,false,false,false
false,false,false,false,false,false,false,false,false
false,false,false,false,false,false,false,false,false
false,false,false,false,false,false,false,false,false
false,false,false,false,false,false,false,false,false
false,false,false,false,false,false,false,false,false
false,false,false,false,false,false,false,false,false
false,false,false,false,false,false,false,false,false
false,false,false,false,false,false,false,false,false
false,false,false,false,false,false,false,false,false
false,false,false,false,false,false,false,false,false
false,false,false,false,false,false,false,false,false
false,false,false,false,false,false,false,false,false
false,false,false,false,false,false,false,false,false
false,false,false,false,false,false,false,false,false
false,false,false,false,false,false,false,false,false
false,false,false,false,false,false,false,false,false
false,false,false,false,false,false,false,false,false
false,false,false,false,false,false,false,false,false
false,false,false,false,false,false,false,false,false
false,false,false,false,false,false,false,false,false
false,false,false,false,false,false,false,false,false
false,false,false,false,false,false,false,false,false
false,false,false,false,false,false,false,false,false
false,false,false,false,false,false,false,false,false
false,false,false,false,false,false,false,false,false
false,false,false,false,false,false,false,false,false
false,false,false,false,false,false,false,false,false
false,false,false,false,false,false,false,false,false
false,false,false,false,false,false,false,false,false
false,false,false,false,false,false,false,false,false
false,false,false,false,false,false,false,false,false
false,false,false,false,false,false,false,false,false
false,false,false,false,false,false,false,false,false
false,false,false,false,false,false,false,false,false
false,false,false,false,false,false,false,false,false
false,false,false,false,false,false,false,false,false
false,false,false,false,false,false,false,false,false
false,false,false,false,false,false,false,false,false
false,false,false,false,false,false,false,false,false
false,false,false,false,false,false,false,false,false
false,false,false,false,false,false,false,false,false
false,false,false,false,false,false,false,false,false
false,false,false,false,false,false,false,false,false
false,false,false,false,false,false,false,false,false
false,false,false,false,false,false,false,false,false
false,false,false,false,false,false,false,false,false
false,false,false,false,false,false,false,false,false
false,false,false,false,false,false,false,false,false
false,false,false,false,false,false,false,false,false
false,false,false,false,false,false,false,false,false
false,false,false,false,false,false,false,false,false
false,false,false,false,false,false,false,false,false
false,false,false,false,false,false,false,false,false
false,false,false,false,false,false,false,false,false
false,false,false,false,false,false,false,false,false
false,false,false,false,false,false,false,false,false
false,false,false,false,false,false,false,false,false
false,false,false,false,false,false,false,false,false
false,false,false,false,false,false,false,false,false
false,false,false,false,false,false,false,false,false
false,false,false,false,false,false,false,false,false
false,false,false,false,false,false,false,false,false
false,false,false,false,false,false,false,false,false
false,false,false,false,false,false,false,false,false
false,false,false,false,false,false,false,false,false
false,false,false,false,false,false,false,false,false
false,false,false,false,false,false,false,false,false
false,false,false,false,false,false,false,false,false
false,false,false,false,false,false,false,false,false
false,false,false,false,false,false,false,false,false
false,false,false,false,false,false,false,false,false
false,false,false,false,false,false,false,false,false
false,false,false,false,false,false,false,false,false
false,false,false,false,false,false,false,false,false
false,false,false,false,false,false,false,false,false
false,false,false,false,false,false,false,false,false
false,false,false,false,false,false,false,false,false
false,false,false,false,false,false,false,false,false
false,false,false,false,false,false,false,false,false
false,false,false,false,false,false,false,false,false
false,false,false,false,false,false,false,false,false
false,false,false,false,false,false,false,false,false
false,false,false,false,false,false,false,false,false
false,false,false,false,false,false,false,false,false
false,false,false,false,false,false,false,false,false
false,false,false,false,false,false,false,false,false
false,false,false,false,false,false,false,false,false
false,false,false,false,false,false,false,false,false
false,false,false,false,false,false,false,false,false
false,false,false,false,false,false,false,false,false
false,false,false,false,false,false,false,false,false
false,false,false,false,false,false,false,false,false
false,false,false,false,false,false,false,false,false
false,false,false,false,false,false,false,false,false
false,false,false,false,false,false,false,false,false
false,false,false,false,false,false,false,false,false
false,false,false,false,false,false,false,false,false
false,false,false,false,false,false,false,false,false
false,false,false,false,false,false,false,false,false
false,false,false,false,false,false,false,false,false
false,false,false,false,false,false,false,false,false
false,false,false,false,false,false,false,false,false
false,false,false,false,false,false,false,false,false
false,false,false,false,false,false,false,false,false
false,false,false,false,false,false,false,false,false
false,false,false,false,false,false,false,false,false
false,false,false,false,false,false,false,false,false
false,false,false,false,false,false,false,false,false
false,false,false,false,false,false,false,false,false
false,false,false,false,false,false,false,false,false
false,false,false,false,false,false,false,false,false
false,false,false,false,false,false,false,false,false
false,false,false,false,false,false,false,false,false
false,false,false,false,false,false,false,false,false
false,false,false,false,false,false,false,false,false
false,false,false,false,false,false,false,false,false
false,false,false,false,false,false,false,false,false
false,false,false,false,false,false,false,false,false
false,false,false,false,false,false,false,false,false
false,false,false,false,false,false,false,false,false
false,false,false,false,false,false,false,false,false
false,false,false,false,false,false,false,false,false
false,false,false,false,false,false,false,false,false
false,false,false,false,false,false,false,false,false
false,false,false,false,false,false,false,false,false
false,false,false,false,false,false,false,false,false
false,false,false,false,false,false,false,false,false
false,false,false,false,false,false,false,false,false
false,false,false,false,false,false,false,false,false
false,false,false,false,false,false,false,false,false
false,false,false,false,false,false,false,false,false
false,false,false,false,false,false,false,false,false
false,false,false,false,false,false,false,false,false
false,false,false,false,false,false,false,false,false
false,false,false,false,false,false,false,false,false
false,false,false,false,false,false,false,false,false
false,false,false,false,false,false,false,false,false
false,false,false,false,false,false,false,false,false
false,false,false,false,false,false,false,false,false
false,false,false,false,false,false,false,false,false
false,false,false,false,false,false,false,false,false
false,false,false,false,false,false,false,false,false
false,false,false,false,false,false,false,false,false
false,false,false,false,false,false,false,false,false
false,false,false,false,false,false,false,false,false
false,false,false,false,false,false,false,false,false
false,false,false,false,false,false,false,false,false
false,false,false,false,false,false,false,false,false
false,false,false,false,false,false,false,false,false
false,false,false,false,false,false,false,false,false
false,false,false,false,false,false,false,false,false
false,false,false,false,false,false,false,false,false
false,false,false,false,false,false,false,false,false
false,false,false,false,false,false,false,false,false
false,false,false,false,false,false,false,false,false
false,false,false,false,false,false,false,false,false
false,false,false,false,false,false,false,false,false
false,false,false,false,false,false,false,false,false
false,false,false,false,false,false,false,false,false
false,false,false,false,false,false,false,false,false
false,false,false,false,false,false,false,false,false
false,false,false,false,false,false,false,false,false
false,false,false,false,false,false,false,false,false
false,false,false,false,false,false,false,false,false
false,false,false,false,false,false,false,false,false
false,false,false,false,false,false,false,false,false
false,false,false,false,false,false,false,false,false
false,false,false,false,false,false,false,false,false
false,false,false,false,false,false,false,false,false
false,false,false,false,false,false,false,false,false
false,false,false,false,false,false,false,false,false
false,false,false,false,false,false,false,false,false
false,false,false,false,false,false,false,false,false
false,false,false,false,false,false,false,false,false
false,false,false,false,false,false,false,false,false
false,false,false,false,false,false,false,false,false
false,false,false,false,false,false,false,false,false
false,false,false,false,false,false,false,false,false
false,false,false,false,false,false,false,false,false
false,false,false,false,false,false,false,false,false
false,false,false,false,false,false,false,false,false
false,false,false,false,false,false,false,false,false
false,false,false,false,false,false,false,false,false
false,false,false,false,false,false,false,false,false
false,false,false,false,false,false,false,false,false
false,false,false,false,false,false,false,false,false
false,false,false,false,false,false,false,false,false
false,false,false,false,false,false,false,false,false
false,false,false,false,false,false,false,false,false
false,false,false,false,false,false,false,false,false
false,false,false,false,false,false,false,false,false
false,false,false,false,false,false,false,false,false
false,false,false,false,false,false,false,false,false
false,false,false,false,false,false,false,false,false
false,false,false,false,false,false,false,false,false
false,false,false,false,false,false,false,false,false
false,false,false,false,false,false,false,false,false
false,false,false,false,false,false,false,false,false
false,false,false,false,false,false,false,false,false
false,false,false,false,false,false,false,false,false
false,false,false,false,false,false,false,false,false
false,false,false,false,false,false,false,false,false
false,false,false,false,false,false,false,false,false
false,false,false,false,false,false,false,false,false
false,false,false,false,false,false,false,false,false
false,false,false,false,false,false,false,false,false
false,false,false,false,false,false,false,false,false
false,false,false,false,false,false,false,false,false
false,false,false,false,false,false,false,false,false
false,false,false,false,false,false,false,false,false
false,false,false,false,false,false,false,false,false
false,false,false,false,false,false,false,false,false
false,false,false,false,false,false,false,false,false
false,false,false,false,false,false,false,false,false
false,false,false,false,false,false,false,false,false
false,false,false,false,false,false,false,false,false
false,false,false,false,false,false,false,false,false
false,false,false,false,false,false,false,false,false
false,false,false,false,false,false,false,false,false
false,false,false,false,false,false,false,false,false
false,false,false,false,false,false,false,false,false
false,false,false,false,false,false,false,false,false
false,false,false,false,false,false,false,false,false
false,false,false,false,false,false,false,false,false
false,false,false,false,false,false,false,false,false
false,false,false,false,false,false,false,false,false
false,false,false,false,false,false,false,false,false
false,false,false,false,false,false,false,false,false
false,false,false,false,false,false,false,false,false
false,false,false,false,false,false,false,false,false
false,false,false,false,false,false,false,false,false
false,false,false,false,false,false,false,false,false
false,false,false,false,false,false,false,false,false
false,false,false,false,false,false,false,false,false
false,false,false,false,false,false,false,false,false
false,false,false,false,false,false,false,false,false
false,false,false,false,false,false,false,false,false
false,false,false,false,false,false,false,false,false
false,false,false,false,false,false,false,false,false
false,false,false,false,false,false,false,false,false
false,false,false,false,false,false,false,false,false
false,false,false,false,false,false,false,false,false
false,false,false,false,false,false,false,false,false
false,false,false,false,false,false,false,false,false
false,false,false,false,false,false,false,false,false
false,false,false,false,false,false,false,false,false
false,false,false,false,false,false,false,false,false
false,false,false,false,false,false,false,false,false
false,false,false,false,false,false,false,false,false
false,false,false,false,false,false,false,false,false
false,false,false,false,false,false,false,false,false
false,false,false,false,false,false,false,false,false
false,false,false,false,false,false,false,false,false
false,false,false,false,false,false,false,false,false
false,false,false,false,false,false,false,false,false
false,false,false,false,false,false,false,false,false
false,false,false,false,false,false,false,false,false
false,false,false,false,false,false,false,false,false
false,false,false,false,false,false,false,false,false
false,false,false,false,false,false,false,false,false
false,false,false,false,false,false,false,false,false
false,false,false,false,false,false,false,false,false
false,false,false,false,false,false,false,false,false
false,false,false,false,false,false,false,false,false
false,false,false,false,false,false,false,false,false
false,false,false,false,false,false,false,false,false
false,false,false,false,false,false,false,false,false
false,false,false,false,false,false,false,false,false
false,false,false,false,false,false,false,false,false
false,false,false,false,false,false,false,false,false
false,false,false,false,false,false,false,false,false
false,false,false,false,false,false,false,false,false
false,false,false,false,false,false,false,false,false
false,false,false,false,false,false,false,false,false
false,false,false,false,false,false,false,false,false
false,false,false,false,false,false,false,false,false
false,false,false,false,false,false,false,false,false
false,false,false,false,false,false,false,false,false
false,false,false,false,false,false,false,false,false
false,false,false,false,false,false,false,false,false
false,false,false,false,false,false,false,false,false
false,false,false,false,false,false,false,false,false
false,false,false,false,false,false,false,false,false
false,false,false,false,false,false,false,false,false
false,false,false,false,false,false,false,false,false
false,false,false,false,false,false,false,false,false
false,false,false,false,false,false,false,false,false
false,false,false,false,false,false,false,false,false
false,false,false,false,false,false,false,false,false
false,false,false,false,false,false,false,false,false
false,false,false,false,false,false,false,false,false
false,false,false,false,false,false,false,false,false
false,false,false,false,false,false,false,false,false
false,false,false,false,false,false,false,false,false
false,false,false,false,false,false,false,false,false
false,false,false,false,false,false,false,false,false
false,false,false,false,false,false,false,false,false
false,false,false,false,false,false,false,false,false
false,false,false,false,false,false,false,false,false
false,false,false,false,false,false,false,false,false
false,false,false,false,false,false,false,false,false
false,false,false,false,false,false,false,false,false
false,false,false,false,false,false,false,false,false
false,false,false,false,false,false,false,false,false
false,false,false,false,false,false,false,false,false
false,false,false,false,false,false,false,false,false
false,false,false,false,false,false,false,false,false
false,false,false,false,false,false,false,false,false
false,false,false,false,false,false,false,false,false
false,false,false,false,false,false,false,false,false
false,false,false,false,false,false,false,false,false
false,false,false,false,false,false,false,false,false
false,false,false,false,false,false,false,false,false
false,false,false,false,false,false,false,false,false
false,false,false,false,false,false,false,false,false
false,false,false,false,false,false,false,false,false
false,false,false,false,false,false,false,false,false
false,false,false,false,false,false,false,false,false
false,false,false,false,false,false,false,false,false
false,false,false,false,false,false,false,false,false
false,false,false,false,false,false,false,false,false
false,false,false,false,false,false,false,false,false
false,false,false,false,false,false,false,false,false
false,false,false,false,false,false,false,false,false
false,false,false,false,false,false,false,false,false
false,false,false,false,false,false,false,false,false
false,false,false,false,false,false,false,false,false
false,false,false,false,false,false,false,false,false
false,false,false,false,false,false,false,false,false
false,false,false,false,false,false,false,false,false
false,false,false,false,false,false,false,false,false
false,false,false,false,false,false,false,false,false
false,false,false,false,false,false,false,false,false
false,false,false,false,false,false,false,false,false
false,false,false,false,false,false,false,false,false
false,false,false,false,false,false,false,false,false
false,false,false,false,false,false,false,false,false
false,false,false,false,false,false,false,false,false
false,false,false,false,false,false,false,false,false
false,false,false,false,false,false,false,false,false
false,false,false,false,false,false,false,false,false
false,false,false,false,false,false,false,false,false
false,false,false,false,false,false,false,false,false
false,false,false,false,false,false,false,false,false
false,false,false,false,false,false,false,false,false
false,false,false,false,false,false,false,false,false
false,false,false,false,false,false,false,false,false
false,false,false,false,false,false,false,false,false
false,false,false,false,false,false,false,false,false
false,false,false,false,false,false,false,false,false
false,false,false,false,false,false,false,false,false
false,false,false,false,false,false,false,false,false
false,false,false,false,false,false,false,false,false
false,false,false,false,false,false,false,false,false
false,false,false,false,false,false,false,false,false
false,false,false,false,false,false,false,false,false
false,false,false,false,false,false,false,false,false
false,false,false,false,false,false,false,false,false
false,false,false,false,false,false,false,false,false
false,false,false,false,false,false,false,false,false
false,false,false,false,false,false,false,false,false
false,false,false,false,false,false,false,false,false
false,false,false,false,false,false,false,false,false
false,false,false,false,false,false,false,false,false
false,false,false,false,false,false,false,false,false
false,false,false,false,false,false,false,false,false
false,false,false,false,false,false,false,false,false
false,false,false,false,false,false,false,false,false
false,false,false,false,false,false,false,false,false
false,false,false,false,false,false,false,false,false
false,false,false,false,false,false,false,false,false
false,false,false,false,false,false,false,false,false
false,false,false,false,false,false,false,false,false
false,false,false,false,false,false,false,false,false
false,false,false,false,false,false,false,false,false
false,false,false,false,false,false,false,false,false
false,false,false,false,false,false,false,false,false
false,false,false,false,false,false,false,false,false
false,false,false,false,false,false,false,false,false
false,false,false,false,false,false,false,false,false
false,false,false,false,false,false,false,false,false
false,false,false,false,false,false,false,false,false
false,false,false,false,false,false,false,false,false
false,false,false,false,false,false,false,false,false
false,false,false,false,false,false,false,false,false
false,false,false,false,false,false,false,false,false
false,false,false,false,false,false,false,false,false
false,false,false,false,false,false,false,false,false
false,false,false,false,false,false,false,false,false
false,false,false,false,false,false,false,false,false
false,false,false,false,false,false,false,false,false
false,false,false,false,false,false,false,false,false
false,false,false,false,false,false,false,false,false
false,false,false,false,false,false,false,false,false
false,false,false,false,false,false,false,false,false
false,false,false,false,false,false,false,false,false
false,false,false,false,false,false,false,false,false
false,false,false,false,false,false,false,false,false
false,false,false,false,false,false,false,false,false
false,false,false,false,false,false,false,false,false
false,false,false,false,false,false,false,false,false
false,false,false,false,false,false,false,false,false
false,false,false,false,false,false,false,false,false
false,false,false,false,false,false,false,false,false
false,false,false,false,false,false,false,false,false
false,false,false,false,false,false,false,false,false
false,false,false,false,false,false,false,false,false
false,false,false,false,false,false,false,false,false
false,false,false,false,false,false,false,false,false
false,false,false,false,false,false,false,false,false
false,false,false,false,false,false,false,false,false
false,false,false,false,false,false,false,false,false
false,false,false,false,false,false,false,false,false
false,false,false,false,false,false,false,false,false
false,false,false,false,false,false,false,false,false
false,false,false,false,false,false,false,false,false
false,false,false,false,false,false,false,false,false
false,false,false,false,false,false,false,false,false
false,false,false,false,false,false,false,false,false
false,false,false,false,false,false,false,false,false
false,false,false,false,false,false,false,false,false
false,false,false,false,false,false,false,false,false
false,false,false,false,false,false,false,false,false
false,false,false,false,false,false,false,false,false
false,false,false,false,false,false,false,false,false
false,false,false,false,false,false,false,false,false
false,false,false,false,false,false,false,false,false
false,false,false,false,false,false,false,false,false
false,false,false,false,false,false,false,false,false
false,false,false,false,false,false,false,false,false
false,false,false,false,false,false,false,false,false
false,false,false,false,false,false,false,false,false
false,false,false,false,false,false,false,false,false
false,false,false,false,false,false,false,false,false
false,false,false,false,false,false,false,false,false
false,false,false,false,false,false,false,false,false
false,false,false,false,false,false,false,false,false
false,false,false,false,false,false,false,false,false
false,false,false,false,false,false,false,false,false
false,false,false,false,false,false,false,false,false
false,false,false,false,false,false,false,false,false
false,false,false,false,false,false,false,false,false
false,false,false,false,false,false,false,false,false
false,false,false,false,false,false,false,false,false
false,false,false,false,false,false,false,false,false
false,false,false,false,false,false,false,false,false
false,false,false,false,false,false,false,false,false
false,false,false,false,false,false,false,false,false
false,false,false,false,false,false,false,false,false
false,false,false,false,false,false,false,false,false
false,false,false,false,false,false,false,false,false
false,false,false,false,false,false,false,false,false
false,false,false,false,false,false,false,false,false
false,false,false,false,false,false,false,false,false
false,false,false,false,false,false,false,false,false
false,false,false,false,false,false,false,false,false
false,false,false,false,false,false,false,false,false
false,false,false,false,false,false,false,false,false
false,false,false,false,false,false,false,false,false
false,false,false,false,false,false,false,false,false
false,false,false,false,false,false,false,false,false
false,false,false,false,false,false,false,false,false
false,false,false,false,false,false,false,false,false
false,false,false,false,false,false,false,false,false
false,false,false,false,false,false,false,false,false
false,false,false,false,false,false,false,false,false
false,false,false,false,false,false,false,false,false
false,false,false,false,false,false,false,false,false
false,false,false,false,false,false,false,false,false
false,false,false,false,false,false,false,false,false
false,false,false,false,false,false,false,false,false
false,false,false,false,false,false,false,false,false
false,false,false,false,false,false,false,false,false
false,false,false,false,false,false,false,false,false
false,false,false,false,false,false,false,false,false
false,false,false,false,false,false,false,false,false
false,false,false,false,false,false,false,false,false
false,false,false,false,false,false,false,false,false
false,false,false,false,false,false,false,false,false
false,false,false,false,false,false,false,false,false
false,false,false,false,false,false,false,false,false
false,false,false,false,false,false,false,false,false
false,false,false,false,false,false,false,false,false
false,false,false,false,false,false,false,false,false
false,false,false,false,false,false,false,false,false
false,false,false,false,false,false,false,false,false
false,false,false,false,false,false,false,false,false
false,false,false,false,false,false,false,false,false
false,false,false,false,false,false,false,false,false
false,false,false,false,false,false,false,false,false
false,false,false,false,false,false,false,false,false
false,false,false,false,false,false,false,false,false
false,false,false,false,false,false,false,false,false
false,false,false,false,false,false,false,false,false
false,false,false,false,false,false,false,false,false
false,false,false,false,false,false,false,false,false
false,false,false,false,false,false,false,false,false
false,false,false,false,false,false,false,false,false
false,false,false,false,false,false,false,false,false
false,false,false,false,false,false,false,false,false
false,false,false,false,false,false,false,false,false
false,false,false,false,false,false,false,false,false
false,false,false,false,false,false,false,false,false
false,false,false,false,false,false,false,false,false
false,false,false,false,false,false,false,false,false
false,false,false,false,false,false,false,false,false
false,false,false,false,false,false,false,false,false
false,false,false,false,false,false,false,false,false
false,false,false,false,false,false,false,false,false
false,false,false,false,false,false,false,false,false
false,false,false,false,false,false,false,false,false
false,false,false,false,false,false,false,false,false
false,false,false,false,false,false,false,false,false
false,false,false,false,false,false,false,false,false
false,false,false,false,false,false,false,false,false
false,false,false,false,false,false,false,false,false
false,false,false,false,false,false,false,false,false
false,false,false,false,false,false,false,false,false
false,false,false,false,false,false,false,false,false
false,false,false,false,false,false,false,false,false
false,false,false,false,false,false,false,false,false
false,false,false,false,false,false,false,false,false
false,false,false,false,false,false,false,false,false
false,false,false,false,false,false,false,false,false
false,false,false,false,false,false,false,false,false
false,false,false,false,false,false,false,false,false
false,false,false,false,false,false,false,false,false
false,false,false,false,false,false,false,false,false
false,false,false,false,false,false,false,false,false
false,false,false,false,false,false,false,false,false
false,false,false,false,false,false,false,false,false
false,false,false,false,false,false,false,false,false
false,false,false,false,false,false,false,false,false
false,false,false,false,false,false,false,false,false
false,false,false,false,false,false,false,false,false
false,false,false,false,false,false,false,false,false
false,false,false,false,false,false,false,false,false
false,false,false,false,false,false,false,false,false
false,false,false,false,false,false,false,false,false
false,false,false,false,false,false,false,false,false
false,false,false,false,false,false,false,false,false
false,false,false,false,false,false,false,false,false
false,false,false,false,false,false,false,false,false
false,false,false,false,false,false,false,false,false
false,false,false,false,false,false,false,false,false
false,false,false,false,false,false,false,false,false
false,false,false,false,false,false,false,false,false
false,false,false,false,false,false,false,false,false
false,false,false,false,false,false,false,false,false
false,false,false,false,false,false,false,false,false
false,false,false,false,false,false,false,false,false
false,false,false,false,false,false,false,false,false
false,false,false,false,false,false,false,false,false
false,false,false,false,false,false,false,false,false
false,false,false,false,false,false,false,false,false
false,false,false,false,false,false,false,false,false
false,false,false,false,false,false,false,false,false
false,false,false,false,false,false,false,false,false
false,false,false,false,false,false,false,false,false
false,false,false,false,false,false,false,false,false
false,false,false,false,false,false,false,false,false
false,false,false,false,false,false,false,false,false
false,false,false,false,false,false,false,false,false
false,false,false,false,false,false,false,false,false
false,false,false,false,false,false,false,false,false
false,false,false,false,false,false,false,false,false
false,false,false,false,false,false,false,false,false
false,false,false,false,false,false,false,false,false
false,false,false,false,false,false,false,false,false
false,false,false,false,false,false,false,false,false
false,false,false,false,false,false,false,false,false
false,false,false,false,false,false,false,false,false
false,false,false,false,false,false,false,false,false
false,false,false,false,false,false,false,false,false
false,false,false,false,false,false,false,false,false
false,false,false,false,false,false,false,false,false
false,false,false,false,false,false,false,false,false
false,false,false,false,false,false,false,false,false
false,false,false,false,false,false,false,false,false
false,false,false,false,false,false,false,false,false
false,false,false,false,false,false,false,false,false
false,false,false,false,false,false,false,false,false
false,false,false,false,false,false,false,false,false
false,false,false,false,false,false,false,false,false
false,false,false,false,false,false,false,false,false
false,false,false,false,false,false,false,false,false
false,false,false,false,false,false,false,false,false
false,false,false,false,false,false,false,false,false
false,false,false,false,false,false,false,false,false
false,false,false,false,false,false,false,false,false
false,false,false,false,false,false,false,false,false
false,false,false,false,false,false,false,false,false
false,false,false,false,false,false,false,false,false
false,false,false,false,false,false,false,false,false
false,false,false,false,false,false,false,false,false
false,false,false,false,false,false,false,false,false
false,false,false,false,false,false,false,false,false
false,false,false,false,false,false,false,false,false
false,false,false,false,false,false,false,false,false
false,false,false,false,false,false,false,false,false
false,false,false,false,false,false,false,false,false
false,false,false,false,false,false,false,false,false
false,false,false,false,false,false,false,false,false
false,false,false,false,false,false,false,false,false
false,false,false,false,false,false,false,false,false
false,false,false,false,false,false,false,false,false
false,false,false,false,false,false,false,false,false
false,false,false,false,false,false,false,false,false
false,false,false,false,false,false,false,false,false
false,false,false,false,false,false,false,false,false
false,false,false,false,false,false,false,false,false
false,false,false,false,false,false,false,false,false
false,false,false,false,false,false,false,false,false
false,false,false,false,false,false,false,false,false
false,false,false,false,false,false,false,false,false
false,false,false,false,false,false,false,false,false
false,false,false,false,false,false,false,false,false
false,false,false,false,false,false,false,false,false
false,false,false,false,false,false,false,false,false
false,false,false,false,false,false,false,false,false
false,false,false,false,false,false,false,false,false
false,false,false,false,false,false,false,false,false
false,false,false,false,false,false,false,false,false
false,false,false,false,false,false,false,false,false
false,false,false,false,false,false,false,false,false
false,false,false,false,false,false,false,false,false
false,false,false,false,false,false,false,false,false
false,false,false,false,false,false,false,false,false
false,false,false,false,false,false,false,false,false
false,false,false,false,false,false,false,false,false
false,false,false,false,false,false,false,false,false
false,false,false,false,false,false,false,false,false
false,false,false,false,false,false,false,false,false
false,false,false,false,false,false,false,false,false
false,false,false,false,false,false,false,false,false
false,false,false,false,false,false,false,false,false
false,false,false,false,false,false,false,false,false
false,false,false,false,false,false,false,false,false
false,false,false,false,false,false,false,false,false
false,false,false,false,false,false,false,false,false
false,false,false,false,false,false,false,false,false
false,false,false,false,false,false,false,false,false
false,false,false,false,false,false,false,false,false
false,false,false,false,false,false,false,false,false
false,false,false,false,false,false,false,false,false
false,false,false,false,false,false,false,false,false
false,false,false,false,false,false,false,false,false
false,false,false,false,false,false,false,false,false
false,false,false,false,false,false,false,false,false
false,false,false,false,false,false,false,false,false
false,false,false,false,false,false,false,false,false
false,false,false,false,false,false,false,false,false
false,false,false,false,false,false,false,false,false
false,false,false,false,false,false,false,false,false
false,false,false,false,false,false,false,false,false
false,false,false,false,false,false,false,false,false
false,false,false,false,false,false,false,false,false
false,false,false,false,false,false,false,false,false
false,false,false,false,false,false,false,false,false
false,false,false,false,false,false,false,false,false
false,false,false,false,false,false,false,false,false
false,false,false,false,false,false,false,false,false
false,false,false,false,false,false,false,false,false
false,false,false,false,false,false,false,false,false
false,false,false,false,false,false,false,false,false
false,false,false,false,false,false,false,false,false
false,false,false,false,false,false,false,false,false
false,false,false,false,false,false,false,false,false
false,false,false,false,false,false,false,false,false
false,false,false,false,false,false,false,false,false
false,false,false,false,false,false,false,false,false
false,false,false,false,false,false,false,false,false
false,false,false,false,false,false,false,false,false
false,false,false,false,false,false,false,false,false
false,false,false,false,false,false,false,false,false
false,false,false,false,false,false,false,false,false
false,false,false,false,false,false,false,false,false
false,false,false,false,false,false,false,false,false
false,false,false,false,false,false,false,false,false
false,false,false,false,false,false,false,false,false
false,false,false,false,false,false,false,false,false
false,false,false,false,false,false,false,false,false
false,false,false,false,false,false,false,false,false
false,false,false,false,false,false,false,false,false
false,false,false,false,false,false,false,false,false
false,false,false,false,false,false,false,false,false
false,false,false,false,false,false,false,false,false
false,false,false,false,false,false,false,false,false
false,false,false,false,false,false,false,false,false
false,false,false,false,false,false,false,false,false
false,false,false,false,false,false,false,false,false
false,false,false,false,false,false,false,false,false
false,false,false,false,false,false,false,false,false
false,false,false,false,false,false,false,false,false
false,false,false,false,false,false,false,false,false
false,false,false,false,false,false,false,false,false
false,false,false,false,false,false,false,false,false
false,false,false,false,false,false,false,false,false
false,false,false,false,false,false,false,false,false
false,false,false,false,false,false,false,false,false
false,false,false,false,false,false,false,false,false
false,false,false,false,false,false,false,false,false
false,false,false,false,false,false,false,false,false
false,false,false,false,false,false,false,false,false
false,false,false,false,false,false,false,false,false
false,false,false,false,false,false,false,false,false
false,false,false,false,false,false,false,false,false
false,false,false,false,false,false,false,false,false
false,false,false,false,false,false,false,false,false
false,false,false,false,false,false,false,false,false
false,false,false,false,false,false,false,false,false
false,false,false,false,false,false,false,false,false
false,false,false,false,false,false,false,false,false
false,false,false,false,false,false,false,false,false
false,false,false,false,false,false,false,false,false
false,false,false,false,false,false,false,false,false
false,false,false,false,false,false,false,false,false
false,false,false,false,false,false,false,false,false
false,false,false,false,false,false,false,false,false
false,false,false,false,false,false,false,false,false
false,false,false,false,false,false,false,false,false
false,false,false,false,false,false,false,false,false
false,false,false,false,false,false,false,false,false
false,false,false,false,false,false,false,false,false
false,false,false,false,false,false,false,false,false
false,false,false,false,false,false,false,false,false
false,false,false,false,false,false,false,false,false
false,false,false,false,false,false,false,false,false
false,false,false,false,false,false,false,false,false
false,false,false,false,false,false,false,false,false
false,false,false,false,false,false,false,false,false
false,false,false,false,false,false,false,false,false
false,false,false,false,false,false,false,false,false
false,false,false,false,false,false,false,false,false
false,false,false,false,false,false,false,false,false
false,false,false,false,false,false,false,false,false
false,false,false,false,false,false,false,false,false
false,false,false,false,false,false,false,false,false
false,false,false,false,false,false,false,false,false
false,false,false,false,false,false,false,false,false
false,false,false,false,false,false,false,false,false
false,false,false,false,false,false,false,false,false
false,false,false,false,false,false,false,false,false
false,false,false,false,false,false,false,false,false
false,false,false,false,false,false,false,false,false
false,false,false,false,false,false,false,false,false
false,false,false,false,false,false,false,false,false
false,false,false,false,false,false,false,false,false
false,false,false,false,false,false,false,false,false
false,false,false,false,false,false,false,false,false
false,false,false,false,false,false,false,false,false
false,false,false,false,false,false,false,false,false
false,false,false,false,false,false,false,false,false
false,false,false,false,false,false,false,false,false
false,false,false,false,false,false,false,false,false
false,false,false,false,false,false,false,false,false
false,false,false,false,false,false,false,false,false
false,false,false,false,false,false,false,false,false
false,false,false,false,false,false,false,false,false
false,false,false,false,false,false,false,false,false
false,false,false,false,false,false,false,false,false
false,false,false,false,false,false,false,false,false
false,false,false,false,false,false,false,false,false
false,false,false,false,false,false,false,false,false
false,false,false,false,false,false,false,false,false
false,false,false,false,false,false,false,false,false
false,false,false,false,false,false,false,false,false
false,false,false,false,false,false,false,false,false
false,false,false,false,false,false,false,false,false
false,false,false,false,false,false,false,false,false
false,false,false,false,false,false,false,false,false
false,false,false,false,false,false,false,false,false
false,false,false,false,false,false,false,false,false
false,false,false,false,false,false,false,false,false
false,false,false,false,false,false,false,false,false
false,false,false,false,false,false,false,false,false
false,false,false,false,false,false,false,false,false
false,false,false,false,false,false,false,false,false
false,false,false,false,false,false,false,false,false
false,false,false,false,false,false,false,false,false
false,false,false,false,false,false,false,false,false
false,false,false,false,false,false,false,false,false
false,false,false,false,false,false,false,false,false
false,false,false,false,false,false,false,false,false
false,false,false,false,false,false,false,false,false
false,false,false,false,false,false,false,false,false
false,false,false,false,false,false,false,false,false
false,false,false,false,false,false,false,false,false
false,false,false,false,false,false,false,false,false
false,false,false,false,false,false,false,false,false
false,false,false,false,false,false,false,false,false
false,false,false,false,false,false,false,false,false
false,false,false,false,false,false,false,false,false
false,false,false,false,false,false,false,false,false
false,false,false,false,false,false,false,false,false
false,false,false,false,false,false,false,false,false
false,false,false,false,false,false,false,false,false
false,false,false,false,false,false,false,false,false
false,false,false,false,false,false,false,false,false
false,false,false,false,false,false,false,false,false
false,false,false,false,false,false,false,false,false
false,false,false,false,false,false,false,false,false
false,false,false,false,false,false,false,false,false
false,false,false,false,false,false,false,false,false
false,false,false,false,false,false,false,false,false
false,false,false,false,false,false,false,false,false
false,false,false,false,false,false,false,false,false
false,false,false,false,false,false,false,false,false
false,false,false,false,false,false,false,false,false
false,false,false,false,false,false,false,false,false
false,false,false,false,false,false,false,false,false
false,false,false,false,false,false,false,false,false
false,false,false,false,false,false,false,false,false
false,false,false,false,false,false,false,false,false
false,false,false,false,false,false,false,false,false
false,false,false,false,false,false,false,false,false
false,false,false,false,false,false,false,false,false
false,false,false,false,false,false,false,false,false
false,false,false,false,false,false,false,false,false
false,false,false,false,false,false,false,false,false
false,false,false,false,false,false,false,false,false
false,false,false,false,false,false,false,false,false
false,false,false,false,false,false,false,false,false
false,false,false,false,false,false,false,false,false
false,false,false,false,false,false,false,false,false
false,false,false,false,false,false,false,false,false
false,false,false,false,false,false,false,false,false
false,false,false,false,false,false,false,false,false
false,false,false,false,false,false,false,false,false
false,false,false,false,false,false,false,false,false
false,false,false,false,false,false,false,false,false
false,false,false,false,false,false,false,false,false
false,false,false,false,false,false,false,false,false
false,false,false,false,false,false,false,false,false
false,false,false,false,false,false,false,false,false
false,false,false,false,false,false,false,false,false
false,false,false,false,false,false,false,false,false
false,false,false,false,false,false,false,false,false
false,false,false,false,false,false,false,false,false
false,false,false,false,false,false,false,false,false
false,false,false,false,false,false,false,false,false
false,false,false,false,false,false,false,false,false
false,false,false,false,false,false,false,false,false
false,false,false,false,false,false,false,false,false
false,false,false,false,false,false,false,false,false
false,false,false,false,false,false,false,false,false
false,false,false,false,false,false,false,false,false
false,false,false,false,false,false,false,false,false
false,false,false,false,false,false,false,false,false
false,false,false,false,false,false,false,false,false
false,false,false,false,false,false,false,false,false
false,false,false,false,false,false,false,false,false
false,false,false,false,false,false,false,false,false
false,false,false,false,false,false,false,false,false
false,false,false,false,false,false,false,false,false
false,false,false,false,false,false,false,false,false
false,false,false,false,false,false,false,false,false
false,false,false,false,false,false,false,false,false
false,false,false,false,false,false,false,false,false
false,false,false,false,false,false,false,false,false
false,false,false,false,false,false,false,false,false
false,false,false,false,false,false,false,false,false
false,false,false,false,false,false,false,false,false
false,false,false,false,false,false,false,false,false
false,false,false,false,false,false,false,false,false
false,false,false,false,false,false,false,false,false
false,false,false,false,false,false,false,false,false
false,false,false,false,false,false,false,false,false
false,false,false,false,false,false,false,false,false
false,false,false,false,false,false,false,false,false
false,false,false,false,false,false,false,false,false
false,false,false,false,false,false,false,false,false
false,false,false,false,false,false,false,false,false
false,false,false,false,false,false,false,false,false
false,false,false,false,false,false,false,false,false
false,false,false,false,false,false,false,false,false
false,false,false,false,false,false,false,false,false
false,false,false,false,false,false,false,false,false
false,false,false,false,false,false,false,false,false
false,false,false,false,false,false,false,false,false
false,false,false,false,false,false,false,false,false
false,false,false,false,false,false,false,false,false
false,false,false,false,false,false,false,false,false
false,false,false,false,false,false,false,false,false
false,false,false,false,false,false,false,false,false
false,false,false,false,false,false,false,false,false
false,false,false,false,false,false,false,false,false
false,false,false,false,false,false,false,false,false
false,false,false,false,false,false,false,false,false
false,false,false,false,false,false,false,false,false
false,false,false,false,false,false,false,false,false
false,false,false,false,false,false,false,false,false
false,false,false,false,false,false,false,false,false
false,false,false,false,false,false,false,false,false
false,false,false,false,false,false,false,false,false
false,false,false,false,false,false,false,false,false
false,false,false,false,false,false,false,false,false
false,false,false,false,false,false,false,false,false
false,false,false,false,false,false,false,false,false
false,false,false,false,false,false,false,false,false
false,false,false,false,false,false,false,false,false
false,false,false,false,false,false,false,false,false
false,false,false,false,false,false,false,false,false
false,false,false,false,false,false,false,false,false
false,false,false,false,false,false,false,false,false
false,false,false,false,false,false,false,false,false
false,false,false,false,false,false,false,false,false
false,false,false,false,false,false,false,false,false
false,false,false,false,false,false,false,false,false
false,false,false,false,false,false,false,false,false
false,false,false,false,false,false,false,false,false
false,false,false,false,false,false,false,false,false
false,false,false,false,false,false,false,false,false
false,false,false,false,false,false,false,false,false
false,false,false,false,false,false,false,false,false
false,false,false,false,false,false,false,false,false
false,false,false,false,false,false,false,false,false
false,false,false,false,false,false,false,false,false
false,false,false,false,false,false,false,false,false
false,false,false,false,false,false,false,false,false
false,false,false,false,false,false,false,false,false
false,false,false,false,false,false,false,false,false
false,false,false,false,false,false,false,false,false
false,false,false,false,false,false,false,false,false
false,false,false,false,false,false,false,false,false
false,false,false,false,false,false,false,false,false
false,false,false,false,false,false,false,false,false
false,false,false,false,false,false,false,false,false
false,false,false,false,false,false,false,false,false
false,false,false,false,false,false,false,false,false
false,false,false,false,false,false,false,false,false
false,false,false,false,false,false,false,false,false
false,false,false,false,false,false,false,false,false
false,false,false,false,false,false,false,false,false
false,false,false,false,false,false,false,false,false
false,false,false,false,false,false,false,false,false
false,false,false,false,false,false,false,false,false
false,false,false,false,false,false,false,false,false
false,false,false,false,false,false,false,false,false
false,false,false,false,false,false,false,false,false
false,false,false,false,false,false,false,false,false
false,false,false,false,false,false,false,false,false
false,false,false,false,false,false,false,false,false
false,false,false,false,false,false,false,false,false
false,false,false,false,false,false,false,false,false
false,false,false,false,false,false,false,false,false
false,false,false,false,false,false,false,false,false
false,false,false,false,false,false,false,false,false
false,false,false,false,false,false,false,false,false
false,false,false,false,false,false,false,false,false
false,false,false,false,false,false,false,false,false
false,false,false,false,false,false,false,false,false
false,false,false,false,false,false,false,false,false
false,false,false,false,false,false,false,false,false
false,false,false,false,false,false,false,false,false
false,false,false,false,false,false,false,false,false
false,false,false,false,false,false,false,false,false
false,false,false,false,false,false,false,false,false
false,false,false,false,false,false,false,false,false
false,false,false,false,false,false,false,false,false
false,false,false,false,false,false,false,false,false
false,false,false,false,false,false,false,false,false
false,false,false,false,false,false,false,false,false
false,false,false,false,false,false,false,false,false
false,false,false,false,false,false,false,false,false
false,false,false,false,false,false,false,false,false
false,false,false,false,false,false,false,false,false
false,false,false,false,false,false,false,false,false
false,false,false,false,false,false,false,false,false
false,false,false,false,false,false,false,false,false
false,false,false,false,false,false,false,false,false
false,false,false,false,false,false,false,false,false
false,false,false,false,false,false,false,false,false
false,false,false,false,false,false,false,false,false
false,false,false,false,false,false,false,false,false
false,false,false,false,false,false,false,false,false
false,false,false,false,false,false,false,false,false
false,false,false,false,false,false,false,false,false
false,false,false,false,false,false,false,false,false
false,false,false,false,false,false,false,false,false
false,false,false,false,false,false,false,false,false
false,false,false,false,false,false,false,false,false
false,false,false,false,false,false,false,false,false
false,false,false,false,false,false,false,false,false
false,false,false,false,false,false,false,false,false
false,false,false,false,false,false,false,false,false
false,false,false,false,false,false,false,false,false
false,false,false,false,false,false,false,false,false
false,false,false,false,false,false,false,false,false
false,false,false,false,false,false,false,false,false
false,false,false,false,false,false,false,false,false
false,false,false,false,false,false,false,false,false
false,false,false,false,false,false,false,false,false
false,false,false,false,false,false,false,false,false
false,false,false,false,false,false,false,false,false
false,false,false,false,false,false,false,false,false
false,false,false,false,false,false,false,false,false
false,false,false,false,false,false,false,false,false
false,false,false,false,false,false,false,false,false
false,false,false,false,false,false,false,false,false
false,false,false,false,false,false,false,false,false
false,false,false,false,false,false,false,false,false
false,false,false,false,false,false,false,false,false
false,false,false,false,false,false,false,false,false
false,false,false,false,false,false,false,false,false
false,false,false,false,false,false,false,false,false
false,false,false,false,false,false,false,false,false
false,false,false,false,false,false,false,false,false
false,false,false,false,false,false,false,false,false
false,false,false,false,false,false,false,false,false
false,false,false,false,false,false,false,false,false
false,false,false,false,false,false,false,false,false
false,false,false,false,false,false,false,false,false
false,false,false,false,false,false,false,false,false
false,false,false,false,false,false,false,false,false
false,false,false,false,false,false,false,false,false
false,false,false,false,false,false,false,false,false
false,false,false,false,false,false,false,false,false
false,false,false,false,false,false,false,false,false
false,false,false,false,false,false,false,false,false
false,false,false,false,false,false,false,false,false
false,false,false,false,false,false,false,false,false
false,false,false,false,false,false,false,false,false
false,false,false,false,false,false,false,false,false
false,false,false,false,false,false,false,false,false
false,false,false,false,false,false,false,false,false
false,false,false,false,false,false,false,false,false
false,false,false,false,false,false,false,false,false
false,false,false,false,false,false,false,false,false
false,false,false,false,false,false,false,false,false
false,false,false,false,false,false,false,false,false
false,false,false,false,false,false,false,false,false
false,false,false,false,false,false,false,false,false
false,false,false,false,false,false,false,false,false
false,false,false,false,false,false,false,false,false
false,false,false,false,false,false,false,false,false
false,false,false,false,false,false,false,false,false
false,false,false,false,false,false,false,false,false
false,false,false,false,false,false,false,false,false
false,false,false,false,false,false,false,false,false
false,false,false,false,false,false,false,false,false
false,false,false,false,false,false,false,false,false
false,false,false,false,false,false,false,false,false
false,false,false,false,false,false,false,false,false
false,false,false,false,false,false,false,false,false
false,false,false,false,false,false,false,false,false
false,false,false,false,false,false,false,false,false
false,false,false,false,false,false,false,false,false
false,false,false,false,false,false,false,false,false
false,false,false,false,false,false,false,false,false
false,false,false,false,false,false,false,false,false
false,false,false,false,false,false,false,false,false
false,false,false,false,false,false,false,false,false
false,false,false,false,false,false,false,false,false
false,false,false,false,false,false,false,false,false
false,false,false,false,false,false,false,false,false
false,false,false,false,false,false,false,false,false
false,false,false,false,false,false,false,false,false
false,false,false,false,false,false,false,false,false
false,false,false,false,false,false,false,false,false
false,false,false,false,false,false,false,false,false
false,false,false,false,false,false,false,false,false
false,false,false,false,false,false,false,false,false
false,false,false,false,false,false,false,false,false
false,false,false,false,false,false,false,false,false
false,false,false,false,false,false,false,false,false
false,false,false,false,false,false,false,false,false
false,false,false,false,false,false,false,false,false
false,false,false,false,false,false,false,false,false
false,false,false,false,false,false,false,false,false
false,false,false,false,false,false,false,false,false
false,false,false,false,false,false,false,false,false
false,false,false,false,false,false,false,false,false
false,false,false,false,false,false,false,false,false
false,false,false,false,false,false,false,false,false
false,false,false,false,false,false,false,false,false
false,false,false,false,false,false,false,false,false
false,false,false,false,false,false,false,false,false
false,false,false,false,false,false,false,false,false
false,false,false,false,false,false,false,false,false
false,false,false,false,false,false,false,false,false
false,false,false,false,false,false,false,false,false
false,false,false,false,false,false,false,false,false
false,false,false,false,false,false,false,false,false
false,false,false,false,false,false,false,false,false
false,false,false,false,false,false,false,false,false
false,false,false,false,false,false,false,false,false
false,false,false,false,false,false,false,false,false
false,false,false,false,false,false,false,false,false
false,false,false,false,false,false,false,false,false
false,false,false,false,false,false,false,false,false
false,false,false,false,false,false,false,false,false
false,false,false,false,false,false,false,false,false
false,false,false,false,false,false,false,false,false
false,false,false,false,false,false,false,false,false
false,false,false,false,false,false,false,false,false
false,false,false,false,false,false,false,false,false
false,false,false,false,false,false,false,false,false
false,false,false,false,false,false,false,false,false
false,false,false,false,false,false,false,false,false
false,false,false,false,false,false,false,false,false
false,false,false,false,false,false,false,false,false
false,false,false,false,false,false,false,false,false
false,false,false,false,false,false,false,false,false
false,false,false,false,false,false,false,false,false
false,false,false,false,false,false,false,false,false
false,false,false,false,false,false,false,false,false
false,false,false,false,false,false,false,false,false
false,false,false,false,false,false,false,false,false
false,false,false,false,false,false,false,false,false
false,false,false,false,false,false,false,false,false
false,false,false,false,false,false,false,false,false
false,false,false,false,false,false,false,false,false
false,false,false,false,false,false,false,false,false
false,false,false,false,false,false,false,false,false
false,false,false,false,false,false,false,false,false
false,false,false,false,false,false,false,false,false
false,false,false,false,false,false,false,false,false
false,false,false,false,false,false,false,false,false
false,false,false,false,false,false,false,false,false
false,false,false,false,false,false,false,false,false
false,false,false,false,false,false,false,false,false
false,false,false,false,false,false,false,false,false
false,false,false,false,false,false,false,false,false
false,false,false,false,false,false,false,false,false
false,false,false,false,false,false,false,false,false
false,false,false,false,false,false,false,false,false
false,false,false,false,false,false,false,false,false
false,false,false,false,false,false,false,false,false
false,false,false,false,false,false,false,false,false
false,false,false,false,false,false,false,false,false
false,false,false,false,false,false,false,false,false
false,false,false,false,false,false,false,false,false
false,false,false,false,false,false,false,false,false
false,false,false,false,false,false,false,false,false
false,false,false,false,false,false,false,false,false
false,false,false,false,false,false,false,false,false
false,false,false,false,false,false,false,false,false
false,false,false,false,false,false,false,false,false
false,false,false,false,false,false,false,false,false
false,false,false,false,false,false,false,false,false
false,false,false,false,false,false,false,false,false
false,false,false,false,false,false,false,false,false
false,false,false,false,false,false,false,false,false
false,false,false,false,false,false,false,false,false
false,false,false,false,false,false,false,false,false
false,false,false,false,false,false,false,false,false
false,false,false,false,false,false,false,false,false
false,false,false,false,false,false,false,false,false
false,false,false,false,false,false,false,false,false
false,false,false,false,false,false,false,false,false
false,false,false,false,false,false,false,false,false
false,false,false,false,false,false,false,false,false
false,false,false,false,false,false,false,false,false
false,false,false,false,false,false,false,false,false
false,false,false,false,false,false,false,false,false
false,false,false,false,false,false,false,false,false
false,false,false,false,false,false,false,false,false
false,false,false,false,false,false,false,false,false
false,false,false,false,false,false,false,false,false
false,false,false,false,false,false,false,false,false
false,false,false,false,false,false,false,false,false
false,false,false,false,false,false,false,false,false
false,false,false,false,false,false,false,false,false
false,false,false,false,false,false,false,false,false
false,false,false,false,false,false,false,false,false
false,false,false,false,false,false,false,false,false
false,false,false,false,false,false,false,false,false
false,false,false,false,false,false,false,false,false
false,false,false,false,false,false,false,false,false
false,false,false,false,false,false,false,false,false
false,false,false,false,false,false,false,false,false
false,false,false,false,false,false,false,false,false
false,false,false,false,false,false,false,false,false
false,false,false,false,false,false,false,false,false
false,false,false,false,false,false,false,false,false
false,false,false,false,false,false,false,false,false
false,false,false,false,false,false,false,false,false
false,false,false,false,false,false,false,false,false
false,false,false,false,false,false,false,false,false
false,false,false,false,false,false,false,false,false
false,false,false,false,false,false,false,false,false
false,false,false,false,false,false,false,false,false
false,false,false,false,false,false,false,false,false
false,false,false,false,false,false,false,false,false
false,false,false,false,false,false,false,false,false
false,false,false,false,false,false,false,false,false
false,false,false,false,false,false,false,false,false
false,false,false,false,false,false,false,false,false
false,false,false,false,false,false,false,false,false
false,false,false,false,false,false,false,false,false
false,false,false,false,false,false,false,false,false
false,false,false,false,false,false,false,false,false
false,false,false,false,false,false,false,false,false
false,false,false,false,false,false,false,false,false
false,false,false,false,false,false,false,false,false
false,false,false,false,false,false,false,false,false
false,false,false,false,false,false,false,false,false
false,false,false,false,false,false,false,false,false
false,false,false,false,false,false,false,false,false
false,false,false,false,false,false,false,false,false
false,false,false,false,false,false,false,false,false
false,false,false,false,false,false,false,false,false
false,false,false,false,false,false,false,false,false
false,false,false,false,false,false,false,false,false
false,false,false,false,false,false,false,false,false
false,false,false,false,false,false,false,false,false
false,false,false,false,false,false,false,false,false
false,false,false,false,false,false,false,false,false
false,false,false,false,false,false,false,false,false
false,false,false,false,false,false,false,false,false
false,false,false,false,false,false,false,false,false
false,false,false,false,false,false,false,false,false
false,false,false,false,false,false,false,false,false
false,false,false,false,false,false,false,false,false
false,false,false,false,false,false,false,false,false
false,false,false,false,false,false,false,false,false
false,false,false,false,false,false,false,false,false
false,false,false,false,false,false,false,false,false
false,false,false,false,false,false,false,false,false
false,false,false,false,false,false,false,false,false
false,false,false,false,false,false,false,false,false
false,false,false,false,false,false,false,false,false
false,false,false,false,false,false,false,false,false
false,false,false,false,false,false,false,false,false
false,false,false,false,false,false,false,false,false
false,false,false,false,false,false,false,false,false
false,false,false,false,false,false,false,false,false
false,false,false,false,false,false,false,false,false
false,false,false,false,false,false,false,false,false
false,false,false,false,false,false,false,false,false
false,false,false,false,false,false,false,false,false
false,false,false,false,false,false,false,false,false
false,false,false,false,false,false,false,false,false
false,false,false,false,false,false,false,false,false
false,false,false,false,false,false,false,false,false
false,false,false,false,false,false,false,false,false
false,false,false,false,false,false,false,false,false
false,false,false,false,false,false,false,false,false
false,false,false,false,false,false,false,false,false
false,false,false,false,false,false,false,false,false
false,false,false,false,false,false,false,false,false
false,false,false,false,false,false,false,false,false
false,false,false,false,false,false,false,false,false
false,false,false,false,false,false,false,false,false
false,false,false,false,false,false,false,false,false
false,false,false,false,false,false,false,false,false
false,false,false,false,false,false,false,false,false
false,false,false,false,false,false,false,false,false
false,false,false,false,false,false,false,false,false
false,false,false,false,false,false,false,false,false
false,false,false,false,false,false,false,false,false
false,false,false,false,false,false,false,false,false
false,false,false,false,false,false,false,false,false
false,false,false,false,false,false,false,false,false
false,false,false,false,false,false,false,false,false
false,false,false,false,false,false,false,false,false
false,false,false,false,false,false,false,false,false
false,false,false,false,false,false,false,false,false
false,false,false,false,false,false,false,false,false
false,false,false,false,false,false,false,false,false
false,false,false,false,false,false,false,false,false
false,false,false,false,false,false,false,false,false
false,false,false,false,false,false,false,false,false
false,false,false,false,false,false,false,false,false
false,false,false,false,false,false,false,false,false
false,false,false,false,false,false,false,false,false
false,false,false,false,false,false,false,false,false
false,false,false,false,false,false,false,false,false
false,false,false,false,false,false,false,false,false
false,false,false,false,false,false,false,false,false
false,false,false,false,false,false,false,false,false
false,false,false,false,false,false,false,false,false
false,false,false,false,false,false,false,false,false
false,false,false,false,false,false,false,false,false
false,false,false,false,false,false,false,false,false
false,false,false,false,false,false,false,false,false
false,false,false,false,false,false,false,false,false
false,false,false,false,false,false,false,false,false
false,false,false,false,false,false,false,false,false
false,false,false,false,false,false,false,false,false
false,false,false,false,false,false,false,false,false
false,false,false,false,false,false,false,false,false
false,false,false,false,false,false,false,false,false
false,false,false,false,false,false,false,false,false
false,false,false,false,false,false,false,false,false
false,false,false,false,false,false,false,false,false
false,false,false,false,false,false,false,false,false
false,false,false,false,false,false,false,false,false
false,false,false,false,false,false,false,false,false
false,false,false,false,false,false,false,false,false
false,false,false,false,false,false,false,false,false
false,false,false,false,false,false,false,false,false
false,false,false,false,false,false,false,false,false
false,false,false,false,false,false,false,false,false
false,false,false,false,false,false,false,false,false
false,false,false,false,false,false,false,false,false
false,false,false,false,false,false,false,false,false
false,false,false,false,false,false,false,false,false
false,false,false,false,false,false,false,false,false
false,false,false,false,false,false,false,false,false
false,false,false,false,false,false,false,false,false
false,false,false,false,false,false,false,false,false
false,false,false,false,false,false,false,false,false
false,false,false,false,false,false,false,false,false
false,false,false,false,false,false,false,false,false
false,false,false,false,false,false,false,false,false
false,false,false,false,false,false,false,false,false
false,false,false,false,false,false,false,false,false
false,false,false,false,false,false,false,false,false
false,false,false,false,false,false,false,false,false
false,false,false,false,false,false,false,false,false
false,false,false,false,false,false,false,false,false
false,false,false,false,false,false,false,false,false
false,false,false,false,false,false,false,false,false
false,false,false,false,false,false,false,false,false
false,false,false,false,false,false,false,false,false
false,false,false,false,false,false,false,false,false
false,false,false,false,false,false,false,false,false
false,false,false,false,false,false,false,false,false
false,false,false,false,false,false,false,false,false
false,false,false,false,false,false,false,false,false
false,false,false,false,false,false,false,false,false
false,false,false,false,false,false,false,false,false
false,false,false,false,false,false,false,false,false
false,false,false,false,false,false,false,false,false
false,false,false,false,false,false,false,false,false
false,false,false,false,false,false,false,false,false
false,false,false,false,false,false,false,false,false
false,false,false,false,false,false,false,false,false
false,false,false,false,false,false,false,false,false
false,false,false,false,false,false,false,false,false
false,false,false,false,false,false,false,false,false
false,false,false,false,false,false,false,false,false
false,false,false,false,false,false,false,false,false
false,false,false,false,false,false,false,false,false
false,false,false,false,false,false,false,false,false
false,false,false,false,false,false,false,false,false
false,false,false,false,false,false,false,false,false
false,false,false,false,false,false,false,false,false
false,false,false,false,false,false,false,false,false
false,false,false,false,false,false,false,false,false
false,false,false,false,false,false,false,false,false
false,false,false,false,false,false,false,false,false
false,false,false,false,false,false,false,false,false
false,false,false,false,false,false,false,false,false
false,false,false,false,false,false,false,false,false
false,false,false,false,false,false,false,false,false
false,false,false,false,false,false,false,false,false
false,false,false,false,false,false,false,false,false
false,false,false,false,false,false,false,false,false
false,false,false,false,false,false,false,false,false
false,false,false,false,false,false,false,false,false
false,false,false,false,false,false,false,false,false
false,false,false,false,false,false,false,false,false
false,false,false,false,false,false,false,false,false
false,false,false,false,false,false,false,false,false
false,false,false,false,false,false,false,false,false
false,false,false,false,false,false,false,false,false
false,false,false,false,false,false,false,false,false
false,false,false,false,false,false,false,false,false
false,false,false,false,false,false,false,false,false
false,false,false,false,false,false,false,false,false
false,false,false,false,false,false,false,false,false
false,false,false,false,false,false,false,false,false
false,false,false,false,false,false,false,false,false
false,false,false,false,false,false,false,false,false
false,false,false,false,false,false,false,false,false
false,false,false,false,false,false,false,false,false
false,false,false,false,false,false,false,false,false
false,false,false,false,false,false,false,false,false
false,false,false,false,false,false,false,false,false
false,false,false,false,false,false,false,false,false
false,false,false,false,false,false,false,false,false
false,false,false,false,false,false,false,false,false
false,false,false,false,false,false,false,false,false
false,false,false,false,false,false,false,false,false
false,false,false,false,false,false,false,false,false
false,false,false,false,false,false,false,false,false
false,false,false,false,false,false,false,false,false
false,false,false,false,false,false,false,false,false
false,false,false,false,false,false,false,false,false
false,false,false,false,false,false,false,false,false
false,false,false,false,false,false,false,false,false
false,false,false,false,false,false,false,false,false
false,false,false,false,false,false,false,false,false
false,false,false,false,false,false,false,false,false
false,false,false,false,false,false,false,false,false
false,false,false,false,false,false,false,false,false
false,false,false,false,false,false,false,false,false
false,false,false,false,false,false,false,false,false
false,false,false,false,false,false,false,false,false
false,false,false,false,false,false,false,false,false
false,false,false,false,false,false,false,false,false
false,false,false,false,false,false,false,false,false
false,false,false,false,false,false,false,false,false
false,false,false,false,false,false,false,false,false
false,false,false,false,false,false,false,false,false
false,false,false,false,false,false,false,false,false
false,false,false,false,false,false,false,false,false
false,false,false,false,false,false,false,false,false
false,false,false,false,false,false,false,false,false
false,false,false,false,false,false,false,false,false
false,false,false,false,false,false,false,false,false
false,false,false,false,false,false,false,false,false
false,false,false,false,false,false,false,false,false
false,false,false,false,false,false,false,false,false
false,false,false,false,false,false,false,false,false
false,false,false,false,false,false,false,false,false
false,false,false,false,false,false,false,false,false
false,false,false,false,false,false,false,false,false
false,false,false,false,false,false,false,false,false
false,false,false,false,false,false,false,false,false
false,false,false,false,false,false,false,false,false
false,false,false,false,false,false,false,false,false
false,false,false,false,false,false,false,false,false
false,false,false,false,false,false,false,false,false
false,false,false,false,false,false,false,false,false
false,false,false,false,false,false,false,false,false
false,false,false,false,false,false,false,false,false
false,false,false,false,false,false,false,false,false
false,false,false,false,false,false,false,false,false
false,false,false,false,false,false,false,false,false
false,false,false,false,false,false,false,false,false
false,false,false,false,false,false,false,false,false
false,false,false,false,false,false,false,false,false
false,false,false,false,false,false,false,false,false
false,false,false,false,false,false,false,false,false
false,false,false,false,false,false,false,false,false
false,false,false,false,false,false,false,false,false
false,false,false,false,false,false,false,false,false
false,false,false,false,false,false,false,false,false
false,false,false,false,false,false,false,false,false
false,false,false,false,false,false,false,false,false
false,false,false,false,false,false,false,false,false
false,false,false,false,false,false,false,false,false
false,false,false,false,false,false,false,false,false
false,false,false,false,false,false,false,false,false
false,false,false,false,false,false,false,false,false
false,false,false,false,false,false,false,false,false
false,false,false,false,false,false,false,false,false
false,false,false,false,false,false,false,false,false
false,false,false,false,false,false,false,false,false
false,false,false,false,false,false,false,false,false
false,false,false,false,false,false,false,false,false
false,false,false,false,false,false,false,false,false
false,false,false,false,false,false,false,false,false
false,false,false,false,false,false,false,false,false
false,false,false,false,false,false,false,false,false
false,false,false,false,false,false,false,false,false
false,false,false,false,false,false,false,false,false
false,false,false,false,false,false,false,false,false
false,false,false,false,false,false,false,false,false
false,false,false,false,false,false,false,false,false
false,false,false,false,false,false,false,false,false
false,false,false,false,false,false,false,false,false
false,false,false,false,false,false,false,false,false
false,false,false,false,false,false,false,false,false
false,false,false,false,false,false,false,false,false
false,false,false,false,false,false,false,false,false
false,false,false,false,false,false,false,false,false
false,false,false,false,false,false,false,false,false
false,false,false,false,false,false,false,false,false
false,false,false,false,false,false,false,false,false
false,false,false,false,false,false,false,false,false
false,false,false,false,false,false,false,false,false
false,false,false,false,false,false,false,false,false
false,false,false,false,false,false,false,false,false
false,false,false,false,false,false,false,false,false
false,false,false,false,false,false,false,false,false
false,false,false,false,false,false,false,false,false
false,false,false,false,false,false,false,false,false
false,false,false,false,false,false,false,false,false
false,false,false,false,false,false,false,false,false
false,false,false,false,false,false,false,false,false
false,false,false,false,false,false,false,false,false
false,false,false,false,false,false,false,false,false
false,false,false,false,false,false,false,false,false
false,false,false,false,false,false,false,false,false
false,false,false,false,false,false,false,false,false
false,false,false,false,false,false,false,false,false
false,false,false,false,false,false,false,false,false
false,false,false,false,false,false,false,false,false
false,false,false,false,false,false,false,false,false
false,false,false,false,false,false,false,false,false
false,false,false,false,false,false,false,false,false
false,false,false,false,false,false,false,false,false
false,false,false,false,false,false,false,false,false
false,false,false,false,false,false,false,false,false
false,false,false,false,false,false,false,false,false
false,false,false,false,false,false,false,false,false
false,false,false,false,false,false,false,false,false
false,false,false,false,false,false,false,false,false
false,false,false,false,false,false,false,false,false
false,false,false,false,false,false,false,false,false
false,false,false,false,false,false,false,false,false
false,false,false,false,false,false,false,false,false
false,false,false,false,false,false,false,false,false
false,false,false,false,false,false,false,false,false
false,false,false,false,false,false,false,false,false
false,false,false,false,false,false,false,false,false
false,false,false,false,false,false,false,false,false
false,false,false,false,false,false,false,false,false
false,false,false,false,false,false,false,false,false
false,false,false,false,false,false,false,false,false
false,false,false,false,false,false,false,false,false
false,false,false,false,false,false,false,false,false
false,false,false,false,false,false,false,false,false
false,false,false,false,false,false,false,false,false
false,false,false,false,false,false,false,false,false
false,false,false,false,false,false,false,false,false
false,false,false,false,false,false,false,false,false
false,false,false,false,false,false,false,false,false
false,false,false,false,false,false,false,false,false
false,false,false,false,false,false,false,false,false
false,false,false,false,false,false,false,false,false
false,false,false,false,false,false,false,false,false
false,false,false,false,false,false,false,false,false
false,false,false,false,false,false,false,false,false
false,false,false,false,false,false,false,false,false
false,false,false,false,false,false,false,false,false
false,false,false,false,false,false,false,false,false
false,false,false,false,false,false,false,false,false
false,false,false,false,false,false,false,false,false
false,false,false,false,false,false,false,false,false
false,false,false,false,false,false,false,false,false
false,false,false,false,false,false,false,false,false
false,false,false,false,false,false,false,false,false
false,false,false,false,false,false,false,false,false
false,false,false,false,false,false,false,false,false
false,false,false,false,false,false,false,false,false
false,false,false,false,false,false,false,false,false
false,false,false,false,false,false,false,false,false
false,false,false,false,false,false,false,false,false
false,false,false,false,false,false,false,false,false
false,false,false,false,false,false,false,false,false
false,false,false,false,false,false,false,false,false
false,false,false,false,false,false,false,false,false
false,false,false,false,false,false,false,false,false
false,false,false,false,false,false,false,false,false
false,false,false,false,false,false,false,false,false
false,false,false,false,false,false,false,false,false
false,false,false,false,false,false,false,false,false
false,false,false,false,false,false,false,false,false
false,false,false,false,false,false,false,false,false
false,false,false,false,false,false,false,false,false
false,false,false,false,false,false,false,false,false
false,false,false,false,false,false,false,false,false
false,false,false,false,false,false,false,false,false
false,false,false,false,false,false,false,false,false
false,false,false,false,false,false,false,false,false
false,false,false,false,false,false,false,false,false
false,false,false,false,false,false,false,false,false
false,false,false,false,false,false,false,false,false
false,false,false,false,false,false,false,false,false
false,false,false,false,false,false,false,false,false
false,false,false,false,false,false,false,false,false
false,false,false,false,false,false,false,false,false
false,false,false,false,false,false,false,false,false
false,false,false,false,false,false,false,false,false
false,false,false,false,false,false,false,false,false
false,false,false,false,false,false,false,false,false
false,false,false,false,false,false,false,false,false
false,false,false,false,false,false,false,false,false
false,false,false,false,false,false,false,false,false
false,false,false,false,false,false,false,false,false
false,false,false,false,false,false,false,false,false
false,false,false,false,false,false,false,false,false
false,false,false,false,false,false,false,false,false
false,false,false,false,false,false,false,false,false
false,false,false,false,false,false,false,false,false
false,false,false,false,false,false,false,false,false
false,false,false,false,false,false,false,false,false
false,false,false,false,false,false,false,false,false
false,false,false,false,false,false,false,false,false
false,false,false,false,false,false,false,false,false
false,false,false,false,false,false,false,false,false
false,false,false,false,false,false,false,false,false
false,false,false,false,false,false,false,false,false
false,false,false,false,false,false,false,false,false
false,false,false,false,false,false,false,false,false
false,false,false,false,false,false,false,false,false
false,false,false,false,false,false,false,false,false
false,false,false,false,false,false,false,false,false
false,false,false,false,false,false,false,false,false
false,false,false,false,false,false,false,false,false
false,false,false,false,false,false,false,false,false
false,false,false,false,false,false,false,false,false
false,false,false,false,false,false,false,false,false
false,false,false,false,false,false,false,false,false
false,false,false,false,false,false,false,false,false
false,false,false,false,false,false,false,false,false
false,false,false,false,false,false,false,false,false
false,false,false,false,false,false,false,false,false
false,false,false,false,false,false,false,false,false
false,false,false,false,false,false,false,false,false
false,false,false,false,false,false,false,false,false
false,false,false,false,false,false,false,false,false
false,false,false,false,false,false,false,false,false
false,false,false,false,false,false,false,false,false
false,false,false,false,false,false,false,false,false
false,false,false,false,false,false,false,false,false
false,false,false,false,false,false,false,false,false
false,false,false,false,false,false,false,false,false
false,false,false,false,false,false,false,false,false
false,false,false,false,false,false,false,false,false
false,false,false,false,false,false,false,false,false
false,false,false,false,false,false,false,false,false
false,false,false,false,false,false,false,false,false
false,false,false,false,false,false,false,false,false
false,false,false,false,false,false,false,false,false
false,false,false,false,false,false,false,false,false
false,false,false,false,false,false,false,false,false
false,false,false,false,false,false,false,false,false
false,false,false,false,false,false,false,false,false
false,false,false,false,false,false,false,false,false
false,false,false,false,false,false,false,false,false
false,false,false,false,false,false,false,false,false
false,false,false,false,false,false,false,false,false
false,false,false,false,false,false,false,false,false
false,false,false,false,false,false,false,false,false
false,false,false,false,false,false,false,false,false
false,false,false,false,false,false,false,false,false
false,false,false,false,false,false,false,false,false
false,false,false,false,false,false,false,false,false
false,false,false,false,false,false,false,false,false
false,false,false,false,false,false,false,false,false
false,false,false,false,false,false,false,false,false
false,false,false,false,false,false,false,false,false
false,false,false,false,false,false,false,false,false
false,false,false,false,false,false,false,false,false
false,false,false,false,false,false,false,false,false
false,false,false,false,false,false,false,false,false
false,false,false,false,false,false,false,false,false
false,false,false,false,false,false,false,false,false
false,false,false,false,false,false,false,false,false
false,false,false,false,false,false,false,false,false
false,false,false,false,false,false,false,false,false
false,false,false,false,false,false,false,false,false
false,false,false,false,false,false,false,false,false
false,false,false,false,false,false,false,false,false
false,false,false,false,false,false,false,false,false
false,false,false,false,false,false,false,false,false
false,false,false,false,false,false,false,false,false
false,false,false,false,false,false,false,false,false
false,false,false,false,false,false,false,false,false
false,false,false,false,false,false,false,false,false
false,false,false,false,false,false,false,false,false
false,false,false,false,false,false,false,false,false
false,false,false,false,false,false,false,false,false
false,false,false,false,false,false,false,false,false
false,false,false,false,false,false,false,false,false
false,false,false,false,false,false,false,false,false
false,false,false,false,false,false,false,false,false
false,false,false,false,false,false,false,false,false
false,false,false,false,false,false,false,false,false
false,false,false,false,false,false,false,false,false
false,false,false,false,false,false,false,false,false
false,false,false,false,false,false,false,false,false
false,false,false,false,false,false,false,false,false
false,false,false,false,false,false,false,false,false
false,false,false,false,false,false,false,false,false
false,false,false,false,false,false,false,false,false
false,false,false,false,false,false,false,false,false
false,false,false,false,false,false,false,false,false
false,false,false,false,false,false,false,false,false
false,false,false,false,false,false,false,false,false
false,false,false,false,false,false,false,false,false
false,false,false,false,false,false,false,false,false
false,false,false,false,false,false,false,false,false
false,false,false,false,false,false,false,false,false
false,false,false,false,false,false,false,false,false
false,false,false,false,false,false,false,false,false
false,false,false,false,false,false,false,false,false
false,false,false,false,false,false,false,false,false
false,false,false,false,false,false,false,false,false
false,false,false,false,false,false,false,false,false
false,false,false,false,false,false,false,false,false
false,false,false,false,false,false,false,false,false
false,false,false,false,false,false,false,false,false
false,false,false,false,false,false,false,false,false
false,false,false,false,false,false,false,false,false
false,false,false,false,false,false,false,false,false
false,false,false,false,false,false,false,false,false
false,false,false,false,false,false,false,false,false
false,false,false,false,false,false,false,false,false
false,false,false,false,false,false,false,false,false
false,false,false,false,false,false,false,false,false
false,false,false,false,false,false,false,false,false
false,false,false,false,false,false,false,false,false
false,false,false,false,false,false,false,false,false
false,false,false,false,false,false,false,false,false
false,false,false,false,false,false,false,false,false
false,false,false,false,false,false,false,false,false
false,false,false,false,false,false,false,false,false
false,false,false,false,false,false,false,false,false
false,false,false,false,false,false,false,false,false
false,false,false,false,false,false,false,false,false
false,false,false,false,false,false,false,false,false
false,false,false,false,false,false,false,false,false
false,false,false,false,false,false,false,false,false
false,false,false,false,false,false,false,false,false
false,false,false,false,false,false,false,false,false
false,false,false,false,false,false,false,false,false
false,false,false,false,false,false,false,false,false
false,false,false,false,false,false,false,false,false
false,false,false,false,false,false,false,false,false
false,false,false,false,false,false,false,false,false
false,false,false,false,false,false,false,false,false
false,false,false,false,false,false,false,false,false
false,false,false,false,false,false,false,false,false
false,false,false,false,false,false,false,false,false
false,false,false,false,false,false,false,false,false
false,false,false,false,false,false,false,false,false
false,false,false,false,false,false,false,false,false
false,false,false,false,false,false,false,false,false
false,false,false,false,false,false,false,false,false
false,false,false,false,false,false,false,false,false
false,false,false,false,false,false,false,false,false
false,false,false,false,false,false,false,false,false
false,false,false,false,false,false,false,false,false
false,false,false,false,false,false,false,false,false
false,false,false,false,false,false,false,false,false
false,false,false,false,false,false,false,false,false
false,false,false,false,false,false,false,false,false
false,false,false,false,false,false,false,false,false
false,false,false,false,false,false,false,false,false
false,false,false,false,false,false,false,false,false
false,false,false,false,false,false,false,false,false
false,false,false,false,false,false,false,false,false
false,false,false,false,false,false,false,false,false
false,false,false,false,false,false,false,false,false
false,false,false,false,false,false,false,false,false
false,false,false,false,false,false,false,false,false
false,false,false,false,false,false,false,false,false
false,false,false,false,false,false,false,false,false
false,false,false,false,false,false,false,false,false
false,false,false,false,false,false,false,false,false
false,false,false,false,false,false,false,false,false
false,false,false,false,false,false,false,false,false
false,false,false,false,false,false,false,false,false
false,false,false,false,false,false,false,false,false
false,false,false,false,false,false,false,false,false
false,false,false,false,false,false,false,false,false
false,false,false,false,false,false,false,false,false
false,false,false,false,false,false,false,false,false
false,false,false,false,false,false,false,false,false
false,false,false,false,false,false,false,false,false
false,false,false,false,false,false,false,false,false
false,false,false,false,false,false,false,false,false
false,false,false,false,false,false,false,false,false
false,false,false,false,false,false,false,false,false
false,false,false,false,false,false,false,false,false
false,false,false,false,false,false,false,false,false
false,false,false,false,false,false,false,false,false
false,false,false,false,false,false,false,false,false
false,false,false,false,false,false,false,false,false
false,false,false,false,false,false,false,false,false
false,false,false,false,false,false,false,false,false
false,false,false,false,false,false,false,false,false
false,false,false,false,false,false,false,false,false
false,false,false,false,false,false,false,false,false
false,false,false,false,false,false,false,false,false
false,false,false,false,false,false,false,false,false
false,false,false,false,false,false,false,false,false
false,false,false,false,false,false,false,false,false
false,false,false,false,false,false,false,false,false
false,false,false,false,false,false,false,false,false
false,false,false,false,false,false,false,false,false
false,false,false,false,false,false,false,false,false
false,false,false,false,false,false,false,false,false
false,false,false,false,false,false,false,false,false
false,false,false,false,false,false,false,false,false
false,false,false,false,false,false,false,false,false
false,false,false,false,false,false,false,false,false
false,false,false,false,false,false,false,false,false
false,false,false,false,false,false,false,false,false
false,false,false,false,false,false,false,false,false
false,false,false,false,false,false,false,false,false
false,false,false,false,false,false,false,false,false
false,false,false,false,false,false,false,false,false
false,false,false,false,false,false,false,false,false
false,false,false,false,false,false,false,false,false
false,false,false,false,false,false,false,false,false
false,false,false,false,false,false,false,false,false
false,false,false,false,false,false,false,false,false
false,false,false,false,false,false,false,false,false
false,false,false,false,false,false,false,false,false
false,false,false,false,false,false,false,false,false
false,false,false,false,false,false,false,false,false
false,false,false,false,false,false,false,false,false
false,false,false,false,false,false,false,false,false
false,false,false,false,false,false,false,false,false
false,false,false,false,false,false,false,false,false
false,false,false,false,false,false,false,false,false
false,false,false,false,false,false,false,false,false
false,false,false,false,false,false,false,false,false
false,false,false,false,false,false,false,false,false
false,false,false,false,false,false,false,false,false
false,false,false,false,false,false,false,false,false
false,false,false,false,false,false,false,false,false
false,false,false,false,false,false,false,false,false
false,false,false,false,false,false,false,false,false
false,false,false,false,false,false,false,false,false
false,false,false,false,false,false,false,false,false
false,false,false,false,false,false,false,false,false
false,false,false,false,false,false,false,false,false
false,false,false,false,false,false,false,false,false
false,false,false,false,false,false,false,false,false
false,false,false,false,false,false,false,false,false
false,false,false,false,false,false,false,false,false
false,false,false,false,false,false,false,false,false
false,false,false,false,false,false,false,false,false
false,false,false,false,false,false,false,false,false
false,false,false,false,false,false,false,false,false
false,false,false,false,false,false,false,false,false
false,false,false,false,false,false,false,false,false
false,false,false,false,false,false,false,false,false
false,false,false,false,false,false,false,false,false
false,false,false,false,false,false,false,false,false
false,false,false,false,false,false,false,false,false
false,false,false,false,false,false,false,false,false
false,false,false,false,false,false,false,false,false
false,false,false,false,false,false,false,false,false
false,false,false,false,false,false,false,false,false
false,false,false,false,false,false,false,false,false
false,false,false,false,false,false,false,false,false
false,false,false,false,false,false,false,false,false
false,false,false,false,false,false,false,false,false
false,false,false,false,false,false,false,false,false
false,false,false,false,false,false,false,false,false
false,false,false,false,false,false,false,false,false
false,false,false,false,false,false,false,false,false
false,false,false,false,false,false,false,false,false
false,false,false,false,false,false,false,false,false
false,false,false,false,false,false,false,false,false
false,false,false,false,false,false,false,false,false
false,false,false,false,false,false,false,false,false
false,false,false,false,false,false,false,false,false
false,false,false,false,false,false,false,false,false
false,false,false,false,false,false,false,false,false
false,false,false,false,false,false,false,false,false
false,false,false,false,false,false,false,false,false
false,false,false,false,false,false,false,false,false
false,false,false,false,false,false,false,false,false
false,false,false,false,false,false,false,false,false
false,false,false,false,false,false,false,false,false
false,false,false,false,false,false,false,false,false
false,false,false,false,false,false,false,false,false
false,false,false,false,false,false,false,false,false
false,false,false,false,false,false,false,false,false
false,false,false,false,false,false,false,false,false
false,false,false,false,false,false,false,false,false
false,false,false,false,false,false,false,false,false
false,false,false,false,false,false,false,false,false
false,false,false,false,false,false,false,false,false
false,false,false,false,false,false,false,false,false
false,false,false,false,false,false,false,false,false
false,false,false,false,false,false,false,false,false
false,false,false,false,false,false,false,false,false
false,false,false,false,false,false,false,false,false
false,false,false,false,false,false,false,false,false
false,false,false,false,false,false,false,false,false
false,false,false,false,false,false,false,false,false
false,false,false,false,false,false,false,false,false
false,false,false,false,false,false,false,false,false
false,false,false,false,false,false,false,false,false
false,false,false,false,false,false,false,false,false
false,false,false,false,false,false,false,false,false
false,false,false,false,false,false,false,false,false
false,false,false,false,false,false,false,false,false
false,false,false,false,false,false,false,false,false
false,false,false,false,false,false,false,false,false
false,false,false,false,false,false,false,false,false
false,false,false,false,false,false,false,false,false
false,false,false,false,false,false,false,false,false
false,false,false,false,false,false,false,false,false
false,false,false,false,false,false,false,false,false
false,false,false,false,false,false,false,false,false
false,false,false,false,false,false,false,false,false
false,false,false,false,false,false,false,false,false
false,false,false,false,false,false,false,false,false
false,false,false,false,false,false,false,false,false
false,false,false,false,false,false,false,false,false
false,false,false,false,false,false,false,false,false
false,false,false,false,false,false,false,false,false
false,false,false,false,false,false,false,false,false
false,false,false,false,false,false,false,false,false
false,false,false,false,false,false,false,false,false
false,false,false,false,false,false,false,false,false
false,false,false,false,false,false,false,false,false
false,false,false,false,false,false,false,false,false
false,false,false,false,false,false,false,false,false
false,false,false,false,false,false,false,false,false
false,false,false,false,false,false,false,false,false
false,false,false,false,false,false,false,false,false
false,false,false,false,false,false,false,false,false
false,false,false,false,false,false,false,false,false
false,false,false,false,false,false,false,false,false
false,false,false,false,false,false,false,false,false
false,false,false,false,false,false,false,false,false
false,false,false,false,false,false,false,false,false
false,false,false,false,false,false,false,false,false
false,false,false,false,false,false,false,false,false
false,false,false,false,false,false,false,false,false
false,false,false,false,false,false,false,false,false
false,false,false,false,false,false,false,false,false
false,false,false,false,false,false,false,false,false
false,false,false,false,false,false,false,false,false
false,false,false,false,false,false,false,false,false
false,false,false,false,false,false,false,false,false
false,false,false,false,false,false,false,false,false
false,false,false,false,false,false,false,false,false
false,false,false,false,false,false,false,false,false
false,false,false,false,false,false,false,false,false
false,false,false,false,false,false,false,false,false
false,false,false,false,false,false,false,false,false
false,false,false,false,false,false,false,false,false
false,false,false,false,false,false,false,false,false
false,false,false,false,false,false,false,false,false
false,false,false,false,false,false,false,false,false
false,false,false,false,false,false,false,false,false
false,false,false,false,false,false,false,false,false
false,false,false,false,false,false,false,false,false
false,false,false,false,false,false,false,false,false
false,false,false,false,false,false,false,false,false
false,false,false,false,false,false,false,false,false
false,false,false,false,false,false,false,false,false
false,false,false,false,false,false,false,false,false
false,false,false,false,false,false,false,false,false
false,false,false,false,false,false,false,false,false
false,false,false,false,false,false,false,false,false
false,false,false,false,false,false,false,false,false
false,false,false,false,false,false,false,false,false
false,false,false,false,false,false,false,false,false
false,false,false,false,false,false,false,false,false
false,false,false,false,false,false,false,false,false
false,false,false,false,false,false,false,false,false
false,false,false,false,false,false,false,false,false
false,false,false,false,false,false,false,false,false
false,false,false,false,false,false,false,false,false
false,false,false,false,false,false,false,false,false
false,false,false,false,false,false,false,false,false
false,false,false,false,false,false,false,false,false
false,false,false,false,false,false,false,false,false
false,false,false,false,false,false,false,false,false
false,false,false,false,false,false,false,false,false
false,false,false,false,false,false,false,false,false
false,false,false,false,false,false,false,false,false
false,false,false,false,false,false,false,false,false
false,false,false,false,false,false,false,false,false
false,false,false,false,false,false,false,false,false
false,false,false,false,false,false,false,false,false
false,false,false,false,false,false,false,false,false
false,false,false,false,false,false,false,false,false
false,false,false,false,false,false,false,false,false
false,false,false,false,false,false,false,false,false
false,false,false,false,false,false,false,false,false
false,false,false,false,false,false,false,false,false
false,false,false,false,false,false,false,false,false
false,false,false,false,false,false,false,false,false
false,false,false,false,false,false,false,false,false
false,false,false,false,false,false,false,false,false
false,false,false,false,false,false,false,false,false
false,false,false,false,false,false,false,false,false
false,false,false,false,false,false,false,false,false
false,false,false,false,false,false,false,false,false
false,false,false,false,false,false,false,false,false
false,false,false,false,false,false,false,false,false
false,false,false,false,false,false,false,false,false
false,false,false,false,false,false,false,false,false
false,false,false,false,false,false,false,false,false
false,false,false,false,false,false,false,false,false
false,false,false,false,false,false,false,false,false
false,false,false,false,false,false,false,false,false
false,false,false,false,false,false,false,false,false
false,false,false,false,false,false,false,false,false
false,false,false,false,false,false,false,false,false
false,false,false,false,false,false,false,false,false
false,false,false,false,false,false,false,false,false
false,false,false,false,false,false,false,false,false
false,false,false,false,false,false,false,false,false
false,false,false,false,false,false,false,false,false
false,false,false,false,false,false,false,false,false
false,false,false,false,false,false,false,false,false
false,false,false,false,false,false,false,false,false
false,false,false,false,false,false,false,false,false
false,false,false,false,false,false,false,false,false
false,false,false,false,false,false,false,false,false
false,false,false,false,false,false,false,false,false
false,false,false,false,false,false,false,false,false
false,false,false,false,false,false,false,false,false
false,false,false,false,false,false,false,false,false
false,false,false,false,false,false,false,false,false
false,false,false,false,false,false,false,false,false
false,false,false,false,false,false,false,false,false
false,false,false,false,false,false,false,false,false
false,false,false,false,false,false,false,false,false
false,false,false,false,false,false,false,false,false
false,false,false,false,false,false,false,false,false
false,false,false,false,false,false,false,false,false
false,false,false,false,false,false,false,false,false
false,false,false,false,false,false,false,false,false
false,false,false,false,false,false,false,false,false
false,false,false,false,false,false,false,false,false
false,false,false,false,false,false,false,false,false
false,false,false,false,false,false,false,false,false
false,false,false,false,false,false,false,false,false
false,false,false,false,false,false,false,false,false
false,false,false,false,false,false,false,false,false
false,false,false,false,false,false,false,false,false
false,false,false,false,false,false,false,false,false
false,false,false,false,false,false,false,false,false
false,false,false,false,false,false,false,false,false
false,false,false,false,false,false,false,false,false
false,false,false,false,false,false,false,false,false
false,false,false,false,false,false,false,false,false
false,false,false,false,false,false,false,false,false
false,false,false,false,false,false,false,false,false
false,false,false,false,false,false,false,false,false
false,false,false,false,false,false,false,false,false
false,false,false,false,false,false,false,false,false
false,false,false,false,false,false,false,false,false
false,false,false,false,false,false,false,false,false
false,false,false,false,false,false,false,false,false
false,false,false,false,false,false,false,false,false
false,false,false,false,false,false,false,false,false
false,false,false,false,false,false,false,false,false
false,false,false,false,false,false,false,false,false
false,false,false,false,false,false,false,false,false
false,false,false,false,false,false,false,false,false
false,false,false,false,false,false,false,false,false
false,false,false,false,false,false,false,false,false
false,false,false,false,false,false,false,false,false
false,false,false,false,false,false,false,false,false
false,false,false,false,false,false,false,false,false
false,false,false,false,false,false,false,false,false
false,false,false,false,false,false,false,false,false
false,false,false,false,false,false,false,false,false
false,false,false,false,false,false,false,false,false
false,false,false,false,false,false,false,false,false
false,false,false,false,false,false,false,false,false
false,false,false,false,false,false,false,false,false
false,false,false,false,false,false,false,false,false
false,false,false,false,false,false,false,false,false
false,false,false,false,false,false,false,false,false
false,false,false,false,false,false,false,false,false
false,false,false,false,false,false,false,false,false
false,false,false,false,false,false,false,false,false
false,false,false,false,false,false,false,false,false
false,false,false,false,false,false,false,false,false
false,false,false,false,false,false,false,false,false
false,false,false,false,false,false,false,false,false
false,false,false,false,false,false,false,false,false
false,false,false,false,false,false,false,false,false
false,false,false,false,false,false,false,false,false
false,false,false,false,false,false,false,false,false
false,false,false,false,false,false,false,false,false
false,false,false,false,false,false,false,false,false
true,true,true,true,true,true,true,true,false
false,false,false,false,false,false,false,false,false
false,false,false,false,false,false,false,false,false
false,false,false,false,false,false,false,false,false
false,false,false,false,false,false,false,false,false
false,false,false,false,false,false,false,false,false
false,false,false,false,false,false,false,false,false
false,false,false,false,false,false,false,false,false
false,false,false,false,false,false,false,false,false
false,false,false,false,false,false,false,false,false
false,false,false,false,false,false,false,false,false
false,false,false,false,false,false,false,false,false
false,false,false,false,false,false,false,false,false
false,false,false,false,false,false,false,false,false
false,false,false,false,false,false,false,false,false
false,false,false,false,false,false,false,false,false
false,false,false,false,false,false,false,false,false
false,false,false,false,false,false,false,false,false
false,false,false,false,false,false,false,false,false
false,false,false,false,false,false,false,false,false
false,false,false,false,false,false,false,false,false
false,false,false,false,false,false,false,false,false
false,false,false,false,false,false,false,false,false
false,false,false,false,false,false,false,false,false
false,false,false,false,false,false,false,false,false
false,false,false,false,false,false,false,false,false
false,false,false,false,false,false,false,false,false
false,false,false,false,false,false,false,false,false
false,false,false,false,false,false,false,false,false
false,false,false,false,false,false,false,false,false
false,false,false,false,false,false,false,false,false
false,false,false,false,false,false,false,false,false
false,false,false,false,false,false,false,false,false
false,false,false,false,false,false,false,false,false
false,false,false,false,false,false,false,false,false
false,false,false,false,false,false,false,false,false
false,false,false,false,false,false,false,false,false
false,false,false,false,false,false,false,false,false
false,false,false,false,false,false,false,false,false
false,false,false,false,false,false,false,false,false
false,false,false,false,false,false,false,false,false
false,false,false,false,false,false,false,false,false
false,false,false,false,false,false,false,false,false
false,false,false,false,false,false,false,false,false
false,false,false,false,false,false,false,false,false
false,false,false,false,false,false,false,false,false
false,false,false,false,false,false,false,false,false
false,false,false,false,false,false,false,false,false
false,false,false,false,false,false,false,false,false
false,false,false,false,false,false,false,false,false
false,false,false,false,false,false,false,false,false
false,false,false,false,false,false,false,false,false
false,false,false,false,false,false,false,false,false
false,false,false,false,false,false,false,false,false
false,false,false,false,false,false,false,false,false
false,false,false,false,false,false,false,false,false
false,false,false,false,false,false,false,false,false
false,false,false,false,false,false,false,false,false
false,false,false,false,false,false,false,false,false
false,false,false,false,false,false,false,false,false
false,false,false,false,false,false,false,false,false
false,false,false,false,false,false,false,false,false
false,false,false,false,false,false,false,false,false
false,false,false,false,false,false,false,false,false
false,false,false,false,false,false,false,false,false
false,false,false,false,false,false,false,false,false
false,false,false,false,false,false,false,false,false
false,false,false,false,false,false,false,false,false
false,false,false,false,false,false,false,false,false
false,false,false,false,false,false,false,false,false
false,false,false,false,false,false,false,false,false
false,false,false,false,false,false,false,false,false
false,false,false,false,false,false,false,false,false
false,false,false,false,false,false,false,false,false
false,false,false,false,false,false,false,false,false
false,false,false,false,false,false,false,false,false
false,false,false,false,false,false,false,false,false
false,false,false,false,false,false,false,false,false
false,false,false,false,false,false,false,false,false
false,false,false,false,false,false,false,false,false
false,false,false,false,false,false,false,false,false
false,false,false,false,false,false,false,false,false
false,false,false,false,false,false,false,false,false
false,false,false,false,false,false,false,false,false
false,false,false,false,false,false,false,false,false
false,false,false,false,false,false,false,false,false
false,false,false,false,false,false,false,false,false
false,false,false,false,false,false,false,false,false
false,false,false,false,false,false,false,false,false
false,false,false,false,false,false,false,false,false
false,false,false,false,false,false,false,false,false
false,false,false,false,false,false,false,false,false
false,false,false,false,false,false,false,false,false
false,false,false,false,false,false,false,false,false
false,false,false,false,false,false,false,false,false
false,false,false,false,false,false,false,false,false
false,false,false,false,false,false,false,false,false
false,false,false,false,false,false,false,false,false
false,false,false,false,false,false,false,false,false
false,false,false,false,false,false,false,false,false
false,false,false,false,false,false,false,false,false
false,false,false,false,false,false,false,false,false
false,false,false,false,false,false,false,false,false
false,false,false,false,false,false,false,false,false
false,false,false,false,false,false,false,false,false
false,false,false,false,false,false,false,false,false
false,false,false,false,false,false,false,false,false
false,false,false,false,false,false,false,false,false
false,false,false,false,false,false,false,false,false
false,false,false,false,false,false,false,false,false
false,false,false,false,false,false,false,false,false
false,false,false,false,false,false,false,false,false
false,false,false,false,false,false,false,false,false
false,false,false,false,false,false,false,false,false
false,false,false,false,false,false,false,false,false
false,false,false,false,false,false,false,false,false
false,false,false,false,false,false,false,false,false
false,false,false,false,false,false,false,false,false
false,false,false,false,false,false,false,false,false
false,false,false,false,false,false,false,false,false
false,false,false,false,false,false,false,false,false
false,false,false,false,false,false,false,false,false
false,false,false,false,false,false,false,false,false
false,false,false,false,false,false,false,false,false
false,false,false,false,false,false,false,false,false
false,false,false,false,false,false,false,false,false
false,false,false,false,false,false,false,false,false
false,false,false,false,false,false,false,false,false
false,false,false,false,false,false,false,false,false
false,false,false,false,false,false,false,false,false
false,false,false,false,false,false,false,false,false
false,false,false,false,false,false,false,false,false
false,false,false,false,false,false,false,false,false
false,false,false,false,false,false,false,false,false
false,false,false,false,false,false,false,false,false
false,false,false,false,false,false,false,false,false
false,false,false,false,false,false,false,false,false
false,false,false,false,false,false,false,false,false
false,false,false,false,false,false,false,false,false
false,false,false,false,false,false,false,false,false
false,false,false,false,false,false,false,false,false
false,false,false,false,false,false,false,false,false
false,false,false,false,false,false,false,false,false
false,false,false,false,false,false,false,false,false
false,false,false,false,false,false,false,false,false
false,false,false,false,false,false,false,false,false
false,false,false,false,false,false,false,false,false
false,false,false,false,false,false,false,false,false
false,false,false,false,false,false,false,false,false
false,false,false,false,false,false,false,false,false
false,false,false,false,false,false,false,false,false
false,false,false,false,false,false,false,false,false
false,false,false,false,false,false,false,false,false
false,false,false,false,false,false,false,false,false
false,false,false,false,false,false,false,false,false
false,false,false,false,false,false,false,false,false
false,false,false,false,false,false,false,false,false
false,false,false,false,false,false,false,false,false
false,false,false,false,false,false,false,false,false
false,false,false,false,false,false,false,false,false
false,false,false,false,false,false,false,false,false
false,false,false,false,false,false,false,false,false
false,false,false,false,false,false,false,false,false
false,false,false,false,false,false,false,false,false
false,false,false,false,false,false,false,false,false
false,false,false,false,false,false,false,false,false
false,false,false,false,false,false,false,false,false
false,false,false,false,false,false,false,false,false
false,false,false,false,false,false,false,false,false
false,false,false,false,false,false,false,false,false
false,false,false,false,false,false,false,false,false
false,false,false,false,false,false,false,false,false
false,false,false,false,false,false,false,false,false
false,false,false,false,false,false,false,false,false
false,false,false,false,false,false,false,false,false
false,false,false,false,false,false,false,false,false
false,false,false,false,false,false,false,false,false
false,false,false,false,false,false,false,false,false
false,false,false,false,false,false,false,false,false
false,false,false,false,false,false,false,false,false
false,false,false,false,false,false,false,false,false
false,false,false,false,false,false,false,false,false
false,false,false,false,false,false,false,false,false
false,false,false,false,false,false,false,false,false
false,false,false,false,false,false,false,false,false
false,false,false,false,false,false,false,false,false
false,false,false,false,false,false,false,false,false
false,false,false,false,false,false,false,false,false
false,false,false,false,false,false,false,false,false
false,false,false,false,false,false,false,false,false
false,false,false,false,false,false,false,false,false
false,false,false,false,false,false,false,false,false
false,false,false,false,false,false,false,false,false
false,false,false,false,false,false,false,false,false
false,false,false,false,false,false,false,false,false
false,false,false,false,false,false,false,false,false
false,false,false,false,false,false,false,false,false
false,false,false,false,false,false,false,false,false
false,false,false,false,false,false,false,false,false
false,false,false,false,false,false,false,false,false
false,false,false,false,false,false,false,false,false
false,false,false,false,false,false,false,false,false
false,false,false,false,false,false,false,false,false
false,false,false,false,false,false,false,false,false
false,false,false,false,false,false,false,false,false
false,false,false,false,false,false,false,false,false
false,false,false,false,false,false,false,false,false
false,false,false,false,false,false,false,false,false
false,false,false,false,false,false,false,false,false
false,false,false,false,false,false,false,false,false
false,false,false,false,false,false,false,false,false
false,false,false,false,false,false,false,false,false
false,false,false,false,false,false,false,false,false
false,false,false,false,false,false,false,false,false
false,false,false,false,false,false,false,false,false
false,false,false,false,false,false,false,false,false
false,false,false,false,false,false,false,false,false
false,false,false,false,false,false,false,false,false
false,false,false,false,false,false,false,false,false
false,false,false,false,false,false,false,false,false
false,false,false,false,false,false,false,false,false
false,false,false,false,false,false,false,false,false
false,false,false,false,false,false,false,false,false
false,false,false,false,false,false,false,false,false
false,false,false,false,false,false,false,false,false
false,false,false,false,false,false,false,false,false
false,false,false,false,false,false,false,false,false
false,false,false,false,false,false,false,false,false
false,false,false,false,false,false,false,false,false
false,false,false,false,false,false,false,false,false
false,false,false,false,false,false,false,false,false
false,false,false,false,false,false,false,false,false
false,false,false,false,false,false,false,false,false
false,false,false,false,false,false,false,false,false
false,false,false,false,false,false,false,false,false
false,false,false,false,false,false,false,false,false
false,false,false,false,false,false,false,false,false
false,false,false,false,false,false,false,false,false
false,false,false,false,false,false,false,false,false
false,false,false,false,false,false,false,false,false
false,false,false,false,false,false,false,false,false
false,false,false,false,false,false,false,false,false
false,false,false,false,false,false,false,false,false
false,false,false,false,false,false,false,false,false
false,false,false,false,false,false,false,false,false
false,false,false,false,false,false,false,false,false
false,false,false,false,false,false,false,false,false
false,false,false,false,false,false,false,false,false
false,false,false,false,false,false,false,false,false
false,false,false,false,false,false,false,false,false
false,false,false,false,false,false,false,false,false
false,false,false,false,false,false,false,false,false
false,false,false,false,false,false,false,false,false
false,false,false,false,false,false,false,false,false
false,false,false,false,false,false,false,false,false
false,false,false,false,false,false,false,false,false
false,false,false,false,false,false,false,false,false
false,false,false,false,false,false,false,false,false
false,false,false,false,false,false,false,false,false
false,false,false,false,false,false,false,false,false
false,false,false,false,false,false,false,false,false
false,false,false,false,false,false,false,false,false
false,false,false,false,false,false,false,false,false
false,false,false,false,false,false,false,false,false
false,false,false,false,false,false,false,false,false
false,false,false,false,false,false,false,false,false
false,false,false,false,false,false,false,false,false
false,false,false,false,false,false,false,false,false
false,false,false,false,false,false,false,false,false
false,false,false,false,false,false,false,false,false
false,false,false,false,false,false,false,false,false
false,false,false,false,false,false,false,false,false
false,false,false,false,false,false,false,false,false
false,false,false,false,false,false,false,false,false
false,false,false,false,false,false,false,false,false
false,false,false,false,false,false,false,false,false
false,false,false,false,false,false,false,false,false
false,false,false,false,false,false,false,false,false
false,false,false,false,false,false,false,false,false
false,false,false,false,false,false,false,false,false
false,false,false,false,false,false,false,false,false
false,false,false,false,false,false,false,false,false
false,false,false,false,false,false,false,false,false
false,false,false,false,false,false,false,false,false
false,false,false,false,false,false,false,false,false
false,false,false,false,false,false,false,false,false
false,false,false,false,false,false,false,false,false
false,false,false,false,false,false,false,false,false
false,false,false,false,false,false,false,false,false
false,false,false,false,false,false,false,false,false
false,false,false,false,false,false,false,false,false
false,false,false,false,false,false,false,false,false
false,false,false,false,false,false,false,false,false
false,false,false,false,false,false,false,false,false
false,false,false,false,false,false,false,false,false
false,false,false,false,false,false,false,false,false
false,false,false,false,false,false,false,false,false
false,false,false,false,false,false,false,false,false
false,false,false,false,false,false,false,false,false
false,false,false,false,false,false,false,false,false
false,false,false,false,false,false,false,false,false
false,false,false,false,false,false,false,false,false
false,false,false,false,false,false,false,false,false
false,false,false,false,false,false,false,false,false
false,false,false,false,false,false,false,false,false
false,false,false,false,false,false,false,false,false
false,false,false,false,false,false,false,false,false
false,false,false,false,false,false,false,false,false
false,false,false,false,false,false,false,false,false
false,false,false,false,false,false,false,false,false
false,false,false,false,false,false,false,false,false
false,false,false,false,false,false,false,false,false
false,false,false,false,false,false,false,false,false
false,false,false,false,false,false,false,false,false
false,false,false,false,false,false,false,false,false
false,false,false,false,false,false,false,false,false
false,false,false,false,false,false,false,false,false
false,false,false,false,false,false,false,false,false
false,false,false,false,false,false,false,false,false
false,false,false,false,false,false,false,false,false
false,false,false,false,false,false,false,false,false
false,false,false,false,false,false,false,false,false
false,false,false,false,false,false,false,false,false
false,false,false,false,false,false,false,false,false
false,false,false,false,false,false,false,false,false
false,false,false,false,false,false,false,false,false
false,false,false,false,false,false,false,false,false
false,false,false,false,false,false,false,false,false
false,false,false,false,false,false,false,false,false
false,false,false,false,false,false,false,false,false
false,false,false,false,false,false,false,false,false
false,false,false,false,false,false,false,false,false
false,false,false,false,false,false,false,false,false
false,false,false,false,false,false,false,false,false
false,false,false,false,false,false,false,false,false
false,false,false,false,false,false,false,false,false
false,false,false,false,false,false,false,false,false
false,false,false,false,false,false,false,false,false
false,false,false,false,false,false,false,false,false
false,false,false,false,false,false,false,false,false
false,false,false,false,false,false,false,false,false
false,false,false,false,false,false,false,false,false
false,false,false,false,false,false,false,false,false
false,false,false,false,false,false,false,false,false
false,false,false,false,false,false,false,false,false
false,false,false,false,false,false,false,false,false
false,false,false,false,false,false,false,false,false
false,false,false,false,false,false,false,false,false
false,false,false,false,false,false,false,false,false
false,false,false,false,false,false,false,false,false
false,false,false,false,false,false,false,false,false
false,false,false,false,false,false,false,false,false
false,false,false,false,false,false,false,false,false
false,false,false,false,false,false,false,false,false
false,false,false,false,false,false,false,false,false
false,false,false,false,false,false,false,false,false
false,false,false,false,false,false,false,false,false
false,false,false,false,false,false,false,false,false
false,false,false,false,false,false,false,false,false
false,false,false,false,false,false,false,false,false
false,false,false,false,false,false,false,false,false
false,false,false,false,false,false,false,false,false
false,false,false,false,false,false,false,false,false
false,false,false,false,false,false,false,false,false
false,false,false,false,false,false,false,false,false
false,false,false,false,false,false,false,false,false
false,false,false,false,false,false,false,false,false
false,false,false,false,false,false,false,false,false
false,false,false,false,false,false,false,false,false
false,false,false,false,false,false,false,false,false
false,false,false,false,false,false,false,false,false
false,false,false,false,false,false,false,false,false
false,false,false,false,false,false,false,false,false
false,false,false,false,false,false,false,false,false
false,false,false,false,false,false,false,false,false
false,false,false,false,false,false,false,false,false
false,false,false,false,false,false,false,false,false
false,false,false,false,false,false,false,false,false
false,false,false,false,false,false,false,false,false
false,false,false,false,false,false,false,false,false
false,false,false,false,false,false,false,false,false
false,false,false,false,false,false,false,false,false
false,false,false,false,false,false,false,false,false
false,false,false,false,false,false,false,false,false
false,false,false,false,false,false,false,false,false
false,false,false,false,false,false,false,false,false
false,false,false,false,false,false,false,false,false
false,false,false,false,false,false,false,false,false
false,false,false,false,false,false,false,false,false
false,false,false,false,false,false,false,false,false
false,false,false,false,false,false,false,false,false
false,false,false,false,false,false,false,false,false
false,false,false,false,false,false,false,false,false
false,false,false,false,false,false,false,false,false
false,false,false,false,false,false,false,false,false
false,false,false,false,false,false,false,false,false
false,false,false,false,false,false,false,false,false
false,false,false,false,false,false,false,false,false
false,false,false,false,false,false,false,false,false
false,false,false,false,false,false,false,false,false
false,false,false,false,false,false,false,false,false
false,false,false,false,false,false,false,false,false
false,false,false,false,false,false,false,false,false
false,false,false,false,false,false,false,false,false
false,false,false,false,false,false,false,false,false
false,false,false,false,false,false,false,false,false
false,false,false,false,false,false,false,false,false
false,false,false,false,false,false,false,false,false
false,false,false,false,false,false,false,false,false
false,false,false,false,false,false,false,false,false
false,false,false,false,false,false,false,false,false
false,false,false,false,false,false,false,false,false
false,false,false,false,false,false,false,false,false
false,false,false,false,false,false,false,false,false
false,false,false,false,false,false,false,false,false
false,false,false,false,false,false,false,false,false
false,false,false,false,false,false,false,false,false
false,false,false,false,false,false,false,false,false
false,false,false,false,false,false,false,false,false
false,false,false,false,false,false,false,false,false
false,false,false,false,false,false,false,false,false
false,false,false,false,false,false,false,false,false
false,false,false,false,false,false,false,false,false
false,false,false,false,false,false,false,false,false
false,false,false,false,false,false,false,false,false
false,false,false,false,false,false,false,false,false
false,false,false,false,false,false,false,false,false
false,false,false,false,false,false,false,false,false
false,false,false,false,false,false,false,false,false
false,false,false,false,false,false,false,false,false
false,false,false,false,false,false,false,false,false
false,false,false,false,false,false,false,false,false
false,false,false,false,false,false,false,false,false
false,false,false,false,false,false,false,false,false
false,false,false,false,false,false,false,false,false
false,false,false,false,false,false,false,false,false
false,false,false,false,false,false,false,false,false
false,false,false,false,false,false,false,false,false
false,false,false,false,false,false,false,false,false
false,false,false,false,false,false,false,false,false
false,false,false,false,false,false,false,false,false
false,false,false,false,false,false,false,false,false
false,false,false,false,false,false,false,false,false
false,false,false,false,false,false,false,false,false
false,false,false,false,false,false,false,false,false
false,false,false,false,false,false,false,false,false
false,false,false,false,false,false,false,false,false
false,false,false,false,false,false,false,false,false
false,false,false,false,false,false,false,false,false
false,false,false,false,false,false,false,false,false
false,false,false,false,false,false,false,false,false
false,false,false,false,false,false,false,false,false
false,false,false,false,false,false,false,false,false
false,false,false,false,false,false,false,false,false
false,false,false,false,false,false,false,false,false
false,false,false,false,false,false,false,false,false
false,false,false,false,false,false,false,false,false
false,false,false,false,false,false,false,false,false
false,false,false,false,false,false,false,false,false
false,false,false,false,false,false,false,false,false
false,false,false,false,false,false,false,false,false
false,false,false,false,false,false,false,false,false
false,false,false,false,false,false,false,false,false
false,false,false,false,false,false,false,false,false
false,false,false,false,false,false,false,false,false
false,false,false,false,false,false,false,false,false
false,false,false,false,false,false,false,false,false
false,false,false,false,false,false,false,false,false
false,false,false,false,false,false,false,false,false
false,false,false,false,false,false,false,false,false
false,false,false,false,false,false,false,false,false
false,false,false,false,false,false,false,false,false
false,false,false,false,false,false,false,false,false
false,false,false,false,false,false,false,false,false
false,false,false,false,false,false,false,false,false
false,false,false,false,false,false,false,false,false
false,false,false,false,false,false,false,false,false
false,false,false,false,false,false,false,false,false
false,false,false,false,false,false,false,false,false
false,false,false,false,false,false,false,false,false
false,false,false,false,false,false,false,false,false
false,false,false,false,false,false,false,false,false
false,false,false,false,false,false,false,false,false
false,false,false,false,false,false,false,false,false
false,false,false,false,false,false,false,false,false
false,false,false,false,false,false,false,false,false
false,false,false,false,false,false,false,false,false
false,false,false,false,false,false,false,false,false
false,false,false,false,false,false,false,false,false
false,false,false,false,false,false,false,false,false
false,false,false,false,false,false,false,false,false
false,false,false,false,false,false,false,false,false
false,false,false,false,false,false,false,false,false
false,false,false,false,false,false,false,false,false
false,false,false,false,false,false,false,false,false
false,false,false,false,false,false,false,false,false
false,false,false,false,false,false,false,false,false
false,false,false,false,false,false,false,false,false
false,false,false,false,false,false,false,false,false
false,false,false,false,false,false,false,false,false
false,false,false,false,false,false,false,false,false
false,false,false,false,false,false,false,false,false
false,false,false,false,false,false,false,false,false
false,false,false,false,false,false,false,false,false
false,false,false,false,false,false,false,false,false
false,false,false,false,false,false,false,false,false
false,false,false,false,false,false,false,false,false
false,false,false,false,false,false,false,false,false
false,false,false,false,false,false,false,false,false
false,false,false,false,false,false,false,false,false
false,false,false,false,false,false,false,false,false
false,false,false,false,false,false,false,false,false
false,false,false,false,false,false,false,false,false
false,false,false,false,false,false,false,false,false
false,false,false,false,false,false,false,false,false
false,false,false,false,false,false,false,false,false
false,false,false,false,false,false,false,false,false
false,false,false,false,false,false,false,false,false
false,false,false,false,false,false,false,false,false
false,false,false,false,false,false,false,false,false
false,false,false,false,false,false,false,false,false
false,false,false,false,false,false,false,false,false
false,false,false,false,false,false,false,false,false
false,false,false,false,false,false,false,false,false
false,false,false,false,false,false,false,false,false
false,false,false,false,false,false,false,false,false
false,false,false,false,false,false,false,false,false
false,false,false,false,false,false,false,false,false
false,false,false,false,false,false,false,false,false
false,false,false,false,false,false,false,false,false
false,false,false,false,false,false,false,false,false
false,false,false,false,false,false,false,false,false
false,false,false,false,false,false,false,false,false
false,false,false,false,false,false,false,false,false
false,false,false,false,false,false,false,false,false
false,false,false,false,false,false,false,false,false
false,false,false,false,false,false,false,false,false
false,false,false,false,false,false,false,false,false
false,false,false,false,false,false,false,false,false
false,false,false,false,false,false,false,false,false
false,false,false,false,false,false,false,false,false
false,false,false,false,false,false,false,false,false
false,false,false,false,false,false,false,false,false
false,false,false,false,false,false,false,false,false
false,false,false,false,false,false,false,false,false
false,false,false,false,false,false,false,false,false
false,false,false,false,false,false,false,false,false
false,false,false,false,false,false,false,false,false
false,false,false,false,false,false,false,false,false
false,false,false,false,false,false,false,false,false
false,false,false,false,false,false,false,false,false
false,false,false,false,false,false,false,false,false
false,false,false,false,false,false,false,false,false
false,false,false,false,false,false,false,false,false
false,false,false,false,false,false,false,false,false
false,false,false,false,false,false,false,false,false
false,false,false,false,false,false,false,false,false
false,false,false,false,false,false,false,false,false
false,false,false,false,false,false,false,false,false
false,false,false,false,false,false,false,false,false
false,false,false,false,false,false,false,false,false
false,false,false,false,false,false,false,false,false
false,false,false,false,false,false,false,false,false
false,false,false,false,false,false,false,false,false
false,false,false,false,false,false,false,false,false
false,false,false,false,false,false,false,false,false
false,false,false,false,false,false,false,false,false
false,false,false,false,false,false,false,false,false
false,false,false,false,false,false,false,false,false
false,false,false,false,false,false,false,false,false
false,false,false,false,false,false,false,false,false
false,false,false,false,false,false,false,false,false
false,false,false,false,false,false,false,false,false
false,false,false,false,false,false,false,false,false
false,false,false,false,false,false,false,false,false
false,false,false,false,false,false,false,false,false
false,false,false,false,false,false,false,false,false
false,false,false,false,false,false,false,false,false
false,false,false,false,false,false,false,false,false
false,false,false,false,false,false,false,false,false
false,false,false,false,false,false,false,false,false
false,false,false,false,false,false,false,false,false
false,false,false,false,false,false,false,false,false
false,false,false,false,false,false,false,false,false
false,false,false,false,false,false,false,false,false
false,false,false,false,false,false,false,false,false
false,false,false,false,false,false,false,false,false
false,false,false,false,false,false,false,false,false
false,false,false,false,false,false,false,false,false
false,false,false,false,false,false,false,false,false
false,false,false,false,false,false,false,false,false
false,false,false,false,false,false,false,false,false
false,false,false,false,false,false,false,false,false
false,false,false,false,false,false,false,false,false
false,false,false,false,false,false,false,false,false
false,false,false,false,false,false,false,false,false
false,false,false,false,false,false,false,false,false
false,false,false,false,false,false,false,false,false
false,false,false,false,false,false,false,false,false
false,false,false,false,false,false,false,false,false
false,false,false,false,false,false,false,false,false
false,false,false,false,false,false,false,false,false
false,false,false,false,false,false,false,false,false
false,false,false,false,false,false,false,false,false
false,false,false,false,false,false,false,false,false
false,false,false,false,false,false,false,false,false
false,false,false,false,false,false,false,false,false
false,false,false,false,false,false,false,false,false
false,false,false,false,false,false,false,false,false
false,false,false,false,false,false,false,false,false
false,false,false,false,false,false,false,false,false
false,false,false,false,false,false,false,false,false
false,false,false,false,false,false,false,false,false
false,false,false,false,false,false,false,false,false
false,false,false,false,false,false,false,false,false
false,false,false,false,false,false,false,false,false
false,false,false,false,false,false,false,false,false
false,false,false,false,false,false,false,false,false
false,false,false,false,false,false,false,false,false
false,false,false,false,false,false,false,false,false
false,false,false,false,false,false,false,false,false
false,false,false,false,false,false,false,false,false
false,false,false,false,false,false,false,false,false
false,false,false,false,false,false,false,false,false
false,false,false,false,false,false,false,false,false
false,false,false,false,false,false,false,false,false
false,false,false,false,false,false,false,false,false
false,false,false,false,false,false,false,false,false
false,false,false,false,false,false,false,false,false
false,false,false,false,false,false,false,false,false
false,false,false,false,false,false,false,false,false
false,false,false,false,false,false,false,false,false
false,false,false,false,false,false,false,false,false
false,false,false,false,false,false,false,false,false
false,false,false,false,false,false,false,false,false
false,false,false,false,false,false,false,false,false
false,false,false,false,false,false,false,false,false
false,false,false,false,false,false,false,false,false
false,false,false,false,false,false,false,false,false
false,false,false,false,false,false,false,false,false
false,false,false,false,false,false,false,false,false
false,false,false,false,false,false,false,false,false
false,false,false,false,false,false,false,false,false
false,false,false,false,false,false,false,false,false
false,false,false,false,false,false,false,false,false
false,false,false,false,false,false,false,false,false
false,false,false,false,false,false,false,false,false
false,false,false,false,false,false,false,false,false
false,false,false,false,false,false,false,false,false
false,false,false,false,false,false,false,false,false
false,false,false,false,false,false,false,false,false
false,false,false,false,false,false,false,false,false
false,false,false,false,false,false,false,false,false
false,false,false,false,false,false,false,false,false
false,false,false,false,false,false,false,false,false
false,false,false,false,false,false,false,false,false
false,false,false,false,false,false,false,false,false
false,false,false,false,false,false,false,false,false
false,false,false,false,false,false,false,false,false
false,false,false,false,false,false,false,false,false
false,false,false,false,false,false,false,false,false
false,false,false,false,false,false,false,false,false
false,false,false,false,false,false,false,false,false
false,false,false,false,false,false,false,false,false
false,false,false,false,false,false,false,false,false
false,false,false,false,false,false,false,false,false
false,false,false,false,false,false,false,false,false
false,false,false,false,false,false,false,false,false
false,false,false,false,false,false,false,false,false
false,false,false,false,false,false,false,false,false
false,false,false,false,false,false,false,false,false
false,false,false,false,false,false,false,false,false
false,false,false,false,false,false,false,false,false
false,false,false,false,false,false,false,false,false
false,false,false,false,false,false,false,false,false
false,false,false,false,false,false,false,false,false
false,false,false,false,false,false,false,false,false
false,false,false,false,false,false,false,false,false
false,false,false,false,false,false,false,false,false
false,false,false,false,false,false,false,false,false
false,false,false,false,false,false,false,false,false
false,false,false,false,false,false,false,false,false
false,false,false,false,false,false,false,false,false
false,false,false,false,false,false,false,false,false
false,false,false,false,false,false,false,false,false
false,false,false,false,false,false,false,false,false
false,false,false,false,false,false,false,false,false
false,false,false,false,false,false,false,false,false
false,false,false,false,false,false,false,false,false
false,false,false,false,false,false,false,false,false
false,false,false,false,false,false,false,false,false
false,false,false,false,false,false,false,false,false
false,false,false,false,false,false,false,false,false
false,false,false,false,false,false,false,false,false
false,false,false,false,false,false,false,false,false
false,false,false,false,false,false,false,false,false
false,false,false,false,false,false,false,false,false
false,false,false,false,false,false,false,false,false
false,false,false,false,false,false,false,false,false
false,false,false,false,false,false,false,false,false
false,false,false,false,false,false,false,false,false
false,false,false,false,false,false,false,false,false
false,false,false,false,false,false,false,false,false
false,false,false,false,false,false,false,false,false
false,false,false,false,false,false,false,false,false
false,false,false,false,false,false,false,false,false
false,false,false,false,false,false,false,false,false
false,false,false,false,false,false,false,false,false
false,false,false,false,false,false,false,false,false
false,false,false,false,false,false,false,false,false
false,false,false,false,false,false,false,false,false
false,false,false,false,false,false,false,false,false
false,false,false,false,false,false,false,false,false
false,false,false,false,false,false,false,false,false
false,false,false,false,false,false,false,false,false
false,false,false,false,false,false,false,false,false
false,false,false,false,false,false,false,false,false
false,false,false,false,false,false,false,false,false
false,false,false,false,false,false,false,false,false
false,false,false,false,false,false,false,false,false
false,false,false,false,false,false,false,false,false
false,false,false,false,false,false,false,false,false
false,false,false,false,false,false,false,false,false
false,false,false,false,false,false,false,false,false
false,false,false,false,false,false,false,false,false
false,false,false,false,false,false,false,false,false
false,false,false,false,false,false,false,false,false
false,false,false,false,false,false,false,false,false
false,false,false,false,false,false,false,false,false
false,false,false,false,false,false,false,false,false
false,false,false,false,false,false,false,false,false
false,false,false,false,false,false,false,false,false
false,false,false,false,false,false,false,false,false
false,false,false,false,false,false,false,false,false
false,false,false,false,false,false,false,false,false
false,false,false,false,false,false,false,false,false
false,false,false,false,false,false,false,false,false
false,false,false,false,false,false,false,false,false
false,false,false,false,false,false,false,false,false
false,false,false,false,false,false,false,false,false
false,false,false,false,false,false,false,false,false
false,false,false,false,false,false,false,false,false
false,false,false,false,false,false,false,false,false
false,false,false,false,false,false,false,false,false
false,false,false,false,false,false,false,false,false
false,false,false,false,false,false,false,false,false
false,false,false,false,false,false,false,false,false
false,false,false,false,false,false,false,false,false
false,false,false,false,false,false,false,false,false
false,false,false,false,false,false,false,false,false
false,false,false,false,false,false,false,false,false
false,false,false,false,false,false,false,false,false
false,false,false,false,false,false,false,false,false
false,false,false,false,false,false,false,false,false
false,false,false,false,false,false,false,false,false
false,false,false,false,false,false,false,false,false
false,false,false,false,false,false,false,false,false
false,false,false,false,false,false,false,false,false
false,false,false,false,false,false,false,false,false
false,false,false,false,false,false,false,false,false
false,false,false,false,false,false,false,false,false
false,false,false,false,false,false,false,false,false
false,false,false,false,false,false,false,false,false
false,false,false,false,false,false,false,false,false
false,false,false,false,false,false,false,false,false
false,false,false,false,false,false,false,false,false
false,false,false,false,false,false,false,false,false
false,false,false,false,false,false,false,false,false
false,false,false,false,false,false,false,false,false
false,false,false,false,false,false,false,false,false
false,false,false,false,false,false,false,false,false
false,false,false,false,false,false,false,false,false
false,false,false,false,false,false,false,false,false
false,false,false,false,false,false,false,false,false
false,false,false,false,false,false,false,false,false
false,false,false,false,false,false,false,false,false
false,false,false,false,false,false,false,false,false
false,false,false,false,false,false,false,false,false
false,false,false,false,false,false,false,false,false
false,false,false,false,false,false,false,false,false
false,false,false,false,false,false,false,false,false
false,false,false,false,false,false,false,false,false
false,false,false,false,false,false,false,false,false
false,false,false,false,false,false,false,false,false
false,false,false,false,false,false,false,false,false
false,false,false,false,false,false,false,false,false
false,false,false,false,false,false,false,false,false
false,false,false,false,false,false,false,false,false
false,false,false,false,false,false,false,false,false
false,false,false,false,false,false,false,false,false
false,false,false,false,false,false,false,false,false
false,false,false,false,false,false,false,false,false
false,false,false,false,false,false,false,false,false
false,false,false,false,false,false,false,false,false
false,false,false,false,false,false,false,false,false
false,false,false,false,false,false,false,false,false
false,false,false,false,false,false,false,false,false
false,false,false,false,false,false,false,false,false
false,false,false,false,false,false,false,false,false
false,false,false,false,false,false,false,false,false
false,false,false,false,false,false,false,false,false
false,false,false,false,false,false,false,false,false
false,false,false,false,false,false,false,false,false
false,false,false,false,false,false,false,false,false
false,false,false,false,false,false,false,false,false
false,false,false,false,false,false,false,false,false
false,false,false,false,false,false,false,false,false
false,false,false,false,false,false,false,false,false
false,false,false,false,false,false,false,false,false
false,false,false,false,false,false,false,false,false
false,false,false,false,false,false,false,false,false
false,false,false,false,false,false,false,false,false
false,false,false,false,false,false,false,false,false
false,false,false,false,false,false,false,false,false
false,false,false,false,false,false,false,false,false
false,false,false,false,false,false,false,false,false
false,false,false,false,false,false,false,false,false
false,false,false,false,false,false,false,false,false
false,false,false,false,false,false,false,false,false
false,false,false,false,false,false,false,false,false
false,false,false,false,false,false,false,false,false
false,false,false,false,false,false,false,false,false
false,false,false,false,false,false,false,false,false
false,false,false,false,false,false,false,false,false
false,false,false,false,false,false,false,false,false
false,false,false,false,false,false,false,false,false
false,false,false,false,false,false,false,false,false
false,false,false,false,false,false,false,false,false
false,false,false,false,false,false,false,false,false
false,false,false,false,false,false,false,false,false
false,false,false,false,false,false,false,false,false
false,false,false,false,false,false,false,false,false
false,false,false,false,false,false,false,false,false
false,false,false,false,false,false,false,false,false
false,false,false,false,false,false,false,false,false
false,false,false,false,false,false,false,false,false
false,false,false,false,false,false,false,false,false
false,false,false,false,false,false,false,false,false
false,false,false,false,false,false,false,false,false
false,false,false,false,false,false,false,false,false
false,false,false,false,false,false,false,false,false
false,false,false,false,false,false,false,false,false
false,false,false,false,false,false,false,false,false
false,false,false,false,false,false,false,false,false
false,false,false,false,false,false,false,false,false
false,false,false,false,false,false,false,false,false
false,false,false,false,false,false,false,false,false
false,false,false,false,false,false,false,false,false
false,false,false,false,false,false,false,false,false
false,false,false,false,false,false,false,false,false
false,false,false,false,false,false,false,false,false
false,false,false,false,false,false,false,false,false
false,false,false,false,false,false,false,false,false
false,false,false,false,false,false,false,false,false
false,false,false,false,false,false,false,false,false
false,false,false,false,false,false,false,false,false
false,false,false,false,false,false,false,false,false
false,false,false,false,false,false,false,false,false
false,false,false,false,false,false,false,false,false
false,false,false,false,false,false,false,false,false
false,false,false,false,false,false,false,false,false
false,false,false,false,false,false,false,false,false
false,false,false,false,false,false,false,false,false
false,false,false,false,false,false,false,false,false
false,false,false,false,false,false,false,false,false
false,false,false,false,false,false,false,false,false
false,false,false,false,false,false,false,false,false
false,false,false,false,false,false,false,false,false
false,false,false,false,false,false,false,false,false
false,false,false,false,false,false,false,false,false
false,false,false,false,false,false,false,false,false
false,false,false,false,false,false,false,false,false
false,false,false,false,false,false,false,false,false
false,false,false,false,false,false,false,false,false
false,false,false,false,false,false,false,false,false
false,false,false,false,false,false,false,false,false
false,false,false,false,false,false,false,false,false
false,false,false,false,false,false,false,false,false
false,false,false,false,false,false,false,false,false
false,false,false,false,false,false,false,false,false
false,false,false,false,false,false,false,false,false
false,false,false,false,false,false,false,false,false
false,false,false,false,false,false,false,false,false
false,false,false,false,false,false,false,false,false
false,false,false,false,false,false,false,false,false
false,false,false,false,false,false,false,false,false
false,false,false,false,false,false,false,false,false
false,false,false,false,false,false,false,false,false
false,false,false,false,false,false,false,false,false
false,false,false,false,false,false,false,false,false
false,false,false,false,false,false,false,false,false
false,false,false,false,false,false,false,false,false
false,false,false,false,false,false,false,false,false
false,false,false,false,false,false,false,false,false
false,false,false,false,false,false,false,false,false
false,false,false,false,false,false,false,false,false
false,false,false,false,false,false,false,false,false
false,false,false,false,false,false,false,false,false
false,false,false,false,false,false,false,false,false
false,false,false,false,false,false,false,false,false
false,false,false,false,false,false,false,false,false
false,false,false,false,false,false,false,false,false
false,false,false,false,false,false,false,false,false
false,false,false,false,false,false,false,false,false
false,false,false,false,false,false,false,false,false
false,false,false,false,false,false,false,false,false
false,false,false,false,false,false,false,false,false
false,false,false,false,false,false,false,false,false
false,false,false,false,false,false,false,false,false
false,false,false,false,false,false,false,false,false
false,false,false,false,false,false,false,false,false
false,false,false,false,false,false,false,false,false
false,false,false,false,false,false,false,false,false
false,false,false,false,false,false,false,false,false
false,false,false,false,false,false,false,false,false
false,false,false,false,false,false,false,false,false
false,false,false,false,false,false,false,false,false
false,false,false,false,false,false,false,false,false
false,false,false,false,false,false,false,false,false
false,false,false,false,false,false,false,false,false
false,false,false,false,false,false,false,false,false
false,false,false,false,false,false,false,false,false
false,false,false,false,false,false,false,false,false
false,false,false,false,false,false,false,false,false
false,false,false,false,false,false,false,false,false
false,false,false,false,false,false,false,false,false
false,false,false,false,false,false,false,false,false
false,false,false,false,false,false,false,false,false
false,false,false,false,false,false,false,false,false
false,false,false,false,false,false,false,false,false
false,false,false,false,false,false,false,false,false
false,false,false,false,false,false,false,false,false
false,false,false,false,false,false,false,false,false
false,false,false,false,false,false,false,false,false
false,false,false,false,false,false,false,false,false
false,false,false,false,false,false,false,false,false
false,false,false,false,false,false,false,false,false
false,false,false,false,false,false,false,false,false
false,false,false,false,false,false,false,false,false
false,false,false,false,false,false,false,false,false
false,false,false,false,false,false,false,false,false
false,false,false,false,false,false,false,false,false
false,false,false,false,false,false,false,false,false
false,false,false,false,false,false,false,false,false
false,false,false,false,false,false,false,false,false
false,false,false,false,false,false,false,false,false
false,false,false,false,false,false,false,false,false
false,false,false,false,false,false,false,false,false
false,false,false,false,false,false,false,false,false
false,false,false,false,false,false,false,false,false
false,false,false,false,false,false,false,false,false
false,false,false,false,false,false,false,false,false
false,false,false,false,false,false,false,false,false
false,false,false,false,false,false,false,false,false
false,false,false,false,false,false,false,false,false
false,false,false,false,false,false,false,false,false
false,false,false,false,false,false,false,false,false
false,false,false,false,false,false,false,false,false
false,false,false,false,false,false,false,false,false
false,false,false,false,false,false,false,false,false
false,false,false,false,false,false,false,false,false
false,false,false,false,false,false,false,false,false
false,false,false,false,false,false,false,false,false
false,false,false,false,false,false,false,false,false
false,false,false,false,false,false,false,false,false
false,false,false,false,false,false,false,false,false
false,false,false,false,false,false,false,false,false
false,false,false,false,false,false,false,false,false
false,false,false,false,false,false,false,false,false
false,false,false,false,false,false,false,false,false
false,false,false,false,false,false,false,false,false
false,false,false,false,false,false,false,false,false
false,false,false,false,false,false,false,false,false
false,false,false,false,false,false,false,false,false
false,false,false,false,false,false,false,false,false
false,false,false,false,false,false,false,false,false
false,false,false,false,false,false,false,false,false
false,false,false,false,false,false,false,false,false
false,false,false,false,false,false,false,false,false
false,false,false,false,false,false,false,false,false
false,false,false,false,false,false,false,false,false
false,false,false,false,false,false,false,false,false
false,false,false,false,false,false,false,false,false
false,false,false,false,false,false,false,false,false
false,false,false,false,false,false,false,false,false
false,false,false,false,false,false,false,false,false
false,false,false,false,false,false,false,false,false
false,false,false,false,false,false,false,false,false
false,false,false,false,false,false,false,false,false
false,false,false,false,false,false,false,false,false
false,false,false,false,false,false,false,false,false
false,false,false,false,false,false,false,false,false
false,false,false,false,false,false,false,false,false
false,false,false,false,false,false,false,false,false
false,false,false,false,false,false,false,false,false
false,false,false,false,false,false,false,false,false
false,false,false,false,false,false,false,false,false
false,false,false,false,false,false,false,false,false
false,false,false,false,false,false,false,false,false
false,false,false,false,false,false,false,false,false
false,false,false,false,false,false,false,false,false
false,false,false,false,false,false,false,false,false
false,false,false,false,false,false,false,false,false
false,false,false,false,false,false,false,false,false
false,false,false,false,false,false,false,false,false
false,false,false,false,false,false,false,false,false
false,false,false,false,false,false,false,false,false
false,false,false,false,false,false,false,false,false
false,false,false,false,false,false,false,false,false
false,false,false,false,false,false,false,false,false
false,false,false,false,false,false,false,false,false
false,false,false,false,false,false,false,false,false
false,false,false,false,false,false,false,false,false
false,false,false,false,false,false,false,false,false
false,false,false,false,false,false,false,false,false
false,false,false,false,false,false,false,false,false
false,false,false,false,false,false,false,false,false
false,false,false,false,false,false,false,false,false
false,false,false,false,false,false,false,false,false
false,false,false,false,false,false,false,false,false
false,false,false,false,false,false,false,false,false
false,false,false,false,false,false,false,false,false
false,false,false,false,false,false,false,false,false
false,false,false,false,false,false,false,false,false
false,false,false,false,false,false,false,false,false
false,false,false,false,false,false,false,false,false
false,false,false,false,false,false,false,false,false
false,false,false,false,false,false,false,false,false
false,false,false,false,false,false,false,false,false
false,false,false,false,false,false,false,false,false
false,false,false,false,false,false,false,false,false
false,false,false,false,false,false,false,false,false
false,false,false,false,false,false,false,false,false
false,false,false,false,false,false,false,false,false
false,false,false,false,false,false,false,false,false
false,false,false,false,false,false,false,false,false
false,false,false,false,false,false,false,false,false
false,false,false,false,false,false,false,false,false
false,false,false,false,false,false,false,false,false
false,false,false,false,false,false,false,false,false
false,false,false,false,false,false,false,false,false
false,false,false,false,false,false,false,false,false
false,false,false,false,false,false,false,false,false
false,false,false,false,false,false,false,false,false
false,false,false,false,false,false,false,false,false
false,false,false,false,false,false,false,false,false
false,false,false,false,false,false,false,false,false
false,false,false,false,false,false,false,false,false
false,false,false,false,false,false,false,false,false
false,false,false,false,false,false,false,false,false
false,false,false,false,false,false,false,false,false
false,false,false,false,false,false,false,false,false
false,false,false,false,false,false,false,false,false
false,false,false,false,false,false,false,false,false
false,false,false,false,false,false,false,false,false
false,false,false,false,false,false,false,false,false
false,false,false,false,false,false,false,false,false
false,false,false,false,false,false,false,false,false
false,false,false,false,false,false,false,false,false
false,false,false,false,false,false,false,false,false
false,false,false,false,false,false,false,false,false
false,false,false,false,false,false,false,false,false
false,false,false,false,false,false,false,false,false
false,false,false,false,false,false,false,false,false
false,false,false,false,false,false,false,false,false
false,false,false,false,false,false,false,false,false
false,false,false,false,false,false,false,false,false
false,false,false,false,false,false,false,false,false
false,false,false,false,false,false,false,false,false
false,false,false,false,false,false,false,false,false
false,false,false,false,false,false,false,false,false
false,false,false,false,false,false,false,false,false
false,false,false,false,false,false,false,false,false
false,false,false,false,false,false,false,false,false
false,false,false,false,false,false,false,false,false
false,false,false,false,false,false,false,false,false
false,false,false,false,false,false,false,false,false
false,false,false,false,false,false,false,false,false
false,false,false,false,false,false,false,false,false
false,false,false,false,false,false,false,false,false
false,false,false,false,false,false,false,false,false
false,false,false,false,false,false,false,false,false
false,false,false,false,false,false,false,false,false
false,false,false,false,false,false,false,false,false
false,false,false,false,false,false,false,false,false
false,false,false,false,false,false,false,false,false
false,false,false,false,false,false,false,false,false
false,false,false,false,false,false,false,false,false
false,false,false,false,false,false,false,false,false
false,false,false,false,false,false,false,false,false
false,false,false,false,false,false,false,false,false
false,false,false,false,false,false,false,false,false
false,false,false,false,false,false,false,false,false
false,false,false,false,false,false,false,false,false
false,false,false,false,false,false,false,false,false
false,false,false,false,false,false,false,false,false
false,false,false,false,false,false,false,false,false
false,false,false,false,false,false,false,false,false
false,false,false,false,false,false,false,false,false
false,false,false,false,false,false,false,false,false
false,false,false,false,false,false,false,false,false
false,false,false,false,false,false,false,false,false
false,false,false,false,false,false,false,false,false
false,false,false,false,false,false,false,false,false
false,false,false,false,false,false,false,false,false
false,false,false,false,false,false,false,false,false
false,false,false,false,false,false,false,false,false
false,false,false,false,false,false,false,false,false
false,false,false,false,false,false,false,false,false
false,false,false,false,false,false,false,false,false
false,false,false,false,false,false,false,false,false
false,false,false,false,false,false,false,false,false
false,false,false,false,false,false,false,false,false
false,false,false,false,false,false,false,false,false
false,false,false,false,false,false,false,false,false
false,false,false,false,false,false,false,false,false
false,false,false,false,false,false,false,false,false
false,false,false,false,false,false,false,false,false
false,false,false,false,false,false,false,false,false
false,false,false,false,false,false,false,false,false
false,false,false,false,false,false,false,false,false
false,false,false,false,false,false,false,false,false
false,false,false,false,false,false,false,false,false
false,false,false,false,false,false,false,false,false
false,false,false,false,false,false,false,false,false
false,false,false,false,false,false,false,false,false
false,false,false,false,false,false,false,false,false
false,false,false,false,false,false,false,false,false
false,false,false,false,false,false,false,false,false
false,false,false,false,false,false,false,false,false
false,false,false,false,false,false,false,false,false
false,false,false,false,false,false,false,false,false
false,false,false,false,false,false,false,false,false
false,false,false,false,false,false,false,false,false
false,false,false,false,false,false,false,false,false
false,false,false,false,false,false,false,false,false
false,false,false,false,false,false,false,false,false
false,false,false,false,false,false,false,false,false
false,false,false,false,false,false,false,false,false
false,false,false,false,false,false,false,false,false
false,false,false,false,false,false,false,false,false
false,false,false,false,false,false,false,false,false
false,false,false,false,false,false,false,false,false
false,false,false,false,false,false,false,false,false
false,false,false,false,false,false,false,false,false
false,false,false,false,false,false,false,false,false
false,false,false,false,false,false,false,false,false
false,false,false,false,false,false,false,false,false
false,false,false,false,false,false,false,false,false
false,false,false,false,false,false,false,false,false
false,false,false,false,false,false,false,false,false
false,false,false,false,false,false,false,false,false
false,false,false,false,false,false,false,false,false
false,false,false,false,false,false,false,false,false
false,false,false,false,false,false,false,false,false
false,false,false,false,false,false,false,false,false
false,false,false,false,false,false,false,false,false
false,false,false,false,false,false,false,false,false
false,false,false,false,false,false,false,false,false
false,false,false,false,false,false,false,false,false
false,false,false,false,false,false,false,false,false
false,false,false,false,false,false,false,false,false
false,false,false,false,false,false,false,false,false
false,false,false,false,false,false,false,false,false
false,false,false,false,false,false,false,false,false
false,false,false,false,false,false,false,false,false
false,false,false,false,false,false,false,false,false
false,false,false,false,false,false,false,false,false
false,false,false,false,false,false,false,false,false
false,false,false,false,false,false,false,false,false
false,false,false,false,false,false,false,false,false
false,false,false,false,false,false,false,false,false
false,false,false,false,false,false,false,false,false
false,false,false,false,false,false,false,false,false
false,false,false,false,false,false,false,false,false
false,false,false,false,false,false,false,false,false
false,false,false,false,false,false,false,false,false
false,false,false,false,false,false,false,false,false
false,false,false,false,false,false,false,false,false
false,false,false,false,false,false,false,false,false
false,false,false,false,false,false,false,false,false
false,false,false,false,false,false,false,false,false
false,false,false,false,false,false,false,false,false
false,false,false,false,false,false,false,false,false
false,false,false,false,false,false,false,false,false
false,false,false,false,false,false,false,false,false
false,false,false,false,false,false,false,false,false
false,false,false,false,false,false,false,false,false
false,false,false,false,false,false,false,false,false
false,false,false,false,false,false,false,false,false
false,false,false,false,false,false,false,false,false
false,false,false,false,false,false,false,false,false
false,false,false,false,false,false,false,false,false
false,false,false,false,false,false,false,false,false
false,false,false,false,false,false,false,false,false
false,false,false,false,false,false,false,false,false
false,false,false,false,false,false,false,false,false
false,false,false,false,false,false,false,false,false
false,false,false,false,false,false,false,false,false
false,false,false,false,false,false,false,false,false
false,false,false,false,false,false,false,false,false
false,false,false,false,false,false,false,false,false
false,false,false,false,false,false,false,false,false
false,false,false,false,false,false,false,false,false
false,false,false,false,false,false,false,false,false
false,false,false,false,false,false,false,false,false
false,false,false,false,false,false,false,false,false
false,false,false,false,false,false,false,false,false
false,false,false,false,false,false,false,false,false
false,false,false,false,false,false,false,false,false
false,false,false,false,false,false,false,false,false
false,false,false,false,false,false,false,false,false
false,false,false,false,false,false,false,false,false
false,false,false,false,false,false,false,false,false
false,false,false,false,false,false,false,false,false
false,false,false,false,false,false,false,false,false
false,false,false,false,false,false,false,false,false
false,false,false,false,false,false,false,false,false
false,false,false,false,false,false,false,false,false
false,false,false,false,false,false,false,false,false
false,false,false,false,false,false,false,false,false
false,false,false,false,false,false,false,false,false
false,false,false,false,false,false,false,false,false
false,false,false,false,false,false,false,false,false
false,false,false,false,false,false,false,false,false
false,false,false,false,false,false,false,false,false
false,false,false,false,false,false,false,false,false
false,false,false,false,false,false,false,false,false
false,false,false,false,false,false,false,false,false
false,false,false,false,false,false,false,false,false
false,false,false,false,false,false,false,false,false
false,false,false,false,false,false,false,false,false
false,false,false,false,false,false,false,false,false
false,false,false,false,false,false,false,false,false
false,false,false,false,false,false,false,false,false
false,false,false,false,false,false,false,false,false
false,false,false,false,false,false,false,false,false
false,false,false,false,false,false,false,false,false
false,false,false,false,false,false,false,false,false
false,false,false,false,false,false,false,false,false
false,false,false,false,false,false,false,false,false
false,false,false,false,false,false,false,false,false
false,false,false,false,false,false,false,false,false
false,false,false,false,false,false,false,false,false
false,false,false,false,false,false,false,false,false
false,false,false,false,false,false,false,false,false
false,false,false,false,false,false,false,false,false
false,false,false,false,false,false,false,false,false
false,false,false,false,false,false,false,false,false
false,false,false,false,false,false,false,false,false
false,false,false,false,false,false,false,false,false
false,false,false,false,false,false,false,false,false
false,false,false,false,false,false,false,false,false
false,false,false,false,false,false,false,false,false
false,false,false,false,false,false,false,false,false
false,false,false,false,false,false,false,false,false
false,false,false,false,false,false,false,false,false
false,false,false,false,false,false,false,false,false
false,false,false,false,false,false,false,false,false
false,false,false,false,false,false,false,false,false
false,false,false,false,false,false,false,false,false
false,false,false,false,false,false,false,false,false
false,false,false,false,false,false,false,false,false
false,false,false,false,false,false,false,false,false
false,false,false,false,false,false,false,false,false
false,false,false,false,false,false,false,false,false
false,false,false,false,false,false,false,false,false
false,false,false,false,false,false,false,false,false
false,false,false,false,false,false,false,false,false
false,false,false,false,false,false,false,false,false
false,false,false,false,false,false,false,false,false
false,false,false,false,false,false,false,false,false
false,false,false,false,false,false,false,false,false
false,false,false,false,false,false,false,false,false
false,false,false,false,false,false,false,false,false
false,false,false,false,false,false,false,false,false
false,false,false,false,false,false,false,false,false
false,false,false,false,false,false,false,false,false
false,false,false,false,false,false,false,false,false
false,false,false,false,false,false,false,false,false
false,false,false,false,false,false,false,false,false
false,false,false,false,false,false,false,false,false
false,false,false,false,false,false,false,false,false
false,false,false,false,false,false,false,false,false
false,false,false,false,false,false,false,false,false
false,false,false,false,false,false,false,false,false
false,false,false,false,false,false,false,false,false
false,false,false,false,false,false,false,false,false
false,false,false,false,false,false,false,false,false
false,false,false,false,false,false,false,false,false
false,false,false,false,false,false,false,false,false
false,false,false,false,false,false,false,false,false
false,false,false,false,false,false,false,false,false
false,false,false,false,false,false,false,false,false
false,false,false,false,false,false,false,false,false
false,false,false,false,false,false,false,false,false
false,false,false,false,false,false,false,false,false
false,false,false,false,false,false,false,false,false
false,false,false,false,false,false,false,false,false
false,false,false,false,false,false,false,false,false
false,false,false,false,false,false,false,false,false
false,false,false,false,false,false,false,false,false
false,false,false,false,false,false,false,false,false
false,false,false,false,false,false,false,false,false
false,false,false,false,false,false,false,false,false
false,false,false,false,false,false,false,false,false
false,false,false,false,false,false,false,false,false
false,false,false,false,false,false,false,false,false
false,false,false,false,false,false,false,false,false
false,false,false,false,false,false,false,false,false
false,false,false,false,false,false,false,false,false
false,false,false,false,false,false,false,false,false
false,false,false,false,false,false,false,false,false
false,false,false,false,false,false,false,false,false
false,false,false,false,false,false,false,false,false
false,false,false,false,false,false,false,false,false
false,false,false,false,false,false,false,false,false
false,false,false,false,false,false,false,false,false
false,false,false,false,false,false,false,false,false
false,false,false,false,false,false,false,false,false
false,false,false,false,false,false,false,false,false
false,false,false,false,false,false,false,false,false
false,false,false,false,false,false,false,false,false
false,false,false,false,false,false,false,false,false
false,false,false,false,false,false,false,false,false
false,false,false,false,false,false,false,false,false
false,false,false,false,false,false,false,false,false
false,false,false,false,false,false,false,false,false
false,false,false,false,false,false,false,false,false
false,false,false,false,false,false,false,false,false
false,false,false,false,false,false,false,false,false
false,false,false,false,false,false,false,false,false
false,false,false,false,false,false,false,false,false
false,false,false,false,false,false,false,false,false
false,false,false,false,false,false,false,false,false
false,false,false,false,false,false,false,false,false
false,false,false,false,false,false,false,false,false
false,false,false,false,false,false,false,false,false
false,false,false,false,false,false,false,false,false
false,false,false,false,false,false,false,false,false
false,false,false,false,false,false,false,false,false
false,false,false,false,false,false,false,false,false
false,false,false,false,false,false,false,false,false
false,false,false,false,false,false,false,false,false
false,false,false,false,false,false,false,false,false
false,false,false,false,false,false,false,false,false
false,false,false,false,false,false,false,false,false
false,false,false,false,false,false,false,false,false
false,false,false,false,false,false,false,false,false
false,false,false,false,false,false,false,false,false
false,false,false,false,false,false,false,false,false
false,false,false,false,false,false,false,false,false
false,false,false,false,false,false,false,false,false
false,false,false,false,false,false,false,false,false
false,false,false,false,false,false,false,false,false
false,false,false,false,false,false,false,false,false
false,false,false,false,false,false,false,false,false
false,false,false,false,false,false,false,false,false
false,false,false,false,false,false,false,false,false
false,false,false,false,false,false,false,false,false
false,false,false,false,false,false,false,false,false
false,false,false,false,false,false,false,false,false
false,false,false,false,false,false,false,false,false
false,false,false,false,false,false,false,false,false
false,false,false,false,false,false,false,false,false
false,false,false,false,false,false,false,false,false
false,false,false,false,false,false,false,false,false
false,false,false,false,false,false,false,false,false
false,false,false,false,false,false,false,false,false
false,false,false,false,false,false,false,false,false
false,false,false,false,false,false,false,false,false
false,false,false,false,false,false,false,false,false
false,false,false,false,false,false,false,false,false
false,false,false,false,false,false,false,false,false
false,false,false,false,false,false,false,false,false
false,false,false,false,false,false,false,false,false
false,false,false,false,false,false,false,false,false
false,false,false,false,false,false,false,false,false
false,false,false,false,false,false,false,false,false
false,false,false,false,false,false,false,false,false
false,false,false,false,false,false,false,false,false
false,false,false,false,false,false,false,false,false
false,false,false,false,false,false,false,false,false
false,false,false,false,false,false,false,false,false
false,false,false,false,false,false,false,false,false
false,false,false,false,false,false,false,false,false
false,false,false,false,false,false,false,false,false
false,false,false,false,false,false,false,false,false
false,false,false,false,false,false,false,false,false
false,false,false,false,false,false,false,false,false
false,false,false,false,false,false,false,false,false
false,false,false,false,false,false,false,false,false
false,false,false,false,false,false,false,false,false
false,false,false,false,false,false,false,false,false
false,false,false,false,false,false,false,false,false
false,false,false,false,false,false,false,false,false
false,false,false,false,false,false,false,false,false
false,false,false,false,false,false,false,false,false
false,false,false,false,false,false,false,false,false
false,false,false,false,false,false,false,false,false
false,false,false,false,false,false,false,false,false
false,false,false,false,false,false,false,false,false
false,false,false,false,false,false,false,false,false
false,false,false,false,false,false,false,false,false
false,false,false,false,false,false,false,false,false
false,false,false,false,false,false,false,false,false
false,false,false,false,false,false,false,false,false
false,false,false,false,false,false,false,false,false
false,false,false,false,false,false,false,false,false
false,false,false,false,false,false,false,false,false
false,false,false,false,false,false,false,false,false
false,false,false,false,false,false,false,false,false
false,false,false,false,false,false,false,false,false
false,false,false,false,false,false,false,false,false
false,false,false,false,false,false,false,false,false
false,false,false,false,false,false,false,false,false
false,false,false,false,false,false,false,false,false
false,false,false,false,false,false,false,false,false
false,false,false,false,false,false,false,false,false
false,false,false,false,false,false,false,false,false
false,false,false,false,false,false,false,false,false
false,false,false,false,false,false,false,false,false
false,false,false,false,false,false,false,false,false
false,false,false,false,false,false,false,false,false
false,false,false,false,false,false,false,false,false
false,false,false,false,false,false,false,false,false
false,false,false,false,false,false,false,false,false
false,false,false,false,false,false,false,false,false
false,false,false,false,false,false,false,false,false
false,false,false,false,false,false,false,false,false
false,false,false,false,false,false,false,false,false
false,false,false,false,false,false,false,false,false
false,false,false,false,false,false,false,false,false
false,false,false,false,false,false,false,false,false
false,false,false,false,false,false,false,false,false
false,false,false,false,false,false,false,false,false
false,false,false,false,false,false,false,false,false
false,false,false,false,false,false,false,false,false
false,false,false,false,false,false,false,false,false
false,false,false,false,false,false,false,false,false
false,false,false,false,false,false,false,false,false
false,false,false,false,false,false,false,false,false
false,false,false,false,false,false,false,false,false
false,false,false,false,false,false,false,false,false
false,false,false,false,false,false,false,false,false
false,false,false,false,false,false,false,false,false
false,false,false,false,false,false,false,false,false
false,false,false,false,false,false,false,false,false
false,false,false,false,false,false,false,false,false
false,false,false,false,false,false,false,false,false
false,false,false,false,false,false,false,false,false
false,false,false,false,false,false,false,false,false
false,false,false,false,false,false,false,false,false
false,false,false,false,false,false,false,false,false
false,false,false,false,false,false,false,false,false
false,false,false,false,false,false,false,false,false
false,false,false,false,false,false,false,false,false
false,false,false,false,false,false,false,false,false
false,false,false,false,false,false,false,false,false
false,false,false,false,false,false,false,false,false
false,false,false,false,false,false,false,false,false
false,false,false,false,false,false,false,false,false
false,false,false,false,false,false,false,false,false
false,false,false,false,false,false,false,false,false
false,false,false,false,false,false,false,false,false
false,false,false,false,false,false,false,false,false
false,false,false,false,false,false,false,false,false
false,false,false,false,false,false,false,false,false
false,false,false,false,false,false,false,false,false
false,false,false,false,false,false,false,false,false
false,false,false,false,false,false,false,false,false
false,false,false,false,false,false,false,false,false
false,false,false,false,false,false,false,false,false
false,false,false,false,false,false,false,false,false
false,false,false,false,false,false,false,false,false
false,false,false,false,false,false,false,false,false
false,false,false,false,false,false,false,false,false
false,false,false,false,false,false,false,false,false
false,false,false,false,false,false,false,false,false
false,false,false,false,false,false,false,false,false
false,false,false,false,false,false,false,false,false
false,false,false,false,false,false,false,false,false
false,false,false,false,false,false,false,false,false
false,false,false,false,false,false,false,false,false
false,false,false,false,false,false,false,false,false
false,false,false,false,false,false,false,false,false
false,false,false,false,false,false,false,false,false
false,false,false,false,false,false,false,false,false
false,false,false,false,false,false,false,false,false
false,false,false,false,false,false,false,false,false
false,false,false,false,false,false,false,false,false
false,false,false,false,false,false,false,false,false
false,false,false,false,false,false,false,false,false
false,false,false,false,false,false,false,false,false
false,false,false,false,false,false,false,false,false
false,false,false,false,false,false,false,false,false
false,false,false,false,false,false,false,false,false
false,false,false,false,false,false,false,false,false
false,false,false,false,false,false,false,false,false
false,false,false,false,false,false,false,false,false
false,false,false,false,false,false,false,false,false
false,false,false,false,false,false,false,false,false
false,false,false,false,false,false,false,false,false
false,false,false,false,false,false,false,false,false
false,false,false,false,false,false,false,false,false
false,false,false,false,false,false,false,false,false
false,false,false,false,false,false,false,false,false
false,false,false,false,false,false,false,false,false
false,false,false,false,false,false,false,false,false
false,false,false,false,false,false,false,false,false
false,false,false,false,false,false,false,false,false
false,false,false,false,false,false,false,false,false
false,false,false,false,false,false,false,false,false
false,false,false,false,false,false,false,false,false
false,false,false,false,false,false,false,false,false
false,false,false,false,false,false,false,false,false
false,false,false,false,false,false,false,false,false
false,false,false,false,false,false,false,false,false
false,false,false,false,false,false,false,false,false
false,false,false,false,false,false,false,false,false
false,false,false,false,false,false,false,false,false
false,false,false,false,false,false,false,false,false
false,false,false,false,false,false,false,false,false
false,false,false,false,false,false,false,false,false
false,false,false,false,false,false,false,false,false
false,false,false,false,false,false,false,false,false
false,false,false,false,false,false,false,false,false
false,false,false,false,false,false,false,false,false
false,false,false,false,false,false,false,false,false
false,false,false,false,false,false,false,false,false
false,false,false,false,false,false,false,false,false
false,false,false,false,false,false,false,false,false
false,false,false,false,false,false,false,false,false
false,false,false,false,false,false,false,false,false
false,false,false,false,false,false,false,false,false
false,false,false,false,false,false,false,false,false
false,false,false,false,false,false,false,false,false
false,false,false,false,false,false,false,false,false
false,false,false,false,false,false,false,false,false
false,false,false,false,false,false,false,false,false
false,false,false,false,false,false,false,false,false
false,false,false,false,false,false,false,false,false
false,false,false,false,false,false,false,false,false
false,false,false,false,false,false,false,false,false
false,false,false,false,false,false,false,false,false
false,false,false,false,false,false,false,false,false
false,false,false,false,false,false,false,false,false
false,false,false,false,false,false,false,false,false
false,false,false,false,false,false,false,false,false
false,false,false,false,false,false,false,false,false
false,false,false,false,false,false,false,false,false
false,false,false,false,false,false,false,false,false
false,false,false,false,false,false,false,false,false
false,false,false,false,false,false,false,false,false
false,false,false,false,false,false,false,false,false
false,false,false,false,false,false,false,false,false
false,false,false,false,false,false,false,false,false
false,false,false,false,false,false,false,false,false
false,false,false,false,false,false,false,false,false
false,false,false,false,false,false,false,false,false
false,false,false,false,false,false,false,false,false
false,false,false,false,false,false,false,false,false
false,false,false,false,false,false,false,false,false
false,false,false,false,false,false,false,false,false
false,false,false,false,false,false,false,false,false
false,false,false,false,false,false,false,false,false
false,false,false,false,false,false,false,false,false
false,false,false,false,false,false,false,false,false
false,false,false,false,false,false,false,false,false
false,false,false,false,false,false,false,false,false
false,false,false,false,false,false,false,false,false
false,false,false,false,false,false,false,false,false
false,false,false,false,false,false,false,false,false
false,false,false,false,false,false,false,false,false
false,false,false,false,false,false,false,false,false
false,false,false,false,false,false,false,false,false
false,false,false,false,false,false,false,false,false
false,false,false,false,false,false,false,false,false
false,false,false,false,false,false,false,false,false
false,false,false,false,false,false,false,false,false
false,false,false,false,false,false,false,false,false
false,false,false,false,false,false,false,false,false
false,false,false,false,false,false,false,false,false
false,false,false,false,false,false,false,false,false
false,false,false,false,false,false,false,false,false
false,false,false,false,false,false,false,false,false
false,false,false,false,false,false,false,false,false
false,false,false,false,false,false,false,false,false
false,false,false,false,false,false,false,false,false
false,false,false,false,false,false,false,false,false
false,false,false,false,false,false,false,false,false
false,false,false,false,false,false,false,false,false
false,false,false,false,false,false,false,false,false
false,false,false,false,false,false,false,false,false
false,false,false,false,false,false,false,false,false
false,false,false,false,false,false,false,false,false
false,false,false,false,false,false,false,false,false
false,false,false,false,false,false,false,false,false
false,false,false,false,false,false,false,false,false
false,false,false,false,false,false,false,false,false
false,false,false,false,false,false,false,false,false
false,false,false,false,false,false,false,false,false
false,false,false,false,false,false,false,false,false
false,false,false,false,false,false,false,false,false
false,false,false,false,false,false,false,false,false
false,false,false,false,false,false,false,false,false
false,false,false,false,false,false,false,false,false
false,false,false,false,false,false,false,false,false
false,false,false,false,false,false,false,false,false
false,false,false,false,false,false,false,false,false
false,false,false,false,false,false,false,false,false
false,false,false,false,false,false,false,false,false
false,false,false,false,false,false,false,false,false
false,false,false,false,false,false,false,false,false
false,false,false,false,false,false,false,false,false
false,false,false,false,false,false,false,false,false
false,false,false,false,false,false,false,false,false
false,false,false,false,false,false,false,false,false
false,false,false,false,false,false,false,false,false
false,false,false,false,false,false,false,false,false
false,false,false,false,false,false,false,false,false
false,false,false,false,false,false,false,false,false
false,false,false,false,false,false,false,false,false
false,false,false,false,false,false,false,false,false
false,false,false,false,false,false,false,false,false
false,false,false,false,false,false,false,false,false
false,false,false,false,false,false,false,false,false
false,false,false,false,false,false,false,false,false
false,false,false,false,false,false,false,false,false
false,false,false,false,false,false,false,false,false
false,false,false,false,false,false,false,false,false
false,false,false,false,false,false,false,false,false
false,false,false,false,false,false,false,false,false
false,false,false,false,false,false,false,false,false
false,false,false,false,false,false,false,false,false
false,false,false,false,false,false,false,false,false
false,false,false,false,false,false,false,false,false
false,false,false,false,false,false,false,false,false
false,false,false,false,false,false,false,false,false
false,false,false,false,false,false,false,false,false
false,false,false,false,false,false,false,false,false
false,false,false,false,false,false,false,false,false
false,false,false,false,false,false,false,false,false
false,false,false,false,false,false,false,false,false
false,false,false,false,false,false,false,false,false
false,false,false,false,false,false,false,false,false
false,false,false,false,false,false,false,false,false
false,false,false,false,false,false,false,false,false
false,false,false,false,false,false,false,false,false
false,false,false,false,false,false,false,false,false
false,false,false,false,false,false,false,false,false
false,false,false,false,false,false,false,false,false
false,false,false,false,false,false,false,false,false
false,false,false,false,false,false,false,false,false
false,false,false,false,false,false,false,false,false
false,false,false,false,false,false,false,false,false
false,false,false,false,false,false,false,false,false
false,false,false,false,false,false,false,false,false
false,false,false,false,false,false,false,false,false
false,false,false,false,false,false,false,false,false
false,false,false,false,false,false,false,false,false
false,false,false,false,false,false,false,false,false
false,false,false,false,false,false,false,false,false
false,false,false,false,false,false,false,false,false
false,false,false,false,false,false,false,false,false
false,false,false,false,false,false,false,false,false
false,false,false,false,false,false,false,false,false
false,false,false,false,false,false,false,false,false
false,false,false,false,false,false,false,false,false
false,false,false,false,false,false,false,false,false
false,false,false,false,false,false,false,false,false
false,false,false,false,false,false,false,false,false
false,false,false,false,false,false,false,false,false
false,false,false,false,false,false,false,false,false
false,false,false,false,false,false,false,false,false
false,false,false,false,false,false,false,false,false
false,false,false,false,false,false,false,false,false
false,false,false,false,false,false,false,false,false
false,false,false,false,false,false,false,false,false
false,false,false,false,false,false,false,false,false
false,false,false,false,false,false,false,false,false
false,false,false,false,false,false,false,false,false
false,false,false,false,false,false,false,false,false
false,false,false,false,false,false,false,false,false
false,false,false,false,false,false,false,false,false
false,false,false,false,false,false,false,false,false
false,false,false,false,false,false,false,false,false
false,false,false,false,false,false,false,false,false
false,false,false,false,false,false,false,false,false
false,false,false,false,false,false,false,false,false
false,false,false,false,false,false,false,false,false
false,false,false,false,false,false,false,false,false
false,false,false,false,false,false,false,false,false
false,false,false,false,false,false,false,false,false
false,false,false,false,false,false,false,false,false
false,false,false,false,false,false,false,false,false
false,false,false,false,false,false,false,false,false
false,false,false,false,false,false,false,false,false
false,false,false,false,false,false,false,false,false
false,false,false,false,false,false,false,false,false
false,false,false,false,false,false,false,false,false
false,false,false,false,false,false,false,false,false
false,false,false,false,false,false,false,false,false
false,false,false,false,false,false,false,false,false
false,false,false,false,false,false,false,false,false
false,false,false,false,false,false,false,false,false
false,false,false,false,false,false,false,false,false
false,false,false,false,false,false,false,false,false
false,false,false,false,false,false,false,false,false
false,false,false,false,false,false,false,false,false
false,false,false,false,false,false,false,false,false
false,false,false,false,false,false,false,false,false
false,false,false,false,false,false,false,false,false
false,false,false,false,false,false,false,false,false
false,false,false,false,false,false,false,false,false
false,false,false,false,false,false,false,false,false
false,false,false,false,false,false,false,false,false
false,false,false,false,false,false,false,false,false
false,false,false,false,false,false,false,false,false
false,false,false,false,false,false,false,false,false
false,false,false,false,false,false,false,false,false
false,false,false,false,false,false,false,false,false
false,false,false,false,false,false,false,false,false
false,false,false,false,false,false,false,false,false
false,false,false,false,false,false,false,false,false
false,false,false,false,false,false,false,false,false
false,false,false,false,false,false,false,false,false
false,false,false,false,false,false,false,false,false
false,false,false,false,false,false,false,false,false
false,false,false,false,false,false,false,false,false
false,false,false,false,false,false,false,false,false
false,false,false,false,false,false,false,false,false
false,false,false,false,false,false,false,false,false
false,false,false,false,false,false,false,false,false
false,false,false,false,false,false,false,false,false
false,false,false,false,false,false,false,false,false
false,false,false,false,false,false,false,false,false
false,false,false,false,false,false,false,false,false
false,false,false,false,false,false,false,false,false
false,false,false,false,false,false,false,false,false
false,false,false,false,false,false,false,false,false
false,false,false,false,false,false,false,false,false
false,false,false,false,false,false,false,false,false
false,false,false,false,false,false,false,false,false
false,false,false,false,false,false,false,false,false
false,false,false,false,false,false,false,false,false
false,false,false,false,false,false,false,false,false
false,false,false,false,false,false,false,false,false
false,false,false,false,false,false,false,false,false
false,false,false,false,false,false,false,false,false
false,false,false,false,false,false,false,false,false
false,false,false,false,false,false,false,false,false
false,false,false,false,false,false,false,false,false
false,false,false,false,false,false,false,false,false
false,false,false,false,false,false,false,false,false
false,false,false,false,false,false,false,false,false
false,false,false,false,false,false,false,false,false
false,false,false,false,false,false,false,false,false
false,false,false,false,false,false,false,false,false
false,false,false,false,false,false,false,false,false
false,false,false,false,false,false,false,false,false
false,false,false,false,false,false,false,false,false
false,false,false,false,false,false,false,false,false
false,false,false,false,false,false,false,false,false
false,false,false,false,false,false,false,false,false
false,false,false,false,false,false,false,false,false
false,false,false,false,false,false,false,false,false
false,false,false,false,false,false,false,false,false
false,false,false,false,false,false,false,false,false
false,false,false,false,false,false,false,false,false
false,false,false,false,false,false,false,false,false
false,false,false,false,false,false,false,false,false
false,false,false,false,false,false,false,false,false
false,false,false,false,false,false,false,false,false
false,false,false,false,false,false,false,false,false
false,false,false,false,false,false,false,false,false
false,false,false,false,false,false,false,false,false
false,false,false,false,false,false,false,false,false
false,false,false,false,false,false,false,false,false
false,false,false,false,false,false,false,false,false
false,false,false,false,false,false,false,false,false
false,false,false,false,false,false,false,false,false
false,false,false,false,false,false,false,false,false
false,false,false,false,false,false,false,false,false
false,false,false,false,false,false,false,false,false
false,false,false,false,false,false,false,false,false
false,false,false,false,false,false,false,false,false
false,false,false,false,false,false,false,false,false
false,false,false,false,false,false,false,false,false
false,false,false,false,false,false,false,false,false
false,false,false,false,false,false,false,false,false
false,false,false,false,false,false,false,false,false
false,false,false,false,false,false,false,false,false
false,false,false,false,false,false,false,false,false
false,false,false,false,false,false,false,false,false
false,false,false,false,false,false,false,false,false
false,false,false,false,false,false,false,false,false
false,false,false,false,false,false,false,false,false
false,false,false,false,false,false,false,false,false
false,false,false,false,false,false,false,false,false
false,false,false,false,false,false,false,false,false
false,false,false,false,false,false,false,false,false
false,false,false,false,false,false,false,false,false
false,false,false,false,false,false,false,false,false
false,false,false,false,false,false,false,false,false
false,false,false,false,false,false,false,false,false
false,false,false,false,false,false,false,false,false
false,false,false,false,false,false,false,false,false
false,false,false,false,false,false,false,false,false
false,false,false,false,false,false,false,false,false
false,false,false,false,false,false,false,false,false
false,false,false,false,false,false,false,false,false
false,false,false,false,false,false,false,false,false
false,false,false,false,false,false,false,false,false
false,false,false,false,false,false,false,false,false
false,false,false,false,false,false,false,false,false
false,false,false,false,false,false,false,false,false
false,false,false,false,false,false,false,false,false
false,false,false,false,false,false,false,false,false
false,false,false,false,false,false,false,false,false
false,false,false,false,false,false,false,false,false
false,false,false,false,false,false,false,false,false
false,false,false,false,false,false,false,false,false
false,false,false,false,false,false,false,false,false
false,false,false,false,false,false,false,false,false
false,false,false,false,false,false,false,false,false
false,false,false,false,false,false,false,false,false
false,false,false,false,false,false,false,false,false
false,false,false,false,false,false,false,false,false
false,false,false,false,false,false,false,false,false
false,false,false,false,false,false,false,false,false
false,false,false,false,false,false,false,false,false
false,false,false,false,false,false,false,false,false
false,false,false,false,false,false,false,false,false
false,false,false,false,false,false,false,false,false
false,false,false,false,false,false,false,false,false
false,false,false,false,false,false,false,false,false
false,false,false,false,false,false,false,false,false
false,false,false,false,false,false,false,false,false
false,false,false,false,false,false,false,false,false
false,false,false,false,false,false,false,false,false
false,false,false,false,false,false,false,false,false
false,false,false,false,false,false,false,false,false
false,false,false,false,false,false,false,false,false
false,false,false,false,false,false,false,false,false
false,false,false,false,false,false,false,false,false
false,false,false,false,false,false,false,false,false
false,false,false,false,false,false,false,false,false
false,false,false,false,false,false,false,false,false
false,false,false,false,false,false,false,false,false
false,false,false,false,false,false,false,false,false
false,false,false,false,false,false,false,false,false
false,false,false,false,false,false,false,false,false
false,false,false,false,false,false,false,false,false
false,false,false,false,false,false,false,false,false
false,false,false,false,false,false,false,false,false
false,false,false,false,false,false,false,false,false
false,false,false,false,false,false,false,false,false
false,false,false,false,false,false,false,false,false
false,false,false,false,false,false,false,false,false
false,false,false,false,false,false,false,false,false
false,false,false,false,false,false,false,false,false
false,false,false,false,false,false,false,false,false
false,false,false,false,false,false,false,false,false
false,false,false,false,false,false,false,false,false
false,false,false,false,false,false,false,false,false
false,false,false,false,false,false,false,false,false
false,false,false,false,false,false,false,false,false
false,false,false,false,false,false,false,false,false
false,false,false,false,false,false,false,false,false
false,false,false,false,false,false,false,false,false
false,false,false,false,false,false,false,false,false
false,false,false,false,false,false,false,false,false
false,false,false,false,false,false,false,false,false
false,false,false,false,false,false,false,false,false
false,false,false,false,false,false,false,false,false
false,false,false,false,false,false,false,false,false
false,false,false,false,false,false,false,false,false
false,false,false,false,false,false,false,false,false
false,false,false,false,false,false,false,false,false
false,false,false,false,false,false,false,false,false
false,false,false,false,false,false,false,false,false
false,false,false,false,false,false,false,false,false
false,false,false,false,false,false,false,false,false
false,false,false,false,false,false,false,false,false
false,false,false,false,false,false,false,false,false
false,false,false,false,false,false,false,false,false
false,false,false,false,false,false,false,false,false
false,false,false,false,false,false,false,false,false
false,false,false,false,false,false,false,false,false
false,false,false,false,false,false,false,false,false
false,false,false,false,false,false,false,false,false
false,false,false,false,false,false,false,false,false
false,false,false,false,false,false,false,false,false
false,false,false,false,false,false,false,false,false
false,false,false,false,false,false,false,false,false
false,false,false,false,false,false,false,false,false
false,false,false,false,false,false,false,false,false
false,false,false,false,false,false,false,false,false
false,false,false,false,false,false,false,false,false
false,false,false,false,false,false,false,false,false
false,false,false,false,false,false,false,false,false
false,false,false,false,false,false,false,false,false
false,false,false,false,false,false,false,false,false
false,false,false,false,false,false,false,false,false
false,false,false,false,false,false,false,false,false
false,false,false,false,false,false,false,false,false
false,false,false,false,false,false,false,false,false
false,false,false,false,false,false,false,false,false
false,false,false,false,false,false,false,false,false
false,false,false,false,false,false,false,false,false
false,false,false,false,false,false,false,false,false
false,false,false,false,false,false,false,false,false
false,false,false,false,false,false,false,false,false
false,false,false,false,false,false,false,false,false
false,false,false,false,false,false,false,false,false
false,false,false,false,false,false,false,false,false
false,false,false,false,false,false,false,false,false
false,false,false,false,false,false,false,false,false
false,false,false,false,false,false,false,false,false
false,false,false,false,false,false,false,false,false
false,false,false,false,false,false,false,false,false
false,false,false,false,false,false,false,false,false
false,false,false,false,false,false,false,false,false
false,false,false,false,false,false,false,false,false
false,false,false,false,false,false,false,false,false
false,false,false,false,false,false,false,false,false
false,false,false,false,false,false,false,false,false
false,false,false,false,false,false,false,false,false
false,false,false,false,false,false,false,false,false
false,false,false,false,false,false,false,false,false
false,false,false,false,false,false,false,false,false
false,false,false,false,false,false,false,false,false
false,false,false,false,false,false,false,false,false
false,false,false,false,false,false,false,false,false
false,false,false,false,false,false,false,false,false
false,false,false,false,false,false,false,false,false
false,false,false,false,false,false,false,false,false
false,false,false,false,false,false,false,false,false
false,false,false,false,false,false,false,false,false
false,false,false,false,false,false,false,false,false
false,false,false,false,false,false,false,false,false
false,false,false,false,false,false,false,false,false
false,false,false,false,false,false,false,false,false
false,false,false,false,false,false,false,false,false
false,false,false,false,false,false,false,false,false
false,false,false,false,false,false,false,false,false
false,false,false,false,false,false,false,false,false
false,false,false,false,false,false,false,false,false
false,false,false,false,false,false,false,false,false
false,false,false,false,false,false,false,false,false
false,false,false,false,false,false,false,false,false
false,false,false,false,false,false,false,false,false
false,false,false,false,false,false,false,false,false
false,false,false,false,false,false,false,false,false
false,false,false,false,false,false,false,false,false
false,false,false,false,false,false,false,false,false
false,false,false,false,false,false,false,false,false
false,false,false,false,false,false,false,false,false
false,false,false,false,false,false,false,false,false
false,false,false,false,false,false,false,false,false
false,false,false,false,false,false,false,false,false
false,false,false,false,false,false,false,false,false
false,false,false,false,false,false,false,false,false
false,false,false,false,false,false,false,false,false
false,false,false,false,false,false,false,false,false
false,false,false,false,false,false,false,false,false
false,false,false,false,false,false,false,false,false
false,false,false,false,false,false,false,false,false
false,false,false,false,false,false,false,false,false
false,false,false,false,false,false,false,false,false
false,false,false,false,false,false,false,false,false
false,false,false,false,false,false,false,false,false
false,false,false,false,false,false,false,false,false
false,false,false,false,false,false,false,false,false
false,false,false,false,false,false,false,false,false
false,false,false,false,false,false,false,false,false
false,false,false,false,false,false,false,false,false
false,false,false,false,false,false,false,false,false
false,false,false,false,false,false,false,false,false
false,false,false,false,false,false,false,false,false
false,false,false,false,false,false,false,false,false
false,false,false,false,false,false,false,false,false
false,false,false,false,false,false,false,false,false
false,false,false,false,false,false,false,false,false
false,false,false,false,false,false,false,false,false
false,false,false,false,false,false,false,false,false
false,false,false,false,false,false,false,false,false
false,false,false,false,false,false,false,false,false
false,false,false,false,false,false,false,false,false
false,false,false,false,false,false,false,false,false
false,false,false,false,false,false,false,false,false
false,false,false,false,false,false,false,false,false
false,false,false,false,false,false,false,false,false
false,false,false,false,false,false,false,false,false
false,false,false,false,false,false,false,false,false
false,false,false,false,false,false,false,false,false
false,false,false,false,false,false,false,false,false
false,false,false,false,false,false,false,false,false
false,false,false,false,false,false,false,false,false
false,false,false,false,false,false,false,false,false
false,false,false,false,false,false,false,false,false
false,false,false,false,false,false,false,false,false
false,false,false,false,false,false,false,false,false
false,false,false,false,false,false,false,false,false
false,false,false,false,false,false,false,false,false
false,false,false,false,false,false,false,false,false
false,false,false,false,false,false,false,false,false
false,false,false,false,false,false,false,false,false
false,false,false,false,false,false,false,false,false
false,false,false,false,false,false,false,false,false
false,false,false,false,false,false,false,false,false
false,false,false,false,false,false,false,false,false
false,false,false,false,false,false,false,false,false
false,false,false,false,false,false,false,false,false
false,false,false,false,false,false,false,false,false
false,false,false,false,false,false,false,false,false
false,false,false,false,false,false,false,false,false
false,false,false,false,false,false,false,false,false
false,false,false,false,false,false,false,false,false
false,false,false,false,false,false,false,false,false
false,false,false,false,false,false,false,false,false
false,false,false,false,false,false,false,false,false
false,false,false,false,false,false,false,false,false
false,false,false,false,false,false,false,false,false
false,false,false,false,false,false,false,false,false
false,false,false,false,false,false,false,false,false
false,false,false,false,false,false,false,false,false
false,false,false,false,false,false,false,false,false
false,false,false,false,false,false,false,false,false
false,false,false,false,false,false,false,false,false
false,false,false,false,false,false,false,false,false
false,false,false,false,false,false,false,false,false
false,false,false,false,false,false,false,false,false
false,false,false,false,false,false,false,false,false
false,false,false,false,false,false,false,false,false
false,false,false,false,false,false,false,false,false
false,false,false,false,false,false,false,false,false
false,false,false,false,false,false,false,false,false
false,false,false,false,false,false,false,false,false
false,false,false,false,false,false,false,false,false
false,false,false,false,false,false,false,false,false
false,false,false,false,false,false,false,false,false
false,false,false,false,false,false,false,false,false
false,false,false,false,false,false,false,false,false
false,false,false,false,false,false,false,false,false
false,false,false,false,false,false,false,false,false
false,false,false,false,false,false,false,false,false
false,false,false,false,false,false,false,false,false
false,false,false,false,false,false,false,false,false
false,false,false,false,false,false,false,false,false
false,false,false,false,false,false,false,false,false
false,false,false,false,false,false,false,false,false
false,false,false,false,false,false,false,false,false
false,false,false,false,false,false,false,false,false
false,false,false,false,false,false,false,false,false
false,false,false,false,false,false,false,false,false
false,false,false,false,false,false,false,false,false
false,false,false,false,false,false,false,false,false
false,false,false,false,false,false,false,false,false
false,false,false,false,false,false,false,false,false
false,false,false,false,false,false,false,false,false
false,false,false,false,false,false,false,false,false
false,false,false,false,false,false,false,false,false
false,false,false,false,false,false,false,false,false
false,false,false,false,false,false,false,false,false
false,false,false,false,false,false,false,false,false
false,false,false,false,false,false,false,false,false
false,false,false,false,false,false,false,false,false
false,false,false,false,false,false,false,false,false
false,false,false,false,false,false,false,false,false
false,false,false,false,false,false,false,false,false
false,false,false,false,false,false,false,false,false
false,false,false,false,false,false,false,false,false
false,false,false,false,false,false,false,false,false
false,false,false,false,false,false,false,false,false
false,false,false,false,false,false,false,false,false
false,false,false,false,false,false,false,false,false
false,false,false,false,false,false,false,false,false
false,false,false,false,false,false,false,false,false
false,false,false,false,false,false,false,false,false
false,false,false,false,false,false,false,false,false
false,false,false,false,false,false,false,false,false
false,false,false,false,false,false,false,false,false
false,false,false,false,false,false,false,false,false
false,false,false,false,false,false,false,false,false
false,false,false,false,false,false,false,false,false
false,false,false,false,false,false,false,false,false
false,false,false,false,false,false,false,false,false
false,false,false,false,false,false,false,false,false
false,false,false,false,false,false,false,false,false
false,false,false,false,false,false,false,false,false
false,false,false,false,false,false,false,false,false
false,false,false,false,false,false,false,false,false
false,false,false,false,false,false,false,false,false
false,false,false,false,false,false,false,false,false
false,false,false,false,false,false,false,false,false
false,false,false,false,false,false,false,false,false
false,false,false,false,false,false,false,false,false
false,false,false,false,false,false,false,false,false
false,false,false,false,false,false,false,false,false
false,false,false,false,false,false,false,false,false
false,false,false,false,false,false,false,false,false
false,false,false,false,false,false,false,false,false
false,false,false,false,false,false,false,false,false
false,false,false,false,false,false,false,false,false
false,false,false,false,false,false,false,false,false
false,false,false,false,false,false,false,false,false
false,false,false,false,false,false,false,false,false
false,false,false,false,false,false,false,false,false
false,false,false,false,false,false,false,false,false
false,false,false,false,false,false,false,false,false
false,false,false,false,false,false,false,false,false
false,false,false,false,false,false,false,false,false
false,false,false,false,false,false,false,false,false
false,false,false,false,false,false,false,false,false
false,false,false,false,false,false,false,false,false
false,false,false,false,false,false,false,false,false
false,false,false,false,false,false,false,false,false
false,false,false,false,false,false,false,false,false
false,false,false,false,false,false,false,false,false
false,false,false,false,false,false,false,false,false
false,false,false,false,false,false,false,false,false
false,false,false,false,false,false,false,false,false
false,false,false,false,false,false,false,false,false
false,false,false,false,false,false,false,false,false
false,false,false,false,false,false,false,false,false
false,false,false,false,false,false,false,false,false
false,false,false,false,false,false,false,false,false
false,false,false,false,false,false,false,false,false
false,false,false,false,false,false,false,false,false
false,false,false,false,false,false,false,false,false
false,false,false,false,false,false,false,false,false
false,false,false,false,false,false,false,false,false
false,false,false,false,false,false,false,false,false
false,false,false,false,false,false,false,false,false
false,false,false,false,false,false,false,false,false
false,false,false,false,false,false,false,false,false
false,false,false,false,false,false,false,false,false
false,false,false,false,false,false,false,false,false
false,false,false,false,false,false,false,false,false
false,false,false,false,false,false,false,false,false
false,false,false,false,false,false,false,false,false
false,false,false,false,false,false,false,false,false
false,false,false,false,false,false,false,false,false
false,false,false,false,false,false,false,false,false
false,false,false,false,false,false,false,false,false
false,false,false,false,false,false,false,false,false
false,false,false,false,false,false,false,false,false
false,false,false,false,false,false,false,false,false
false,false,false,false,false,false,false,false,false
false,false,false,false,false,false,false,false,false
false,false,false,false,false,false,false,false,false
false,false,false,false,false,false,false,false,false
false,false,false,false,false,false,false,false,false
false,false,false,false,false,false,false,false,false
false,false,false,false,false,false,false,false,false
false,false,false,false,false,false,false,false,false
false,false,false,false,false,false,false,false,false
false,false,false,false,false,false,false,false,false
false,false,false,false,false,false,false,false,false
false,false,false,false,false,false,false,false,false
false,false,false,false,false,false,false,false,false
false,false,false,false,false,false,false,false,false
false,false,false,false,false,false,false,false,false
false,false,false,false,false,false,false,false,false
false,false,false,false,false,false,false,false,false
false,false,false,false,false,false,false,false,false
false,false,false,false,false,false,false,false,false
false,false,false,false,false,false,false,false,false
false,false,false,false,false,false,false,false,false
false,false,false,false,false,false,false,false,false
false,false,false,false,false,false,false,false,false
false,false,false,false,false,false,false,false,false
false,false,false,false,false,false,false,false,false
false,false,false,false,false,false,false,false,false
false,false,false,false,false,false,false,false,false
false,false,false,false,false,false,false,false,false
false,false,false,false,false,false,false,false,false
false,false,false,false,false,false,false,false,false
false,false,false,false,false,false,false,false,false
false,false,false,false,false,false,false,false,false
false,false,false,false,false,false,false,false,false
false,false,false,false,false,false,false,false,false
false,false,false,false,false,false,false,false,false
false,false,false,false,false,false,false,false,false
false,false,false,false,false,false,false,false,false
false,false,false,false,false,false,false,false,false
false,false,false,false,false,false,false,false,false
false,false,false,false,false,false,false,false,false
false,false,false,false,false,false,false,false,false
false,false,false,false,false,false,false,false,false
false,false,false,false,false,false,false,false,false
false,false,false,false,false,false,false,false,false
false,false,false,false,false,false,false,false,false
false,false,false,false,false,false,false,false,false
false,false,false,false,false,false,false,false,false
false,false,false,false,false,false,false,false,false
false,false,false,false,false,false,false,false,false
false,false,false,false,false,false,false,false,false
false,false,false,false,false,false,false,false,false
false,false,false,false,false,false,false,false,false
false,false,false,false,false,false,false,false,false
false,false,false,false,false,false,false,false,false
false,false,false,false,false,false,false,false,false
false,false,false,false,false,false,false,false,false
false,false,false,false,false,false,false,false,false
false,false,false,false,false,false,false,false,false
false,false,false,false,false,false,false,false,false
false,false,false,false,false,false,false,false,false
false,false,false,false,false,false,false,false,false
false,false,false,false,false,false,false,false,false
false,false,false,false,false,false,false,false,false
false,false,false,false,false,false,false,false,false
false,false,false,false,false,false,false,false,false
false,false,false,false,false,false,false,false,false
false,false,false,false,false,false,false,false,false
false,false,false,false,false,false,false,false,false
false,false,false,false,false,false,false,false,false
false,false,false,false,false,false,false,false,false
false,false,false,false,false,false,false,false,false
false,false,false,false,false,false,false,false,false
false,false,false,false,false,false,false,false,false
false,false,false,false,false,false,false,false,false
false,false,false,false,false,false,false,false,false
false,false,false,false,false,false,false,false,false
false,false,false,false,false,false,false,false,false
false,false,false,false,false,false,false,false,false
false,false,false,false,false,false,false,false,false
false,false,false,false,false,false,false,false,false
false,false,false,false,false,false,false,false,false
false,false,false,false,false,false,false,false,false
false,false,false,false,false,false,false,false,false
false,false,false,false,false,false,false,false,false
false,false,false,false,false,false,false,false,false
false,false,false,false,false,false,false,false,false
false,false,false,false,false,false,false,false,false
false,false,false,false,false,false,false,false,false
false,false,false,false,false,false,false,false,false
false,false,false,false,false,false,false,false,false
false,false,false,false,false,false,false,false,false
false,false,false,false,false,false,false,false,false
false,false,false,false,false,false,false,false,false
false,false,false,false,false,false,false,false,false
false,false,false,false,false,false,false,false,false
false,false,false,false,false,false,false,false,false
false,false,false,false,false,false,false,false,false
false,false,false,false,false,false,false,false,false
false,false,false,false,false,false,false,false,false
false,false,false,false,false,false,false,false,false
false,false,false,false,false,false,false,false,false
false,false,false,false,false,false,false,false,false
false,false,false,false,false,false,false,false,false
false,false,false,false,false,false,false,false,false
false,false,false,false,false,false,false,false,false
false,false,false,false,false,false,false,false,false
false,false,false,false,false,false,false,false,false
false,false,false,false,false,false,false,false,false
false,false,false,false,false,false,false,false,false
false,false,false,false,false,false,false,false,false
false,false,false,false,false,false,false,false,false
false,false,false,false,false,false,false,false,false
false,false,false,false,false,false,false,false,false
false,false,false,false,false,false,false,false,false
false,false,false,false,false,false,false,false,false
false,false,false,false,false,false,false,false,false
false,false,false,false,false,false,false,false,false
false,false,false,false,false,false,false,false,false
false,false,false,false,false,false,false,false,false
false,false,false,false,false,false,false,false,false
false,false,false,false,false,false,false,false,false
false,false,false,false,false,false,false,false,false
false,false,false,false,false,false,false,false,false
false,false,false,false,false,false,false,false,false
false,false,false,false,false,false,false,false,false
false,false,false,false,false,false,false,false,false
false,false,false,false,false,false,false,false,false
false,false,false,false,false,false,false,false,false
false,false,false,false,false,false,false,false,false
false,false,false,false,false,false,false,false,false
false,false,false,false,false,false,false,false,false
false,false,false,false,false,false,false,false,false
false,false,false,false,false,false,false,false,false
false,false,false,false,false,false,false,false,false
false,false,false,false,false,false,false,false,false
false,false,false,false,false,false,false,false,false
false,false,false,false,false,false,false,false,false
false,false,false,false,false,false,false,false,false
false,false,false,false,false,false,false,false,false
false,false,false,false,false,false,false,false,false
false,false,false,false,false,false,false,false,false
false,false,false,false,false,false,false,false,false
false,false,false,false,false,false,false,false,false
false,false,false,false,false,false,false,false,false
false,false,false,false,false,false,false,false,false
false,false,false,false,false,false,false,false,false
false,false,false,false,false,false,false,false,false
false,false,false,false,false,false,false,false,false
false,false,false,false,false,false,false,false,false
false,false,false,false,false,false,false,false,false
false,false,false,false,false,false,false,false,false
false,false,false,false,false,false,false,false,false
false,false,false,false,false,false,false,false,false
false,false,false,false,false,false,false,false,false
false,false,false,false,false,false,false,false,false
false,false,false,false,false,false,false,false,false
false,false,false,false,false,false,false,false,false
false,false,false,false,false,false,false,false,false
false,false,false,false,false,false,false,false,false
false,false,false,false,false,false,false,false,false
false,false,false,false,false,false,false,false,false
false,false,false,false,false,false,false,false,false
false,false,false,false,false,false,false,false,false
false,false,false,false,false,false,false,false,false
false,false,false,false,false,false,false,false,false
false,false,false,false,false,false,false,false,false
false,false,false,false,false,false,false,false,false
false,false,false,false,false,false,false,false,false
false,false,false,false,false,false,false,false,false
false,false,false,false,false,false,false,false,false
false,false,false,false,false,false,false,false,false
false,false,false,false,false,false,false,false,false
false,false,false,false,false,false,false,false,false
false,false,false,false,false,false,false,false,false
false,false,false,false,false,false,false,false,false
false,false,false,false,false,false,false,false,false
false,false,false,false,false,false,false,false,false
false,false,false,false,false,false,false,false,false
false,false,false,false,false,false,false,false,false
false,false,false,false,false,false,false,false,false
false,false,false,false,false,false,false,false,false
false,false,false,false,false,false,false,false,false
false,false,false,false,false,false,false,false,false
false,false,false,false,false,false,false,false,false
false,false,false,false,false,false,false,false,false
false,false,false,false,false,false,false,false,false
false,false,false,false,false,false,false,false,false
false,false,false,false,false,false,false,false,false
false,false,false,false,false,false,false,false,false
false,false,false,false,false,false,false,false,false
false,false,false,false,false,false,false,false,false
false,false,false,false,false,false,false,false,false
false,false,false,false,false,false,false,false,false
false,false,false,false,false,false,false,false,false
false,false,false,false,false,false,false,false,false
false,false,false,false,false,false,false,false,false
false,false,false,false,false,false,false,false,false
false,false,false,false,false,false,false,false,false
false,false,false,false,false,false,false,false,false
false,false,false,false,false,false,false,false,false
false,false,false,false,false,false,false,false,false
false,false,false,false,false,false,false,false,false
false,false,false,false,false,false,false,false,false
false,false,false,false,false,false,false,false,false
false,false,false,false,false,false,false,false,false
false,false,false,false,false,false,false,false,false
false,false,false,false,false,false,false,false,false
false,false,false,false,false,false,false,false,false
false,false,false,false,false,false,false,false,false
false,false,false,false,false,false,false,false,false
false,false,false,false,false,false,false,false,false
false,false,false,false,false,false,false,false,false
false,false,false,false,false,false,false,false,false
false,false,false,false,false,false,false,false,false
false,false,false,false,false,false,false,false,false
false,false,false,false,false,false,false,false,false
false,false,false,false,false,false,false,false,false
false,false,false,false,false,false,false,false,false
false,false,false,false,false,false,false,false,false
false,false,false,false,false,false,false,false,false
false,false,false,false,false,false,false,false,false
false,false,false,false,false,false,false,false,false
false,false,false,false,false,false,false,false,false
false,false,false,false,false,false,false,false,false
false,false,false,false,false,false,false,false,false
false,false,false,false,false,false,false,false,false
false,false,false,false,false,false,false,false,false
false,false,false,false,false,false,false,false,false
false,false,false,false,false,false,false,false,false
false,false,false,false,false,false,false,false,false
false,false,false,false,false,false,false,false,false
false,false,false,false,false,false,false,false,false
false,false,false,false,false,false,false,false,false
false,false,false,false,false,false,false,false,false
false,false,false,false,false,false,false,false,false
false,false,false,false,false,false,false,false,false
false,false,false,false,false,false,false,false,false
false,false,false,false,false,false,false,false,false
false,false,false,false,false,false,false,false,false
false,false,false,false,false,false,false,false,false
false,false,false,false,false,false,false,false,false
false,false,false,false,false,false,false,false,false
false,false,false,false,false,false,false,false,false
false,false,false,false,false,false,false,false,false
false,false,false,false,false,false,false,false,false
false,false,false,false,false,false,false,false,false
false,false,false,false,false,false,false,false,false
false,false,false,false,false,false,false,false,false
false,false,false,false,false,false,false,false,false
false,false,false,false,false,false,false,false,false
false,false,false,false,false,false,false,false,false
false,false,false,false,false,false,false,false,false
false,false,false,false,false,false,false,false,false
false,false,false,false,false,false,false,false,false
false,false,false,false,false,false,false,false,false
false,false,false,false,false,false,false,false,false
false,false,false,false,false,false,false,false,false
false,false,false,false,false,false,false,false,false
false,false,false,false,false,false,false,false,false
false,false,false,false,false,false,false,false,false
false,false,false,false,false,false,false,false,false
false,false,false,false,false,false,false,false,false
false,false,false,false,false,false,false,false,false
false,false,false,false,false,false,false,false,false
false,false,false,false,false,false,false,false,false
false,false,false,false,false,false,false,false,false
false,false,false,false,false,false,false,false,false
false,false,false,false,false,false,false,false,false
false,false,false,false,false,false,false,false,false
false,false,false,false,false,false,false,false,false
false,false,false,false,false,false,false,false,false
false,false,false,false,false,false,false,false,false
false,false,false,false,false,false,false,false,false
false,false,false,false,false,false,false,false,false
false,false,false,false,false,false,false,false,false
false,false,false,false,false,false,false,false,false
false,false,false,false,false,false,false,false,false
false,false,false,false,false,false,false,false,false
false,false,false,false,false,false,false,false,false
false,false,false,false,false,false,false,false,false
false,false,false,false,false,false,false,false,false
false,false,false,false,false,false,false,false,false
false,false,false,false,false,false,false,false,false
false,false,false,false,false,false,false,false,false
false,false,false,false,false,false,false,false,false
false,false,false,false,false,false,false,false,false
false,false,false,false,false,false,false,false,false
false,false,false,false,false,false,false,false,false
false,false,false,false,false,false,false,false,false
false,false,false,false,false,false,false,false,false
false,false,false,false,false,false,false,false,false
false,false,false,false,false,false,false,false,false
false,false,false,false,false,false,false,false,false
false,false,false,false,false,false,false,false,false
false,false,false,false,false,false,false,false,false
false,false,false,false,false,false,false,false,false
false,false,false,false,false,false,false,false,false
false,false,false,false,false,false,false,false,false
false,false,false,false,false,false,false,false,false
false,false,false,false,false,false,false,false,false
false,false,false,false,false,false,false,false,false
false,false,false,false,false,false,false,false,false
false,false,false,false,false,false,false,false,false
false,false,false,false,false,false,false,false,false
false,false,false,false,false,false,false,false,false
false,false,false,false,false,false,false,false,false
false,false,false,false,false,false,false,false,false
false,false,false,false,false,false,false,false,false
false,false,false,false,false,false,false,false,false
false,false,false,false,false,false,false,false,false
false,false,false,false,false,false,false,false,false
false,false,false,false,false,false,false,false,false
false,false,false,false,false,false,false,false,false
false,false,false,false,false,false,false,false,false
false,false,false,false,false,false,false,false,false
false,false,false,false,false,false,false,false,false
false,false,false,false,false,false,false,false,false
false,false,false,false,false,false,false,false,false
false,false,false,false,false,false,false,false,false
false,false,false,false,false,false,false,false,false
false,false,false,false,false,false,false,false,false
false,false,false,false,false,false,false,false,false
false,false,false,false,false,false,false,false,false
false,false,false,false,false,false,false,false,false
false,false,false,false,false,false,false,false,false
false,false,false,false,false,false,false,false,false
false,false,false,false,false,false,false,false,false
false,false,false,false,false,false,false,false,false
false,false,false,false,false,false,false,false,false
false,false,false,false,false,false,false,false,false
false,false,false,false,false,false,false,false,false
false,false,false,false,false,false,false,false,false
false,false,false,false,false,false,false,false,false
false,false,false,false,false,false,false,false,false
false,false,false,false,false,false,false,false,false
false,false,false,false,false,false,false,false,false
false,false,false,false,false,false,false,false,false
false,false,false,false,false,false,false,false,false
false,false,false,false,false,false,false,false,false
false,false,false,false,false,false,false,false,false
false,false,false,false,false,false,false,false,false
false,false,false,false,false,false,false,false,false
false,false,false,false,false,false,false,false,false
false,false,false,false,false,false,false,false,false
false,false,false,false,false,false,false,false,false
false,false,false,false,false,false,false,false,false
false,false,false,false,false,false,false,false,false
false,false,false,false,false,false,false,false,false
false,false,false,false,false,false,false,false,false
false,false,false,false,false,false,false,false,false
false,false,false,false,false,false,false,false,false
false,false,false,false,false,false,false,false,false
false,false,false,false,false,false,false,false,false
false,false,false,false,false,false,false,false,false
false,false,false,false,false,false,false,false,false
false,false,false,false,false,false,false,false,false
false,false,false,false,false,false,false,false,false
false,false,false,false,false,false,false,false,false
false,false,false,false,false,false,false,false,false
false,false,false,false,false,false,false,false,false
false,false,false,false,false,false,false,false,false
false,false,false,false,false,false,false,false,false
false,false,false,false,false,false,false,false,false
false,false,false,false,false,false,false,false,false
false,false,false,false,false,false,false,false,false
false,false,false,false,false,false,false,false,false
false,false,false,false,false,false,false,false,false
false,false,false,false,false,false,false,false,false
false,false,false,false,false,false,false,false,false
false,false,false,false,false,false,false,false,false
false,false,false,false,false,false,false,false,false
false,false,false,false,false,false,false,false,false
false,false,false,false,false,false,false,false,false
false,false,false,false,false,false,false,false,false
false,false,false,false,false,false,false,false,false
false,false,false,false,false,false,false,false,false
false,false,false,false,false,false,false,false,false
false,false,false,false,false,false,false,false,false
false,false,false,false,false,false,false,false,false
false,false,false,false,false,false,false,false,false
false,false,false,false,false,false,false,false,false
false,false,false,false,false,false,false,false,false
false,false,false,false,false,false,false,false,false
false,false,false,false,false,false,false,false,false
false,false,false,false,false,false,false,false,false
false,false,false,false,false,false,false,false,false
false,false,false,false,false,false,false,false,false
false,false,false,false,false,false,false,false,false
false,false,false,false,false,false,false,false,false
false,false,false,false,false,false,false,false,false
false,false,false,false,false,false,false,false,false
false,false,false,false,false,false,false,false,false
false,false,false,false,false,false,false,false,false
false,false,false,false,false,false,false,false,false
false,false,false,false,false,false,false,false,false
false,false,false,false,false,false,false,false,false
false,false,false,false,false,false,false,false,false
false,false,false,false,false,false,false,false,false
false,false,false,false,false,false,false,false,false
false,false,false,false,false,false,false,false,false
false,false,false,false,false,false,false,false,false
false,false,false,false,false,false,false,false,false
false,false,false,false,false,false,false,false,false
false,false,false,false,false,false,false,false,false
false,false,false,false,false,false,false,false,false
false,false,false,false,false,false,false,false,false
false,false,false,false,false,false,false,false,false
false,false,false,false,false,false,false,false,false
false,false,false,false,false,false,false,false,false
false,false,false,false,false,false,false,false,false
false,false,false,false,false,false,false,false,false
false,false,false,false,false,false,false,false,false
false,false,false,false,false,false,false,false,false
false,false,false,false,false,false,false,false,false
false,false,false,false,false,false,false,false,false
false,false,false,false,false,false,false,false,false
false,false,false,false,false,false,false,false,false
false,false,false,false,false,false,false,false,false
false,false,false,false,false,false,false,false,false
false,false,false,false,false,false,false,false,false
false,false,false,false,false,false,false,false,false
false,false,false,false,false,false,false,false,false
false,false,false,false,false,false,false,false,false
false,false,false,false,false,false,false,false,false
false,false,false,false,false,false,false,false,false
false,false,false,false,false,false,false,false,false
false,false,false,false,false,false,false,false,false
false,false,false,false,false,false,false,false,false
false,false,false,false,false,false,false,false,false
false,false,false,false,false,false,false,false,false
false,false,false,false,false,false,false,false,false
false,false,false,false,false,false,false,false,false
false,false,false,false,false,false,false,false,false
false,false,false,false,false,false,false,false,false
false,false,false,false,false,false,false,false,false
false,false,false,false,false,false,false,false,false
false,false,false,false,false,false,false,false,false
false,false,false,false,false,false,false,false,false
false,false,false,false,false,false,false,false,false
false,false,false,false,false,false,false,false,false
false,false,false,false,false,false,false,false,false
false,false,false,false,false,false,false,false,false
false,false,false,false,false,false,false,false,false
false,false,false,false,false,false,false,false,false
false,false,false,false,false,false,false,false,false
false,false,false,false,false,false,false,false,false
false,false,false,false,false,false,false,false,false
false,false,false,false,false,false,false,false,false
false,false,false,false,false,false,false,false,false
false,false,false,false,false,false,false,false,false
false,false,false,false,false,false,false,false,false
false,false,false,false,false,false,false,false,false
false,false,false,false,false,false,false,false,false
false,false,false,false,false,false,false,false,false
false,false,false,false,false,false,false,false,false
false,false,false,false,false,false,false,false,false
false,false,false,false,false,false,false,false,false
false,false,false,false,false,false,false,false,false
false,false,false,false,false,false,false,false,false
false,false,false,false,false,false,false,false,false
false,false,false,false,false,false,false,false,false
false,false,false,false,false,false,false,false,false
false,false,false,false,false,false,false,false,false
false,false,false,false,false,false,false,false,false
false,false,false,false,false,false,false,false,false
false,false,false,false,false,false,false,false,false
false,false,false,false,false,false,false,false,false
false,false,false,false,false,false,false,false,false
false,false,false,false,false,false,false,false,false
false,false,false,false,false,false,false,false,false
false,false,false,false,false,false,false,false,false
false,false,false,false,false,false,false,false,false
false,false,false,false,false,false,false,false,false
false,false,false,false,false,false,false,false,false
false,false,false,false,false,false,false,false,false
false,false,false,false,false,false,false,false,false
false,false,false,false,false,false,false,false,false
false,false,false,false,false,false,false,false,false
false,false,false,false,false,false,false,false,false
false,false,false,false,false,false,false,false,false
false,false,false,false,false,false,false,false,false
false,false,false,false,false,false,false,false,false
false,false,false,false,false,false,false,false,false
false,false,false,false,false,false,false,false,false
false,false,false,false,false,false,false,false,false
false,false,false,false,false,false,false,false,false
false,false,false,false,false,false,false,false,false
false,false,false,false,false,false,false,false,false
false,false,false,false,false,false,false,false,false
false,false,false,false,false,false,false,false,false
false,false,false,false,false,false,false,false,false
false,false,false,false,false,false,false,false,false
false,false,false,false,false,false,false,false,false
false,false,false,false,false,false,false,false,false
false,false,false,false,false,false,false,false,false
false,false,false,false,false,false,false,false,false
false,false,false,false,false,false,false,false,false
false,false,false,false,false,false,false,false,false
false,false,false,false,false,false,false,false,false
false,false,false,false,false,false,false,false,false
false,false,false,false,false,false,false,false,false
false,false,false,false,false,false,false,false,false
false,false,false,false,false,false,false,false,false
false,false,false,false,false,false,false,false,false
false,false,false,false,false,false,false,false,false
false,false,false,false,false,false,false,false,false
false,false,false,false,false,false,false,false,false
false,false,false,false,false,false,false,false,false
false,false,false,false,false,false,false,false,false
false,false,false,false,false,false,false,false,false
false,false,false,false,false,false,false,false,false
false,false,false,false,false,false,false,false,false
false,false,false,false,false,false,false,false,false
false,false,false,false,false,false,false,false,false
false,false,false,false,false,false,false,false,false
false,false,false,false,false,false,false,false,false
false,false,false,false,false,false,false,false,false
false,false,false,false,false,false,false,false,false
false,false,false,false,false,false,false,false,false
false,false,false,false,false,false,false,false,false
false,false,false,false,false,false,false,false,false
false,false,false,false,false,false,false,false,false
false,false,false,false,false,false,false,false,false
false,false,false,false,false,false,false,false,false
false,false,false,false,false,false,false,false,false
false,false,false,false,false,false,false,false,false
false,false,false,false,false,false,false,false,false
false,false,false,false,false,false,false,false,false
false,false,false,false,false,false,false,false,false
false,false,false,false,false,false,false,false,false
false,false,false,false,false,false,false,false,false
false,false,false,false,false,false,false,false,false
false,false,false,false,false,false,false,false,false
false,false,false,false,false,false,false,false,false
false,false,false,false,false,false,false,false,false
false,false,false,false,false,false,false,false,false
false,false,false,false,false,false,false,false,false
false,false,false,false,false,false,false,false,false
false,false,false,false,false,false,false,false,false
false,false,false,false,false,false,false,false,false
false,false,false,false,false,false,false,false,false
false,false,false,false,false,false,false,false,false
false,false,false,false,false,false,false,false,false
false,false,false,false,false,false,false,false,false
false,false,false,false,false,false,false,false,false
false,false,false,false,false,false,false,false,false
false,false,false,false,false,false,false,false,false
false,false,false,false,false,false,false,false,false
false,false,false,false,false,false,false,false,false
false,false,false,false,false,false,false,false,false
false,false,false,false,false,false,false,false,false
false,false,false,false,false,false,false,false,false
false,false,false,false,false,false,false,false,false
false,false,false,false,false,false,false,false,false
false,false,false,false,false,false,false,false,false
false,false,false,false,false,false,false,false,false
false,false,false,false,false,false,false,false,false
false,false,false,false,false,false,false,false,false
false,false,false,false,false,false,false,false,false
false,false,false,false,false,false,false,false,false
false,false,false,false,false,false,false,false,false
false,false,false,false,false,false,false,false,false
false,false,false,false,false,false,false,false,false
false,false,false,false,false,false,false,false,false
false,false,false,false,false,false,false,false,false
false,false,false,false,false,false,false,false,false
false,false,false,false,false,false,false,false,false
false,false,false,false,false,false,false,false,false
false,false,false,false,false,false,false,false,false
false,false,false,false,false,false,false,false,false
false,false,false,false,false,false,false,false,false
false,false,false,false,false,false,false,false,false
false,false,false,false,false,false,false,false,false
false,false,false,false,false,false,false,false,false
false,false,false,false,false,false,false,false,false
false,false,false,false,false,false,false,false,false
false,false,false,false,false,false,false,false,false
false,false,false,false,false,false,false,false,false
false,false,false,false,false,false,false,false,false
false,false,false,false,false,false,false,false,false
false,false,false,false,false,false,false,false,false
false,false,false,false,false,false,false,false,false
false,false,false,false,false,false,false,false,false
false,false,false,false,false,false,false,false,false
false,false,false,false,false,false,false,false,false
false,false,false,false,false,false,false,false,false
false,false,false,false,false,false,false,false,false
false,false,false,false,false,false,false,false,false
false,false,false,false,false,false,false,false,false
false,false,false,false,false,false,false,false,false
false,false,false,false,false,false,false,false,false
false,false,false,false,false,false,false,false,false
false,false,false,false,false,false,false,false,false
false,false,false,false,false,false,false,false,false
false,false,false,false,false,false,false,false,false
false,false,false,false,false,false,false,false,false
false,false,false,false,false,false,false,false,false
false,false,false,false,false,false,false,false,false
false,false,false,false,false,false,false,false,false
false,false,false,false,false,false,false,false,false
false,false,false,false,false,false,false,false,false
false,false,false,false,false,false,false,false,false
false,false,false,false,false,false,false,false,false
false,false,false,false,false,false,false,false,false
false,false,false,false,false,false,false,false,false
false,false,false,false,false,false,false,false,false
false,false,false,false,false,false,false,false,false
false,false,false,false,false,false,false,false,false
false,false,false,false,false,false,false,false,false
false,false,false,false,false,false,false,false,false
false,false,false,false,false,false,false,false,false
false,false,false,false,false,false,false,false,false
false,false,false,false,false,false,false,false,false
false,false,false,false,false,false,false,false,false
false,false,false,false,false,false,false,false,false
false,false,false,false,false,false,false,false,false
false,false,false,false,false,false,false,false,false
false,false,false,false,false,false,false,false,false
false,false,false,false,false,false,false,false,false
false,false,false,false,false,false,false,false,false
false,false,false,false,false,false,false,false,false
false,false,false,false,false,false,false,false,false
false,false,false,false,false,false,false,false,false
false,false,false,false,false,false,false,false,false
false,false,false,false,false,false,false,false,false
false,false,false,false,false,false,false,false,false
false,false,false,false,false,false,false,false,false
false,false,false,false,false,false,false,false,false
false,false,false,false,false,false,false,false,false
false,false,false,false,false,false,false,false,false
false,false,false,false,false,false,false,false,false
false,false,false,false,false,false,false,false,false
false,false,false,false,false,false,false,false,false
false,false,false,false,false,false,false,false,false
false,false,false,false,false,false,false,false,false
false,false,false,false,false,false,false,false,false
false,false,false,false,false,false,false,false,false
false,false,false,false,false,false,false,false,false
false,false,false,false,false,false,false,false,false
false,false,false,false,false,false,false,false,false
false,false,false,false,false,false,false,false,false
false,false,false,false,false,false,false,false,false
false,false,false,false,false,false,false,false,false
false,false,false,false,false,false,false,false,false
false,false,false,false,false,false,false,false,false
false,false,false,false,false,false,false,false,false
false,false,false,false,false,false,false,false,false
false,false,false,false,false,false,false,false,false
false,false,false,false,false,false,false,false,false
false,false,false,false,false,false,false,false,false
false,false,false,false,false,false,false,false,false
false,false,false,false,false,false,false,false,false
false,false,false,false,false,false,false,false,false
false,false,false,false,false,false,false,false,false
false,false,false,false,false,false,false,false,false
false,false,false,false,false,false,false,false,false
false,false,false,false,false,false,false,false,false
false,false,false,false,false,false,false,false,false
false,false,false,false,false,false,false,false,false
false,false,false,false,false,false,false,false,false
false,false,false,false,false,false,false,false,false
false,false,false,false,false,false,false,false,false
false,false,false,false,false,false,false,false,false
false,false,false,false,false,false,false,false,false
false,false,false,false,false,false,false,false,false
false,false,false,false,false,false,false,false,false
false,false,false,false,false,false,false,false,false
false,false,false,false,false,false,false,false,false
false,false,false,false,false,false,false,false,false
false,false,false,false,false,false,false,false,false
false,false,false,false,false,false,false,false,false
false,false,false,false,false,false,false,false,false
false,false,false,false,false,false,false,false,false
false,false,false,false,false,false,false,false,false
false,false,false,false,false,false,false,false,false
false,false,false,false,false,false,false,false,false
false,false,false,false,false,false,false,false,false
false,false,false,false,false,false,false,false,false
false,false,false,false,false,false,false,false,false
false,false,false,false,false,false,false,false,false
false,false,false,false,false,false,false,false,false
false,false,false,false,false,false,false,false,false
false,false,false,false,false,false,false,false,false
false,false,false,false,false,false,false,false,false
false,false,false,false,false,false,false,false,false
false,false,false,false,false,false,false,false,false
false,false,false,false,false,false,false,false,false
false,false,false,false,false,false,false,false,false
false,false,false,false,false,false,false,false,false
false,false,false,false,false,false,false,false,false
false,false,false,false,false,false,false,false,false
false,false,false,false,false,false,false,false,false
false,false,false,false,false,false,false,false,false
false,false,false,false,false,false,false,false,false
false,false,false,false,false,false,false,false,false
false,false,false,false,false,false,false,false,false
false,false,false,false,false,false,false,false,false
false,false,false,false,false,false,false,false,false
false,false,false,false,false,false,false,false,false
false,false,false,false,false,false,false,false,false
false,false,false,false,false,false,false,false,false
false,false,false,false,false,false,false,false,false
false,false,false,false,false,false,false,false,false
false,false,false,false,false,false,false,false,false
false,false,false,false,false,false,false,false,false
false,false,false,false,false,false,false,false,false
false,false,false,false,false,false,false,false,false
false,false,false,false,false,false,false,false,false
false,false,false,false,false,false,false,false,false
false,false,false,false,false,false,false,false,false
false,false,false,false,false,false,false,false,false
false,false,false,false,false,false,false,false,false
false,false,false,false,false,false,false,false,false
false,false,false,false,false,false,false,false,false
false,false,false,false,false,false,false,false,false
false,false,false,false,false,false,false,false,false
false,false,false,false,false,false,false,false,false
false,false,false,false,false,false,false,false,false
false,false,false,false,false,false,false,false,false
false,false,false,false,false,false,false,false,false
false,false,false,false,false,false,false,false,false
false,false,false,false,false,false,false,false,false
false,false,false,false,false,false,false,false,false
false,false,false,false,false,false,false,false,false
false,false,false,false,false,false,false,false,false
false,false,false,false,false,false,false,false,false
false,false,false,false,false,false,false,false,false
false,false,false,false,false,false,false,false,false
false,false,false,false,false,false,false,false,false
false,false,false,false,false,false,false,false,false
false,false,false,false,false,false,false,false,false
false,false,false,false,false,false,false,false,false
false,false,false,false,false,false,false,false,false
false,false,false,false,false,false,false,false,false
false,false,false,false,false,false,false,false,false
false,false,false,false,false,false,false,false,false
false,false,false,false,false,false,false,false,false
false,false,false,false,false,false,false,false,false
false,false,false,false,false,false,false,false,false
false,false,false,false,false,false,false,false,false
false,false,false,false,false,false,false,false,false
false,false,false,false,false,false,false,false,false
false,false,false,false,false,false,false,false,false
false,false,false,false,false,false,false,false,false
false,false,false,false,false,false,false,false,false
false,false,false,false,false,false,false,false,false
false,false,false,false,false,false,false,false,false
false,false,false,false,false,false,false,false,false
false,false,false,false,false,false,false,false,false
false,false,false,false,false,false,false,false,false
false,false,false,false,false,false,false,false,false
false,false,false,false,false,false,false,false,false
false,false,false,false,false,false,false,false,false
false,false,false,false,false,false,false,false,false
false,false,false,false,false,false,false,false,false
false,false,false,false,false,false,false,false,false
false,false,false,false,false,false,false,false,false
false,false,false,false,false,false,false,false,false
false,false,false,false,false,false,false,false,false
false,false,false,false,false,false,false,false,false
false,false,false,false,false,false,false,false,false
false,false,false,false,false,false,false,false,false
false,false,false,false,false,false,false,false,false
false,false,false,false,false,false,false,false,false
false,false,false,false,false,false,false,false,false
false,false,false,false,false,false,false,false,false
false,false,false,false,false,false,false,false,false
false,false,false,false,false,false,false,false,false
false,false,false,false,false,false,false,false,false
false,false,false,false,false,false,false,false,false
false,false,false,false,false,false,false,false,false
false,false,false,false,false,false,false,false,false
false,false,false,false,false,false,false,false,false
false,false,false,false,false,false,false,false,false
false,false,false,false,false,false,false,false,false
false,false,false,false,false,false,false,false,false
false,false,false,false,false,false,false,false,false
false,false,false,false,false,false,false,false,false
false,false,false,false,false,false,false,false,false
false,false,false,false,false,false,false,false,false
false,false,false,false,false,false,false,false,false
false,false,false,false,false,false,false,false,false
false,false,false,false,false,false,false,false,false
false,false,false,false,false,false,false,false,false
false,false,false,false,false,false,false,false,false
false,false,false,false,false,false,false,false,false
false,false,false,false,false,false,false,false,false
false,false,false,false,false,false,false,false,false
false,false,false,false,false,false,false,false,false
false,false,false,false,false,false,false,false,false
false,false,false,false,false,false,false,false,false
false,false,false,false,false,false,false,false,false
false,false,false,false,false,false,false,false,false
false,false,false,false,false,false,false,false,false
false,false,false,false,false,false,false,false,false
false,false,false,false,false,false,false,false,false
false,false,false,false,false,false,false,false,false
false,false,false,false,false,false,false,false,false
false,false,false,false,false,false,false,false,false
false,false,false,false,false,false,false,false,false
false,false,false,false,false,false,false,false,false
false,false,false,false,false,false,false,false,false
false,false,false,false,false,false,false,false,false
false,false,false,false,false,false,false,false,false
false,false,false,false,false,false,false,false,false
false,false,false,false,false,false,false,false,false
false,false,false,false,false,false,false,false,false
false,false,false,false,false,false,false,false,false
false,false,false,false,false,false,false,false,false
false,false,false,false,false,false,false,false,false
false,false,false,false,false,false,false,false,false
false,false,false,false,false,false,false,false,false
false,false,false,false,false,false,false,false,false
false,false,false,false,false,false,false,false,false
false,false,false,false,false,false,false,false,false
false,false,false,false,false,false,false,false,false
false,false,false,false,false,false,false,false,false
false,false,false,false,false,false,false,false,false
false,false,false,false,false,false,false,false,false
false,false,false,false,false,false,false,false,false
false,false,false,false,false,false,false,false,false
false,false,false,false,false,false,false,false,false
false,false,false,false,false,false,false,false,false
false,false,false,false,false,false,false,false,false
false,false,false,false,false,false,false,false,false
false,false,false,false,false,false,false,false,false
false,false,false,false,false,false,false,false,false
false,false,false,false,false,false,false,false,false
false,false,false,false,false,false,false,false,false
false,false,false,false,false,false,false,false,false
false,false,false,false,false,false,false,false,false
false,false,false,false,false,false,false,false,false
false,false,false,false,false,false,false,false,false
false,false,false,false,false,false,false,false,false
false,false,false,false,false,false,false,false,false
false,false,false,false,false,false,false,false,false
false,false,false,false,false,false,false,false,false
false,false,false,false,false,false,false,false,false
false,false,false,false,false,false,false,false,false
false,false,false,false,false,false,false,false,false
false,false,false,false,false,false,false,false,false
false,false,false,false,false,false,false,false,false
false,false,false,false,false,false,false,false,false
false,false,false,false,false,false,false,false,false
false,false,false,false,false,false,false,false,false
false,false,false,false,false,false,false,false,false
false,false,false,false,false,false,false,false,false
false,false,false,false,false,false,false,false,false
false,false,false,false,false,false,false,false,false
false,false,false,false,false,false,false,false,false
false,false,false,false,false,false,false,false,false
false,false,false,false,false,false,false,false,false
false,false,false,false,false,false,false,false,false
false,false,false,false,false,false,false,false,false
false,false,false,false,false,false,false,false,false
false,false,false,false,false,false,false,false,false
false,false,false,false,false,false,false,false,false
false,false,false,false,false,false,false,false,false
false,false,false,false,false,false,false,false,false
false,false,false,false,false,false,false,false,false
false,false,false,false,false,false,false,false,false
false,false,false,false,false,false,false,false,false
false,false,false,false,false,false,false,false,false
false,false,false,false,false,false,false,false,false
false,false,false,false,false,false,false,false,false
false,false,false,false,false,false,false,false,false
false,false,false,false,false,false,false,false,false
false,false,false,false,false,false,false,false,false
false,false,false,false,false,false,false,false,false
false,false,false,false,false,false,false,false,false
false,false,false,false,false,false,false,false,false
false,false,false,false,false,false,false,false,false
false,false,false,false,false,false,false,false,false
false,false,false,false,false,false,false,false,false
false,false,false,false,false,false,false,false,false
false,false,false,false,false,false,false,false,false
false,false,false,false,false,false,false,false,false
false,false,false,false,false,false,false,false,false
false,false,false,false,false,false,false,false,false
false,false,false,false,false,false,false,false,false
false,false,false,false,false,false,false,false,false
false,false,false,false,false,false,false,false,false
false,false,false,false,false,false,false,false,false
false,false,false,false,false,false,false,false,false
false,false,false,false,false,false,false,false,false
false,false,false,false,false,false,false,false,false
false,false,false,false,false,false,false,false,false
false,false,false,false,false,false,false,false,false
false,false,false,false,false,false,false,false,false
false,false,false,false,false,false,false,false,false
false,false,false,false,false,false,false,false,false
false,false,false,false,false,false,false,false,false
false,false,false,false,false,false,false,false,false
false,false,false,false,false,false,false,false,false
false,false,false,false,false,false,false,false,false
false,false,false,false,false,false,false,false,false
false,false,false,false,false,false,false,false,false
false,false,false,false,false,false,false,false,false
false,false,false,false,false,false,false,false,false
false,false,false,false,false,false,false,false,false
false,false,false,false,false,false,false,false,false
false,false,false,false,false,false,false,false,false
false,false,false,false,false,false,false,false,false
false,false,false,false,false,false,false,false,false
false,false,false,false,false,false,false,false,false
false,false,false,false,false,false,false,false,false
false,false,false,false,false,false,false,false,false
false,false,false,false,false,false,false,false,false
false,false,false,false,false,false,false,false,false
false,false,false,false,false,false,false,false,false
false,false,false,false,false,false,false,false,false
false,false,false,false,false,false,false,false,false
false,false,false,false,false,false,false,false,false
false,false,false,false,false,false,false,false,false
false,false,false,false,false,false,false,false,false
false,false,false,false,false,false,false,false,false
false,false,false,false,false,false,false,false,false
false,false,false,false,false,false,false,false,false
false,false,false,false,false,false,false,false,false
false,false,false,false,false,false,false,false,false
false,false,false,false,false,false,false,false,false
false,false,false,false,false,false,false,false,false
false,false,false,false,false,false,false,false,false
false,false,false,false,false,false,false,false,false
false,false,false,false,false,false,false,false,false
false,false,false,false,false,false,false,false,false
false,false,false,false,false,false,false,false,false
false,false,false,false,false,false,false,false,false
false,false,false,false,false,false,false,false,false
false,false,false,false,false,false,false,false,false
false,false,false,false,false,false,false,false,false
false,false,false,false,false,false,false,false,false
false,false,false,false,false,false,false,false,false
false,false,false,false,false,false,false,false,false
false,false,false,false,false,false,false,false,false
false,false,false,false,false,false,false,false,false
false,false,false,false,false,false,false,false,false
false,false,false,false,false,false,false,false,false
false,false,false,false,false,false,false,false,false
false,false,false,false,false,false,false,false,false
false,false,false,false,false,false,false,false,false
false,false,false,false,false,false,false,false,false
false,false,false,false,false,false,false,false,false
false,false,false,false,false,false,false,false,false
false,false,false,false,false,false,false,false,false
false,false,false,false,false,false,false,false,false
false,false,false,false,false,false,false,false,false
false,false,false,false,false,false,false,false,false
false,false,false,false,false,false,false,false,false
false,false,false,false,false,false,false,false,false
false,false,false,false,false,false,false,false,false
false,false,false,false,false,false,false,false,false
false,false,false,false,false,false,false,false,false
false,false,false,false,false,false,false,false,false
false,false,false,false,false,false,false,false,false
false,false,false,false,false,false,false,false,false
false,false,false,false,false,false,false,false,false
false,false,false,false,false,false,false,false,false
false,false,false,false,false,false,false,false,false
false,false,false,false,false,false,false,false,false
false,false,false,false,false,false,false,false,false
false,false,false,false,false,false,false,false,false
false,false,false,false,false,false,false,false,false
false,false,false,false,false,false,false,false,false
false,false,false,false,false,false,false,false,false
false,false,false,false,false,false,false,false,false
false,false,false,false,false,false,false,false,false
false,false,false,false,false,false,false,false,false
false,false,false,false,false,false,false,false,false
false,false,false,false,false,false,false,false,false
false,false,false,false,false,false,false,false,false
false,false,false,false,false,false,false,false,false
false,false,false,false,false,false,false,false,false
false,false,false,false,false,false,false,false,false
false,false,false,false,false,false,false,false,false
false,false,false,false,false,false,false,false,false
false,false,false,false,false,false,false,false,false
false,false,false,false,false,false,false,false,false
false,false,false,false,false,false,false,false,false
false,false,false,false,false,false,false,false,false
false,false,false,false,false,false,false,false,false
false,false,false,false,false,false,false,false,false
false,false,false,false,false,false,false,false,false
false,false,false,false,false,false,false,false,false
false,false,false,false,false,false,false,false,false
false,false,false,false,false,false,false,false,false
false,false,false,false,false,false,false,false,false
false,false,false,false,false,false,false,false,false
false,false,false,false,false,false,false,false,false
false,false,false,false,false,false,false,false,false
false,false,false,false,false,false,false,false,false
false,false,false,false,false,false,false,false,false
false,false,false,false,false,false,false,false,false
false,false,false,false,false,false,false,false,false
false,false,false,false,false,false,false,false,false
false,false,false,false,false,false,false,false,false
false,false,false,false,false,false,false,false,false
false,false,false,false,false,false,false,false,false
false,false,false,false,false,false,false,false,false
false,false,false,false,false,false,false,false,false
false,false,false,false,false,false,false,false,false
false,false,false,false,false,false,false,false,false
false,false,false,false,false,false,false,false,false
false,false,false,false,false,false,false,false,false
false,false,false,false,false,false,false,false,false
false,false,false,false,false,false,false,false,false
false,false,false,false,false,false,false,false,false
false,false,false,false,false,false,false,false,false
false,false,false,false,false,false,false,false,false
false,false,false,false,false,false,false,false,false
false,false,false,false,false,false,false,false,false
false,false,false,false,false,false,false,false,false
false,false,false,false,false,false,false,false,false
false,false,false,false,false,false,false,false,false
false,false,false,false,false,false,false,false,false
false,false,false,false,false,false,false,false,false
false,false,false,false,false,false,false,false,false
false,false,false,false,false,false,false,false,false
false,false,false,false,false,false,false,false,false
false,false,false,false,false,false,false,false,false
false,false,false,false,false,false,false,false,false
false,false,false,false,false,false,false,false,false
false,false,false,false,false,false,false,false,false
false,false,false,false,false,false,false,false,false
false,false,false,false,false,false,false,false,false
false,false,false,false,false,false,false,false,false
false,false,false,false,false,false,false,false,false
false,false,false,false,false,false,false,false,false
false,false,false,false,false,false,false,false,false
false,false,false,false,false,false,false,false,false
false,false,false,false,false,false,false,false,false
false,false,false,false,false,false,false,false,false
false,false,false,false,false,false,false,false,false
false,false,false,false,false,false,false,false,false
false,false,false,false,false,false,false,false,false
false,false,false,false,false,false,false,false,false
false,false,false,false,false,false,false,false,false
false,false,false,false,false,false,false,false,false
false,false,false,false,false,false,false,false,false
false,false,false,false,false,false,false,false,false
false,false,false,false,false,false,false,false,false
false,false,false,false,false,false,false,false,false
false,false,false,false,false,false,false,false,false
false,false,false,false,false,false,false,false,false
false,false,false,false,false,false,false,false,false
false,false,false,false,false,false,false,false,false
false,false,false,false,false,false,false,false,false
false,false,false,false,false,false,false,false,false
false,false,false,false,false,false,false,false,false
false,false,false,false,false,false,false,false,false
false,false,false,false,false,false,false,false,false
false,false,false,false,false,false,false,false,false
false,false,false,false,false,false,false,false,false
false,false,false,false,false,false,false,false,false
false,false,false,false,false,false,false,false,false
false,false,false,false,false,false,false,false,false
false,false,false,false,false,false,false,false,false
false,false,false,false,false,false,false,false,false
false,false,false,false,false,false,false,false,false
false,false,false,false,false,false,false,false,false
false,false,false,false,false,false,false,false,false
false,false,false,false,false,false,false,false,false
false,false,false,false,false,false,false,false,false
false,false,false,false,false,false,false,false,false
false,false,false,false,false,false,false,false,false
false,false,false,false,false,false,false,false,false
false,false,false,false,false,false,false,false,false
false,false,false,false,false,false,false,false,false
false,false,false,false,false,false,false,false,false
false,false,false,false,false,false,false,false,false
false,false,false,false,false,false,false,false,false
false,false,false,false,false,false,false,false,false
false,false,false,false,false,false,false,false,false
false,false,false,false,false,false,false,false,false
false,false,false,false,false,false,false,false,false
false,false,false,false,false,false,false,false,false
false,false,false,false,false,false,false,false,false
false,false,false,false,false,false,false,false,false
false,false,false,false,false,false,false,false,false
false,false,false,false,false,false,false,false,false
false,false,false,false,false,false,false,false,false
false,false,false,false,false,false,false,false,false
false,false,false,false,false,false,false,false,false
false,false,false,false,false,false,false,false,false
false,false,false,false,false,false,false,false,false
false,false,false,false,false,false,false,false,false
false,false,false,false,false,false,false,false,false
false,false,false,false,false,false,false,false,false
false,false,false,false,false,false,false,false,false
false,false,false,false,false,false,false,false,false
false,false,false,false,false,false,false,false,false
false,false,false,false,false,false,false,false,false
false,false,false,false,false,false,false,false,false
false,false,false,false,false,false,false,false,false
false,false,false,false,false,false,false,false,false
false,false,false,false,false,false,false,false,false
false,false,false,false,false,false,false,false,false
false,false,false,false,false,false,false,false,false
false,false,false,false,false,false,false,false,false
false,false,false,false,false,false,false,false,false
false,false,false,false,false,false,false,false,false
false,false,false,false,false,false,false,false,false
false,false,false,false,false,false,false,false,false
false,false,false,false,false,false,false,false,false
false,false,false,false,false,false,false,false,false
false,false,false,false,false,false,false,false,false
false,false,false,false,false,false,false,false,false
false,false,false,false,false,false,false,false,false
false,false,false,false,false,false,false,false,false
false,false,false,false,false,false,false,false,false
false,false,false,false,false,false,false,false,false
false,false,false,false,false,false,false,false,false
false,false,false,false,false,false,false,false,false
false,false,false,false,false,false,false,false,false
false,false,false,false,false,false,false,false,false
false,false,false,false,false,false,false,false,false
false,false,false,false,false,false,false,false,false
false,false,false,false,false,false,false,false,false
false,false,false,false,false,false,false,false,false
false,false,false,false,false,false,false,false,false
false,false,false,false,false,false,false,false,false
false,false,false,false,false,false,false,false,false
false,false,false,false,false,false,false,false,false
false,false,false,false,false,false,false,false,false
false,false,false,false,false,false,false,false,false
false,false,false,false,false,false,false,false,false
false,false,false,false,false,false,false,false,false
false,false,false,false,false,false,false,false,false
false,false,false,false,false,false,false,false,false
false,false,false,false,false,false,false,false,false
false,false,false,false,false,false,false,false,false
false,false,false,false,false,false,false,false,false
false,false,false,false,false,false,false,false,false
false,false,false,false,false,false,false,false,false
false,false,false,false,false,false,false,false,false
false,false,false,false,false,false,false,false,false
false,false,false,false,false,false,false,false,false
false,false,false,false,false,false,false,false,false
false,false,false,false,false,false,false,false,false
false,false,false,false,false,false,false,false,false
false,false,false,false,false,false,false,false,false
false,false,false,false,false,false,false,false,false
false,false,false,false,false,false,false,false,false
false,false,false,false,false,false,false,false,false
false,false,false,false,false,false,false,false,false
false,false,false,false,false,false,false,false,false
false,false,false,false,false,false,false,false,false
false,false,false,false,false,false,false,false,false
false,false,false,false,false,false,false,false,false
false,false,false,false,false,false,false,false,false
false,false,false,false,false,false,false,false,false
false,false,false,false,false,false,false,false,false
false,false,false,false,false,false,false,false,false
false,false,false,false,false,false,false,false,false
false,false,false,false,false,false,false,false,false
false,false,false,false,false,false,false,false,false
false,false,false,false,false,false,false,false,false
false,false,false,false,false,false,false,false,false
false,false,false,false,false,false,false,false,false
false,false,false,false,false,false,false,false,false
false,false,false,false,false,false,false,false,false
false,false,false,false,false,false,false,false,false
false,false,false,false,false,false,false,false,false
false,false,false,false,false,false,false,false,false
false,false,false,false,false,false,false,false,false
false,false,false,false,false,false,false,false,false
false,false,false,false,false,false,false,false,false
false,false,false,false,false,false,false,false,false
false,false,false,false,false,false,false,false,false
false,false,false,false,false,false,false,false,false
false,false,false,false,false,false,false,false,false
false,false,false,false,false,false,false,false,false
false,false,false,false,false,false,false,false,false
false,false,false,false,false,false,false,false,false
false,false,false,false,false,false,false,false,false
false,false,false,false,false,false,false,false,false
false,false,false,false,false,false,false,false,false
false,false,false,false,false,false,false,false,false
false,false,false,false,false,false,false,false,false
false,false,false,false,false,false,false,false,false
false,false,false,false,false,false,false,false,false
false,false,false,false,false,false,false,false,false
false,false,false,false,false,false,false,false,false
false,false,false,false,false,false,false,false,false
false,false,false,false,false,false,false,false,false
false,false,false,false,false,false,false,false,false
false,false,false,false,false,false,false,false,false
false,false,false,false,false,false,false,false,false
false,false,false,false,false,false,false,false,false
false,false,false,false,false,false,false,false,false
false,false,false,false,false,false,false,false,false
false,false,false,false,false,false,false,false,false
false,false,false,false,false,false,false,false,false
false,false,false,false,false,false,false,false,false
false,false,false,false,false,false,false,false,false
false,false,false,false,false,false,false,false,false
false,false,false,false,false,false,false,false,false
false,false,false,false,false,false,false,false,false
false,false,false,false,false,false,false,false,false
false,false,false,false,false,false,false,false,false
false,false,false,false,false,false,false,false,false
false,false,false,false,false,false,false,false,false
false,false,false,false,false,false,false,false,false
false,false,false,false,false,false,false,false,false
false,false,false,false,false,false,false,false,false
false,false,false,false,false,false,false,false,false
false,false,false,false,false,false,false,false,false
false,false,false,false,false,false,false,false,false
false,false,false,false,false,false,false,false,false
false,false,false,false,false,false,false,false,false
false,false,false,false,false,false,false,false,false
false,false,false,false,false,false,false,false,false
false,false,false,false,false,false,false,false,false
false,false,false,false,false,false,false,false,false
false,false,false,false,false,false,false,false,false
false,false,false,false,false,false,false,false,false
false,false,false,false,false,false,false,false,false
false,false,false,false,false,false,false,false,false
false,false,false,false,false,false,false,false,false
false,false,false,false,false,false,false,false,false
false,false,false,false,false,false,false,false,false
false,false,false,false,false,false,false,false,false
false,false,false,false,false,false,false,false,false
false,false,false,false,false,false,false,false,false
false,false,false,false,false,false,false,false,false
false,false,false,false,false,false,false,false,false
false,false,false,false,false,false,false,false,false
false,false,false,false,false,false,false,false,false
false,false,false,false,false,false,false,false,false
false,false,false,false,false,false,false,false,false
false,false,false,false,false,false,false,false,false
false,false,false,false,false,false,false,false,false
false,false,false,false,false,false,false,false,false
false,false,false,false,false,false,false,false,false
false,false,false,false,false,false,false,false,false
false,false,false,false,false,false,false,false,false
false,false,false,false,false,false,false,false,false
false,false,false,false,false,false,false,false,false
false,false,false,false,false,false,false,false,false
false,false,false,false,false,false,false,false,false
false,false,false,false,false,false,false,false,false
false,false,false,false,false,false,false,false,false
false,false,false,false,false,false,false,false,false
false,false,false,false,false,false,false,false,false
false,false,false,false,false,false,false,false,false
false,false,false,false,false,false,false,false,false
false,false,false,false,false,false,false,false,false
false,false,false,false,false,false,false,false,false
false,false,false,false,false,false,false,false,false
false,false,false,false,false,false,false,false,false
false,false,false,false,false,false,false,false,false
false,false,false,false,false,false,false,false,false
false,false,false,false,false,false,false,false,false
false,false,false,false,false,false,false,false,false
false,false,false,false,false,false,false,false,false
false,false,false,false,false,false,false,false,false
false,false,false,false,false,false,false,false,false
false,false,false,false,false,false,false,false,false
false,false,false,false,false,false,false,false,false
false,false,false,false,false,false,false,false,false
false,false,false,false,false,false,false,false,false
false,false,false,false,false,false,false,false,false
false,false,false,false,false,false,false,false,false
false,false,false,false,false,false,false,false,false
false,false,false,false,false,false,false,false,false
false,false,false,false,false,false,false,false,false
false,false,false,false,false,false,false,false,false
false,false,false,false,false,false,false,false,false
false,false,false,false,false,false,false,false,false
false,false,false,false,false,false,false,false,false
false,false,false,false,false,false,false,false,false
false,false,false,false,false,false,false,false,false
false,false,false,false,false,false,false,false,false
false,false,false,false,false,false,false,false,false
false,false,false,false,false,false,false,false,false
false,false,false,false,false,false,false,false,false
false,false,false,false,false,false,false,false,false
false,false,false,false,false,false,false,false,false
false,false,false,false,false,false,false,false,false
false,false,false,false,false,false,false,false,false
false,false,false,false,false,false,false,false,false
false,false,false,false,false,false,false,false,false
false,false,false,false,false,false,false,false,false
false,false,false,false,false,false,false,false,false
false,false,false,false,false,false,false,false,false
false,false,false,false,false,false,false,false,false
false,false,false,false,false,false,false,false,false
false,false,false,false,false,false,false,false,false
false,false,false,false,false,false,false,false,false
false,false,false,false,false,false,false,false,false
false,false,false,false,false,false,false,false,false
false,false,false,false,false,false,false,false,false
false,false,false,false,false,false,false,false,false
false,false,false,false,false,false,false,false,false
false,false,false,false,false,false,false,false,false
false,false,false,false,false,false,false,false,false
false,false,false,false,false,false,false,false,false
false,false,false,false,false,false,false,false,false
false,false,false,false,false,false,false,false,false
false,false,false,false,false,false,false,false,false
false,false,false,false,false,false,false,false,false
false,false,false,false,false,false,false,false,false
false,false,false,false,false,false,false,false,false
false,false,false,false,false,false,false,false,false
false,false,false,false,false,false,false,false,false
false,false,false,false,false,false,false,false,false
false,false,false,false,false,false,false,false,false
false,false,false,false,false,false,false,false,false
false,false,false,false,false,false,false,false,false
false,false,false,false,false,false,false,false,false
false,false,false,false,false,false,false,false,false
false,false,false,false,false,false,false,false,false
false,false,false,false,false,false,false,false,false
false,false,false,false,false,false,false,false,false
false,false,false,false,false,false,false,false,false
false,false,false,false,false,false,false,false,false
false,false,false,false,false,false,false,false,false
false,false,false,false,false,false,false,false,false
false,false,false,false,false,false,false,false,false
false,false,false,false,false,false,false,false,false
false,false,false,false,false,false,false,false,false
false,false,false,false,false,false,false,false,false
false,false,false,false,false,false,false,false,false
false,false,false,false,false,false,false,false,false
false,false,false,false,false,false,false,false,false
false,false,false,false,false,false,false,false,false
false,false,false,false,false,false,false,false,false
false,false,false,false,false,false,false,false,false
false,false,false,false,false,false,false,false,false
false,false,false,false,false,false,false,false,false
false,false,false,false,false,false,false,false,false
false,false,false,false,false,false,false,false,false
false,false,false,false,false,false,false,false,false
false,false,false,false,false,false,false,false,false
false,false,false,false,false,false,false,false,false
false,false,false,false,false,false,false,false,false
false,false,false,false,false,false,false,false,false
false,false,false,false,false,false,false,false,false
false,false,false,false,false,false,false,false,false
false,false,false,false,false,false,false,false,false
false,false,false,false,false,false,false,false,false
false,false,false,false,false,false,false,false,false
false,false,false,false,false,false,false,false,false
false,false,false,false,false,false,false,false,false
false,false,false,false,false,false,false,false,false
false,false,false,false,false,false,false,false,false
false,false,false,false,false,false,false,false,false
false,false,false,false,false,false,false,false,false
false,false,false,false,false,false,false,false,false
false,false,false,false,false,false,false,false,false
false,false,false,false,false,false,false,false,false
false,false,false,false,false,false,false,false,false
false,false,false,false,false,false,false,false,false
false,false,false,false,false,false,false,false,false
false,false,false,false,false,false,false,false,false
false,false,false,false,false,false,false,false,false
false,false,false,false,false,false,false,false,false
false,false,false,false,false,false,false,false,false
false,false,false,false,false,false,false,false,false
false,false,false,false,false,false,false,false,false
false,false,false,false,false,false,false,false,false
false,false,false,false,false,false,false,false,false
false,false,false,false,false,false,false,false,false
false,false,false,false,false,false,false,false,false
false,false,false,false,false,false,false,false,false
false,false,false,false,false,false,false,false,false
false,false,false,false,false,false,false,false,false
false,false,false,false,false,false,false,false,false
false,false,false,false,false,false,false,false,false
false,false,false,false,false,false,false,false,false
false,false,false,false,false,false,false,false,false
false,false,false,false,false,false,false,false,false
false,false,false,false,false,false,false,false,false
false,false,false,false,false,false,false,false,false
false,false,false,false,false,false,false,false,false
false,false,false,false,false,false,false,false,false
false,false,false,false,false,false,false,false,false
false,false,false,false,false,false,false,false,false
false,false,false,false,false,false,false,false,false
false,false,false,false,false,false,false,false,false
false,false,false,false,false,false,false,false,false
false,false,false,false,false,false,false,false,false
false,false,false,false,false,false,false,false,false
false,false,false,false,false,false,false,false,false
false,false,false,false,false,false,false,false,false
false,false,false,false,false,false,false,false,false
false,false,false,false,false,false,false,false,false
false,false,false,false,false,false,false,false,false
false,false,false,false,false,false,false,false,false
false,false,false,false,false,false,false,false,false
false,false,false,false,false,false,false,false,false
false,false,false,false,false,false,false,false,false
false,false,false,false,false,false,false,false,false
false,false,false,false,false,false,false,false,false
false,false,false,false,false,false,false,false,false
false,false,false,false,false,false,false,false,false
false,false,false,false,false,false,false,false,false
false,false,false,false,false,false,false,false,false
false,false,false,false,false,false,false,false,false
false,false,false,false,false,false,false,false,false
false,false,false,false,false,false,false,false,false
false,false,false,false,false,false,false,false,false
false,false,false,false,false,false,false,false,false
false,false,false,false,false,false,false,false,false
false,false,false,false,false,false,false,false,false
false,false,false,false,false,false,false,false,false
false,false,false,false,false,false,false,false,false
false,false,false,false,false,false,false,false,false
false,false,false,false,false,false,false,false,false
false,false,false,false,false,false,false,false,false
false,false,false,false,false,false,false,false,false
false,false,false,false,false,false,false,false,false
false,false,false,false,false,false,false,false,false
false,false,false,false,false,false,false,false,false
false,false,false,false,false,false,false,false,false
false,false,false,false,false,false,false,false,false
false,false,false,false,false,false,false,false,false
false,false,false,false,false,false,false,false,false
false,false,false,false,false,false,false,false,false
false,false,false,false,false,false,false,false,false
false,false,false,false,false,false,false,false,false
false,false,false,false,false,false,false,false,false
false,false,false,false,false,false,false,false,false
false,false,false,false,false,false,false,false,false
false,false,false,false,false,false,false,false,false
false,false,false,false,false,false,false,false,false
false,false,false,false,false,false,false,false,false
false,false,false,false,false,false,false,false,false
false,false,false,false,false,false,false,false,false
false,false,false,false,false,false,false,false,false
false,false,false,false,false,false,false,false,false
false,false,false,false,false,false,false,false,false
false,false,false,false,false,false,false,false,false
false,false,false,false,false,false,false,false,false
false,false,false,false,false,false,false,false,false
false,false,false,false,false,false,false,false,false
false,false,false,false,false,false,false,false,false
false,false,false,false,false,false,false,false,false
false,false,false,false,false,false,false,false,false
false,false,false,false,false,false,false,false,false
false,false,false,false,false,false,false,false,false
false,false,false,false,false,false,false,false,false
false,false,false,false,false,false,false,false,false
false,false,false,false,false,false,false,false,false
false,false,false,false,false,false,false,false,false
false,false,false,false,false,false,false,false,false
false,false,false,false,false,false,false,false,false
false,false,false,false,false,false,false,false,false
false,false,false,false,false,false,false,false,false
false,false,false,false,false,false,false,false,false
false,false,false,false,false,false,false,false,false
false,false,false,false,false,false,false,false,false
false,false,false,false,false,false,false,false,false
false,false,false,false,false,false,false,false,false
false,false,false,false,false,false,false,false,false
false,false,false,false,false,false,false,false,false
false,false,false,false,false,false,false,false,false
false,false,false,false,false,false,false,false,false
false,false,false,false,false,false,false,false,false
false,false,false,false,false,false,false,false,false
false,false,false,false,false,false,false,false,false
false,false,false,false,false,false,false,false,false
false,false,false,false,false,false,false,false,false
false,false,false,false,false,false,false,false,false
false,false,false,false,false,false,false,false,false
false,false,false,false,false,false,false,false,false
false,false,false,false,false,false,false,false,false
false,false,false,false,false,false,false,false,false
false,false,false,false,false,false,false,false,false
false,false,false,false,false,false,false,false,false
false,false,false,false,false,false,false,false,false
false,false,false,false,false,false,false,false,false
false,false,false,false,false,false,false,false,false
false,false,false,false,false,false,false,false,false
false,false,false,false,false,false,false,false,false
false,false,false,false,false,false,false,false,false
false,false,false,false,false,false,false,false,false
false,false,false,false,false,false,false,false,false
false,false,false,false,false,false,false,false,false
false,false,false,false,false,false,false,false,false
false,false,false,false,false,false,false,false,false
false,false,false,false,false,false,false,false,false
false,false,false,false,false,false,false,false,false
false,false,false,false,false,false,false,false,false
false,false,false,false,false,false,false,false,false
false,false,false,false,false,false,false,false,false
false,false,false,false,false,false,false,false,false
false,false,false,false,false,false,false,false,false
false,false,false,false,false,false,false,false,false
false,false,false,false,false,false,false,false,false
false,false,false,false,false,false,false,false,false
false,false,false,false,false,false,false,false,false
false,false,false,false,false,false,false,false,false
false,false,false,false,false,false,false,false,false
false,false,false,false,false,false,false,false,false
false,false,false,false,false,false,false,false,false
false,false,false,false,false,false,false,false,false
false,false,false,false,false,false,false,false,false
false,false,false,false,false,false,false,false,false
false,false,false,false,false,false,false,false,false
false,false,false,false,false,false,false,false,false
false,false,false,false,false,false,false,false,false
false,false,false,false,false,false,false,false,false
false,false,false,false,false,false,false,false,false
false,false,false,false,false,false,false,false,false
false,false,false,false,false,false,false,false,false
false,false,false,false,false,false,false,false,false
false,false,false,false,false,false,false,false,false
false,false,false,false,false,false,false,false,false
false,false,false,false,false,false,false,false,false
false,false,false,false,false,false,false,false,false
false,false,false,false,false,false,false,false,false
false,false,false,false,false,false,false,false,false
false,false,false,false,false,false,false,false,false
false,false,false,false,false,false,false,false,false
false,false,false,false,false,false,false,false,false
false,false,false,false,false,false,false,false,false
false,false,false,false,false,false,false,false,false
false,false,false,false,false,false,false,false,false
false,false,false,false,false,false,false,false,false
false,false,false,false,false,false,false,false,false
false,false,false,false,false,false,false,false,false
false,false,false,false,false,false,false,false,false
false,false,false,false,false,false,false,false,false
false,false,false,false,false,false,false,false,false
false,false,false,false,false,false,false,false,false
false,false,false,false,false,false,false,false,false
false,false,false,false,false,false,false,false,false
false,false,false,false,false,false,false,false,false
false,false,false,false,false,false,false,false,false
false,false,false,false,false,false,false,false,false
false,false,false,false,false,false,false,false,false
false,false,false,false,false,false,false,false,false
false,false,false,false,false,false,false,false,false
false,false,false,false,false,false,false,false,false
false,false,false,false,false,false,false,false,false
false,false,false,false,false,false,false,false,false
false,false,false,false,false,false,false,false,false
false,false,false,false,false,false,false,false,false
false,false,false,false,false,false,false,false,false
false,false,false,false,false,false,false,false,false
false,false,false,false,false,false,false,false,false
false,false,false,false,false,false,false,false,false
false,false,false,false,false,false,false,false,false
false,false,false,false,false,false,false,false,false
false,false,false,false,false,false,false,false,false
false,false,false,false,false,false,false,false,false
false,false,false,false,false,false,false,false,false
false,false,false,false,false,false,false,false,false
false,false,false,false,false,false,false,false,false
false,false,false,false,false,false,false,false,false
false,false,false,false,false,false,false,false,false
false,false,false,false,false,false,false,false,false
false,false,false,false,false,false,false,false,false
false,false,false,false,false,false,false,false,false
false,false,false,false,false,false,false,false,false
false,false,false,false,false,false,false,false,false
false,false,false,false,false,false,false,false,false
false,false,false,false,false,false,false,false,false
false,false,false,false,false,false,false,false,false
false,false,false,false,false,false,false,false,false
false,false,false,false,false,false,false,false,false
false,false,false,false,false,false,false,false,false
false,false,false,false,false,false,false,false,false
false,false,false,false,false,false,false,false,false
false,false,false,false,false,false,false,false,false
false,false,false,false,false,false,false,false,false
false,false,false,false,false,false,false,false,false
false,false,false,false,false,false,false,false,false
false,false,false,false,false,false,false,false,false
false,false,false,false,false,false,false,false,false
false,false,false,false,false,false,false,false,false
false,false,false,false,false,false,false,false,false
false,false,false,false,false,false,false,false,false
false,false,false,false,false,false,false,false,false
false,false,false,false,false,false,false,false,false
false,false,false,false,false,false,false,false,false
false,false,false,false,false,false,false,false,false
false,false,false,false,false,false,false,false,false
false,false,false,false,false,false,false,false,false
false,false,false,false,false,false,false,false,false
false,false,false,false,false,false,false,false,false
false,false,false,false,false,false,false,false,false
false,false,false,false,false,false,false,false,false
false,false,false,false,false,false,false,false,false
false,false,false,false,false,false,false,false,false
false,false,false,false,false,false,false,false,false
false,false,false,false,false,false,false,false,false
false,false,false,false,false,false,false,false,false
false,false,false,false,false,false,false,false,false
false,false,false,false,false,false,false,false,false
false,false,false,false,false,false,false,false,false
false,false,false,false,false,false,false,false,false
false,false,false,false,false,false,false,false,false
false,false,false,false,false,false,false,false,false
false,false,false,false,false,false,false,false,false
false,false,false,false,false,false,false,false,false
false,false,false,false,false,false,false,false,false
false,false,false,false,false,false,false,false,false
false,false,false,false,false,false,false,false,false
false,false,false,false,false,false,false,false,false
false,false,false,false,false,false,false,false,false
false,false,false,false,false,false,false,false,false
false,false,false,false,false,false,false,false,false
false,false,false,false,false,false,false,false,false
false,false,false,false,false,false,false,false,false
false,false,false,false,false,false,false,false,false
false,false,false,false,false,false,false,false,false
false,false,false,false,false,false,false,false,false
false,false,false,false,false,false,false,false,false
false,false,false,false,false,false,false,false,false
false,false,false,false,false,false,false,false,false
false,false,false,false,false,false,false,false,false
false,false,false,false,false,false,false,false,false
false,false,false,false,false,false,false,false,false
false,false,false,false,false,false,false,false,false
false,false,false,false,false,false,false,false,false
false,false,false,false,false,false,false,false,false
false,false,false,false,false,false,false,false,false
false,false,false,false,false,false,false,false,false
false,false,false,false,false,false,false,false,false
false,false,false,false,false,false,false,false,false
false,false,false,false,false,false,false,false,false
false,false,false,false,false,false,false,false,false
false,false,false,false,false,false,false,false,false
false,false,false,false,false,false,false,false,false
false,false,false,false,false,false,false,false,false
false,false,false,false,false,false,false,false,false
false,false,false,false,false,false,false,false,false
false,false,false,false,false,false,false,false,false
false,false,false,false,false,false,false,false,false
false,false,false,false,false,false,false,false,false
false,false,false,false,false,false,false,false,false
false,false,false,false,false,false,false,false,false
false,false,false,false,false,false,false,false,false
false,false,false,false,false,false,false,false,false
false,false,false,false,false,false,false,false,false
false,false,false,false,false,false,false,false,false
false,false,false,false,false,false,false,false,false
false,false,false,false,false,false,false,false,false
false,false,false,false,false,false,false,false,false
false,false,false,false,false,false,false,false,false
false,false,false,false,false,false,false,false,false
false,false,false,false,false,false,false,false,false
false,false,false,false,false,false,false,false,false
false,false,false,false,false,false,false,false,false
false,false,false,false,false,false,false,false,false
false,false,false,false,false,false,false,false,false
false,false,false,false,false,false,false,false,false
false,false,false,false,false,false,false,false,false
false,false,false,false,false,false,false,false,false
false,false,false,false,false,false,false,false,false
false,false,false,false,false,false,false,false,false
false,false,false,false,false,false,false,false,false
false,false,false,false,false,false,false,false,false
false,false,false,false,false,false,false,false,false
false,false,false,false,false,false,false,false,false
false,false,false,false,false,false,false,false,false
false,false,false,false,false,false,false,false,false
false,false,false,false,false,false,false,false,false
false,false,false,false,false,false,false,false,false
false,false,false,false,false,false,false,false,false
false,false,false,false,false,false,false,false,false
false,false,false,false,false,false,false,false,false
false,false,false,false,false,false,false,false,false
false,false,false,false,false,false,false,false,false
false,false,false,false,false,false,false,false,false
false,false,false,false,false,false,false,false,false
false,false,false,false,false,false,false,false,false
false,false,false,false,false,false,false,false,false
false,false,false,false,false,false,false,false,false
false,false,false,false,false,false,false,false,false
false,false,false,false,false,false,false,false,false
false,false,false,false,false,false,false,false,false
false,false,false,false,false,false,false,false,false
false,false,false,false,false,false,false,false,false
false,false,false,false,false,false,false,false,false
false,false,false,false,false,false,false,false,false
false,false,false,false,false,false,false,false,false
false,false,false,false,false,false,false,false,false
false,false,false,false,false,false,false,false,false
false,false,false,false,false,false,false,false,false
false,false,false,false,false,false,false,false,false
false,false,false,false,false,false,false,false,false
false,false,false,false,false,false,false,false,false
false,false,false,false,false,false,false,false,false
false,false,false,false,false,false,false,false,false
false,false,false,false,false,false,false,false,false
false,false,false,false,false,false,false,false,false
false,false,false,false,false,false,false,false,false
false,false,false,false,false,false,false,false,false
false,false,false,false,false,false,false,false,false
false,false,false,false,false,false,false,false,false
false,false,false,false,false,false,false,false,false
false,false,false,false,false,false,false,false,false
false,false,false,false,false,false,false,false,false
false,false,false,false,false,false,false,false,false
false,false,false,false,false,false,false,false,false
false,false,false,false,false,false,false,false,false
false,false,false,false,false,false,false,false,false
false,false,false,false,false,false,false,false,false
false,false,false,false,false,false,false,false,false
false,false,false,false,false,false,false,false,false
false,false,false,false,false,false,false,false,false
false,false,false,false,false,false,false,false,false
false,false,false,false,false,false,false,false,false
false,false,false,false,false,false,false,false,false
false,false,false,false,false,false,false,false,false
false,false,false,false,false,false,false,false,false
false,false,false,false,false,false,false,false,false
false,false,false,false,false,false,false,false,false
false,false,false,false,false,false,false,false,false
false,false,false,false,false,false,false,false,false
false,false,false,false,false,false,false,false,false
false,false,false,false,false,false,false,false,false
false,false,false,false,false,false,false,false,false
false,false,false,false,false,false,false,false,false
false,false,false,false,false,false,false,false,false
false,false,false,false,false,false,false,false,false
false,false,false,false,false,false,false,false,false
false,false,false,false,false,false,false,false,false
false,false,false,false,false,false,false,false,false
false,false,false,false,false,false,false,false,false
false,false,false,false,false,false,false,false,false
false,false,false,false,false,false,false,false,false
false,false,false,false,false,false,false,false,false
false,false,false,false,false,false,false,false,false
false,false,false,false,false,false,false,false,false
false,false,false,false,false,false,false,false,false
false,false,false,false,false,false,false,false,false
false,false,false,false,false,false,false,false,false
false,false,false,false,false,false,false,false,false
false,false,false,false,false,false,false,false,false
false,false,false,false,false,false,false,false,false
false,false,false,false,false,false,false,false,false
false,false,false,false,false,false,false,false,false
false,false,false,false,false,false,false,false,false
false,false,false,false,false,false,false,false,false
false,false,false,false,false,false,false,false,false
false,false,false,false,false,false,false,false,false
false,false,false,false,false,false,false,false,false
false,false,false,false,false,false,false,false,false
false,false,false,false,false,false,false,false,false
false,false,false,false,false,false,false,false,false
false,false,false,false,false,false,false,false,false
false,false,false,false,false,false,false,false,false
false,false,false,false,false,false,false,false,false
false,false,false,false,false,false,false,false,false
false,false,false,false,false,false,false,false,false
false,false,false,false,false,false,false,false,false
false,false,false,false,false,false,false,false,false
false,false,false,false,false,false,false,false,false
false,false,false,false,false,false,false,false,false
false,false,false,false,false,false,false,false,false
false,false,false,false,false,false,false,false,false
false,false,false,false,false,false,false,false,false
false,false,false,false,false,false,false,false,false
false,false,false,false,false,false,false,false,false
false,false,false,false,false,false,false,false,false
false,false,false,false,false,false,false,false,false
false,false,false,false,false,false,false,false,false
false,false,false,false,false,false,false,false,false
false,false,false,false,false,false,false,false,false
false,false,false,false,false,false,false,false,false
false,false,false,false,false,false,false,false,false
false,false,false,false,false,false,false,false,false
false,false,false,false,false,false,false,false,false
false,false,false,false,false,false,false,false,false
false,false,false,false,false,false,false,false,false
false,false,false,false,false,false,false,false,false
false,false,false,false,false,false,false,false,false
false,false,false,false,false,false,false,false,false
false,false,false,false,false,false,false,false,false
false,false,false,false,false,false,false,false,false
false,false,false,false,false,false,false,false,false
false,false,false,false,false,false,false,false,false
false,false,false,false,false,false,false,false,false
false,false,false,false,false,false,false,false,false
false,false,false,false,false,false,false,false,false
false,false,false,false,false,false,false,false,false
false,false,false,false,false,false,false,false,false
false,false,false,false,false,false,false,false,false
false,false,false,false,false,false,false,false,false
false,false,false,false,false,false,false,false,false
false,false,false,false,false,false,false,false,false
false,false,false,false,false,false,false,false,false
false,false,false,false,false,false,false,false,false
false,false,false,false,false,false,false,false,false
false,false,false,false,false,false,false,false,false
false,false,false,false,false,false,false,false,false
false,false,false,false,false,false,false,false,false
false,false,false,false,false,false,false,false,false
false,false,false,false,false,false,false,false,false
false,false,false,false,false,false,false,false,false
false,false,false,false,false,false,false,false,false
false,false,false,false,false,false,false,false,false
false,false,false,false,false,false,false,false,false
false,false,false,false,false,false,false,false,false
false,false,false,false,false,false,false,false,false
false,false,false,false,false,false,false,false,false
false,false,false,false,false,false,false,false,false
false,false,false,false,false,false,false,false,false
false,false,false,false,false,false,false,false,false
false,false,false,false,false,false,false,false,false
false,false,false,false,false,false,false,false,false
false,false,false,false,false,false,false,false,false
false,false,false,false,false,false,false,false,false
false,false,false,false,false,false,false,false,false
false,false,false,false,false,false,false,false,false
false,false,false,false,false,false,false,false,false
false,false,false,false,false,false,false,false,false
false,false,false,false,false,false,false,false,false
false,false,false,false,false,false,false,false,false
false,false,false,false,false,false,false,false,false
false,false,false,false,false,false,false,false,false
false,false,false,false,false,false,false,false,false
false,false,false,false,false,false,false,false,false
false,false,false,false,false,false,false,false,false
false,false,false,false,false,false,false,false,false
false,false,false,false,false,false,false,false,false
false,false,false,false,false,false,false,false,false
false,false,false,false,false,false,false,false,false
false,false,false,false,false,false,false,false,false
false,false,false,false,false,false,false,false,false
false,false,false,false,false,false,false,false,false
false,false,false,false,false,false,false,false,false
false,false,false,false,false,false,false,false,false
false,false,false,false,false,false,false,false,false
false,false,false,false,false,false,false,false,false
false,false,false,false,false,false,false,false,false
false,false,false,false,false,false,false,false,false
false,false,false,false,false,false,false,false,false
false,false,false,false,false,false,false,false,false
false,false,false,false,false,false,false,false,false
false,false,false,false,false,false,false,false,false
false,false,false,false,false,false,false,false,false
false,false,false,false,false,false,false,false,false
false,false,false,false,false,false,false,false,false
false,false,false,false,false,false,false,false,false
false,false,false,false,false,false,false,false,false
false,false,false,false,false,false,false,false,false
false,false,false,false,false,false,false,false,false
false,false,false,false,false,false,false,false,false
false,false,false,false,false,false,false,false,false
false,false,false,false,false,false,false,false,false
false,false,false,false,false,false,false,false,false
